series { title="R35 monthly CPI index" start=2015.1 period=12 data=(
100.3 100.40000000000001 99.900000000000006 99.799999999999997 99.700000000000003 99.700000000000003
99.299999999999997 99.299999999999997 99.799999999999997 100.2 100.2 101.2
101.7 102 100.7 100.09999999999999 100 100.09999999999999
99.599999999999994 99.799999999999997 100.7 101.09999999999999 101.40000000000001 102.2
104 104.2 103.90000000000001 103.59999999999999 103.59999999999999 103.59999999999999
103.40000000000001 103.59999999999999 104.3 105.5 105.7 106
107.90000000000001 108.09999999999999 108.2 108.59999999999999 108.59999999999999 108.59999999999999
108.3 108.5 110 110.5 109.90000000000001 110
112.2 112.59999999999999 112.3 112.40000000000001 112.5 112.59999999999999
112.90000000000001 113 115 115.5 115.09999999999999 115.59999999999999
118.3 119 118.7 118.90000000000001 118.7 119.09999999999999
119.2 119.5 120.59999999999999 121 120.7 121.09999999999999
122.2 122.2 122.40000000000001 122.5 123.09999999999999 124.7
124.59999999999999 125.09999999999999 126.8 127.40000000000001 128.19999999999999 129.90000000000001
135.5 137 137.5 138.30000000000001 138.69999999999999 139.5
140.40000000000001 141.19999999999999 146.59999999999999 148.40000000000001 150.40000000000001 151.59999999999999
156.59999999999999 159.69999999999999 160.09999999999999 160.19999999999999 160.30000000000001 160.80000000000001
162.30000000000001 163.09999999999999 166.40000000000001 167.59999999999999 167 166.90000000000001
170.40000000000001 171.80000000000001 172 171.30000000000001 172.19999999999999 172.30000000000001
172.69999999999999 172.59999999999999 173.5 174.30000000000001 172.69999999999999 173
175.09999999999999 177.90000000000001 177.69999999999999 177.69999999999999 178.90000000000001 179.09999999999999
179.19999999999999 179.19999999999999 181.69999999999999 182.80000000000001 183.59999999999999 184.90000000000001
187 186.59999999999999 187.5 188.40000000000001 188.90000000000001 188.5
189.19999999999999
) }
transform { function=log }
automdl { }
outlier { types=(ao ls tc) }
x11 { mode=mult save=(d10 d11 d12 d13) appendfcst=no appendbcst=no savelog=all }
spectrum { logqs=yes robustsa=no print=all savelog=all }
check { }
