series { title="R35 monthly CPI index" start=2015.1 period=12 data=(
99.299999999999997 99.599999999999994 99.900000000000006 99.900000000000006 100.09999999999999 100.09999999999999
100.3 100.8 99.700000000000003 100 99.799999999999997 100.5
99.900000000000006 99.900000000000006 99.900000000000006 100 100.09999999999999 99.799999999999997
100.5 100 99.799999999999997 99.700000000000003 99.299999999999997 100.09999999999999
99.5 99.799999999999997 99.900000000000006 100.5 100 100.5
101.2 100.7 100.3 99.900000000000006 99.599999999999994 100.40000000000001
99.700000000000003 100.40000000000001 100.90000000000001 101 100.5 101.90000000000001
101.90000000000001 101.59999999999999 92.799999999999997 92 91.700000000000003 92.400000000000006
91.700000000000003 92.5 92.400000000000006 93.099999999999994 92.400000000000006 92.700000000000003
93.799999999999997 94.200000000000003 93.599999999999994 94.099999999999994 93.900000000000006 94.200000000000003
93.900000000000006 97 94.400000000000006 93.799999999999997 94.599999999999994 94.900000000000006
96.099999999999994 96.200000000000003 94.5 94.400000000000006 94.400000000000006 94.400000000000006
95.400000000000006 95.400000000000006 95.400000000000006 95.400000000000006 95.900000000000006 96.099999999999994
96.700000000000003 98.700000000000003 98.299999999999997 99.799999999999997 98 100.09999999999999
99.900000000000006 100.40000000000001 100.90000000000001 111.09999999999999 112.2 112
115.7 116 113.5 115.8 112.40000000000001 118
118.40000000000001 120 122.7 124.40000000000001 123.09999999999999 125.09999999999999
127.8 125.09999999999999 125.90000000000001 124.5 122 127.5
126.7 128.09999999999999 131.90000000000001 129.30000000000001 129.19999999999999 131.69999999999999
132.5 132.80000000000001 130.09999999999999 133.80000000000001 133.40000000000001 135.09999999999999
132.19999999999999 133.69999999999999 134.40000000000001 136.19999999999999 134.59999999999999 135.19999999999999
137.30000000000001 136.69999999999999 133.80000000000001 134.80000000000001 133.09999999999999 135.69999999999999
135.80000000000001 135.59999999999999 136.59999999999999 136.90000000000001 137.5 137.90000000000001
141 140.59999999999999
) }
transform { function=log }
automdl { }
outlier { types=(ao ls tc) }
x11 { mode=mult save=(d10 d11 d12 d13) appendfcst=no appendbcst=no savelog=all }
spectrum { logqs=yes robustsa=no print=all savelog=all }
check { }
