series { title="R35 monthly CPI index" start=2015.1 period=12 data=(
99.900000000000006 97.299999999999997 100.09999999999999 101.2 102.8 103.40000000000001
103.40000000000001 102.3 100 98 96.400000000000006 95
92.900000000000006 90.599999999999994 90.5 92.299999999999997 94.400000000000006 97
96.799999999999997 95.5 95.799999999999997 96.599999999999994 96.799999999999997 98.299999999999997
100.59999999999999 101.40000000000001 101.09999999999999 101 100.3 98.900000000000006
97.5 97.599999999999994 98.599999999999994 99.200000000000003 100.2 100.2
101.09999999999999 101.3 100.8 101.8 104.5 106.7
106.7 106.7 107.2 108.2 108 105.5
103.5 103 103.90000000000001 106.59999999999999 108.40000000000001 108.40000000000001
107.59999999999999 107.40000000000001 107.2 107.40000000000001 107.09999999999999 106.90000000000001
108 107.09999999999999 103.40000000000001 96.400000000000006 94.900000000000006 96.700000000000003
99.599999999999994 99.900000000000006 99.5 100 99.799999999999997 100.5
101 102.2 105.90000000000001 108 109 110.3
112.7 113.5 114.2 118.7 122.3 121
122.2 125.5 142.40000000000001 140.09999999999999 143.59999999999999 147.59999999999999
148 138.80000000000001 135.90000000000001 140.80000000000001 139.40000000000001 130.5
130.5 132.09999999999999 131.09999999999999 130.90000000000001 128.09999999999999 128.5
129.90000000000001 135.5 137.80000000000001 137.69999999999999 135.40000000000001 131.69999999999999
132.19999999999999 136.40000000000001 140.69999999999999 143.30000000000001 141.69999999999999 138.40000000000001
139.80000000000001 137.90000000000001 134 133.80000000000001 134.59999999999999 134.90000000000001
137.09999999999999 137.90000000000001 135.30000000000001 133.19999999999999 131.69999999999999 132.59999999999999
133.90000000000001 133.19999999999999 132.69999999999999 132.80000000000001 134.09999999999999 132.80000000000001
131.80000000000001 132.90000000000001 148.80000000000001 155.90000000000001 155.19999999999999 147.09999999999999
150.5
) }
transform { function=log }
automdl { }
outlier { types=(ao ls tc) }
x11 { mode=mult save=(d10 d11 d12 d13) appendfcst=no appendbcst=no savelog=all }
spectrum { logqs=yes robustsa=no print=all savelog=all }
check { }
