series { title="R35 monthly CPI index" start=2015.1 period=12 data=(
99.599999999999994 99.5 99.5 99.599999999999994 100 100.09999999999999
100.09999999999999 100.09999999999999 100.3 100.5 100.40000000000001 100.5
100.7 100.5 100.40000000000001 100.5 101.09999999999999 101
101 101.2 101.40000000000001 101.7 101.8 102.5
103 103.40000000000001 103.7 104.09999999999999 104.90000000000001 105.40000000000001
105.8 106.40000000000001 106.7 107.09999999999999 107.09999999999999 107.3
107.3 107.3 107.5 108.3 108.90000000000001 109.2
109.59999999999999 110.7 111.40000000000001 112.40000000000001 113 113.5
113.7 113.59999999999999 113.59999999999999 114.3 115 115.40000000000001
115.59999999999999 116.09999999999999 116.3 117 117.59999999999999 118
118.09999999999999 117.8 117.59999999999999 117.5 117.90000000000001 118.2
118.3 118.09999999999999 118.3 118.7 119.40000000000001 119.8
120.2 120.40000000000001 120.5 121 122 123.5
125.40000000000001 127.8 130.5 133.90000000000001 136.5 137.40000000000001
138.5 139.30000000000001 140.19999999999999 142.40000000000001 145.30000000000001 148.30000000000001
149.59999999999999 150.80000000000001 151.90000000000001 152.69999999999999 152.69999999999999 152.40000000000001
151.09999999999999 150 149.69999999999999 149.40000000000001 149.80000000000001 150.5
150.90000000000001 151.40000000000001 152 152.69999999999999 153.40000000000001 153.30000000000001
151.69999999999999 151.5 151.09999999999999 150.90000000000001 151.30000000000001 151.69999999999999
152.30000000000001 153.19999999999999 154.09999999999999 155.30000000000001 155.69999999999999 155.90000000000001
156.09999999999999 156.19999999999999 156.5 157.09999999999999 158.30000000000001 159.09999999999999
159.69999999999999 160.69999999999999 161.59999999999999 162.69999999999999 163.09999999999999 163.69999999999999
164 164.19999999999999 164.90000000000001 165.59999999999999 166.69999999999999 167.30000000000001
168.80000000000001 169.40000000000001
) }
transform { function=log }
automdl { }
outlier { types=(ao ls tc) }
x11 { mode=mult save=(d10 d11 d12 d13) appendfcst=no appendbcst=no savelog=all }
spectrum { logqs=yes robustsa=no print=all savelog=all }
check { }
