series { title="R35 monthly CPI index" start=2015.1 period=12 data=(
101.90000000000001 100.90000000000001 100.2 100.59999999999999 100.40000000000001 100
100.90000000000001 99.900000000000006 99.5 97.799999999999997 97.900000000000006 99.900000000000006
99.5 99.400000000000006 96.900000000000006 97.700000000000003 96.5 96.900000000000006
97.200000000000003 97.400000000000006 96.900000000000006 96.400000000000006 94.599999999999994 94.900000000000006
95.700000000000003 93.599999999999994 95.599999999999994 96.799999999999997 95.5 94.799999999999997
95 94.900000000000006 95.700000000000003 94.599999999999994 94.900000000000006 95.400000000000006
95.700000000000003 95.400000000000006 96.200000000000003 96.200000000000003 98.099999999999994 97.099999999999994
98.799999999999997 99.200000000000003 98.900000000000006 99.400000000000006 97.599999999999994 98
97.799999999999997 97 97.400000000000006 96.5 98 98.599999999999994
100 98.599999999999994 98.599999999999994 97.900000000000006 100.40000000000001 101.09999999999999
100.59999999999999 102.09999999999999 100 102.59999999999999 101.8 101.5
100.8 100.90000000000001 101.7 102.5 102.3 100.3
103.59999999999999 101.2 99.400000000000006 101 99.900000000000006 100.09999999999999
100.2 101.59999999999999 101.90000000000001 100.7 101.40000000000001 102.2
105.5 105.3 106.59999999999999 107.5 110.09999999999999 112.7
115.2 116.09999999999999 120.2 118.5 121.09999999999999 120.59999999999999
125.59999999999999 127.40000000000001 130.19999999999999 135 134 132.09999999999999
129.09999999999999 127.7 128.19999999999999 127.40000000000001 127 123.59999999999999
125.3 125.09999999999999 122.40000000000001 126 124.59999999999999 122.7
123.90000000000001 124.40000000000001 126.09999999999999 124.40000000000001 123.09999999999999 122.59999999999999
123.5 124 122.5 123.59999999999999 123 122.2
122.5 121.5 120.8 120.90000000000001 119.90000000000001 120.90000000000001
121.7 121.90000000000001 120.59999999999999 121.59999999999999 120.5 120.7
121.09999999999999
) }
transform { function=log }
automdl { }
outlier { types=(ao ls tc) }
x11 { mode=mult save=(d10 d11 d12 d13) appendfcst=no appendbcst=no savelog=all }
spectrum { logqs=yes robustsa=no print=all savelog=all }
check { }
