series { title="R35 monthly CPI index" start=2015.1 period=12 data=(
99.599999999999994 99.599999999999994 99.599999999999994 99.599999999999994 99.599999999999994 99.599999999999994
99.599999999999994 99.599999999999994 100.8 100.8 100.7 100.8
100.8 100.7 100.7 100.59999999999999 100.59999999999999 100.7
100.7 100.7 102.59999999999999 102.59999999999999 102.59999999999999 102.59999999999999
102.7 102.8 102.8 102.8 102.8 102.8
102.8 102.8 104.2 104.2 104.2 104.2
104.2 104.3 104.3 104.3 104.3 104.40000000000001
104.40000000000001 104.40000000000001 106.5 106.5 106.5 106.59999999999999
106.5 106.59999999999999 106.59999999999999 106.59999999999999 106.59999999999999 106.59999999999999
106.59999999999999 106.59999999999999 110.5 110.59999999999999 110.59999999999999 110.59999999999999
110.8 110.90000000000001 111 111 110.90000000000001 111
111 111 113.8 113.8 113.90000000000001 113.90000000000001
114 114 114 114.09999999999999 114 114.09999999999999
114.09999999999999 114.09999999999999 115.3 115.5 115.5 115.5
115.90000000000001 116 116.2 116.3 116.3 116.40000000000001
116.40000000000001 116.40000000000001 123.90000000000001 124 124.2 124.2
124.3 124.59999999999999 124.59999999999999 124.7 124.7 124.8
124.8 124.8 132 132.09999999999999 132.09999999999999 132.09999999999999
132.69999999999999 132.80000000000001 132.80000000000001 132.90000000000001 132.90000000000001 132.90000000000001
132.90000000000001 133 146.90000000000001 147 147.09999999999999 147.09999999999999
147.40000000000001 147.69999999999999 147.69999999999999 147.69999999999999 147.69999999999999 147.90000000000001
147.90000000000001 147.90000000000001 153 153.09999999999999 153.09999999999999 153.09999999999999
153.30000000000001 153.5 153.59999999999999 153.59999999999999 153.69999999999999 153.80000000000001
153.90000000000001 153.90000000000001
) }
transform { function=log }
automdl { }
outlier { types=(ao ls tc) }
x11 { mode=mult save=(d10 d11 d12 d13) appendfcst=no appendbcst=no savelog=all }
spectrum { logqs=yes robustsa=no print=all savelog=all }
check { }
