series { title="R35 monthly CPI index" start=2015.1 period=12 data=(
98 99.900000000000006 100.8 101.40000000000001 101.59999999999999 101.59999999999999
101.40000000000001 100.40000000000001 98.700000000000003 98.700000000000003 98.299999999999997 99.200000000000003
97.700000000000003 98.400000000000006 100.3 100.2 100.2 99.700000000000003
100.40000000000001 98.200000000000003 98.299999999999997 99 98.700000000000003 99
98.5 98.700000000000003 100.2 101 101.09999999999999 101.09999999999999
100.90000000000001 97.900000000000006 97.900000000000006 99.200000000000003 98.599999999999994 98.799999999999997
97.799999999999997 97.400000000000006 99.900000000000006 100.40000000000001 100.7 100.40000000000001
99.400000000000006 97.799999999999997 100.2 100.3 99.700000000000003 99.400000000000006
98.099999999999994 97.700000000000003 99.400000000000006 98 100.3 100.5
100.90000000000001 97.299999999999997 97.099999999999994 99.099999999999994 99.599999999999994 99.5
98.599999999999994 98.700000000000003 98.200000000000003 101.40000000000001 102.2 101.5
102.40000000000001 101.59999999999999 101.7 105.40000000000001 106.09999999999999 106.90000000000001
101.5 101.7 102.90000000000001 106.40000000000001 107.3 107.3
107.59999999999999 107.8 107.8 108.3 113.8 115.5
111.40000000000001 111.90000000000001 114.2 116 116.90000000000001 115.40000000000001
116.5 116.8 117 122.09999999999999 123 123
118 118.3 118.09999999999999 119.7 118.7 118.8
117.90000000000001 117.8 118.09999999999999 118.09999999999999 119 120.2
118.8 118.8 121.5 120.5 120.5 120.40000000000001
120.59999999999999 119.7 119.59999999999999 120.7 122.2 123.09999999999999
119.40000000000001 119.3 123.5 120.59999999999999 120.40000000000001 119.7
120.3 119.5 119.5 119.40000000000001 119.7 121.59999999999999
120.09999999999999 121 121.5 121.8 122.2 122
122.09999999999999 121.2
) }
transform { function=log }
automdl { }
outlier { types=(ao ls tc) }
x11 { mode=mult save=(d10 d11 d12 d13) appendfcst=no appendbcst=no savelog=all }
spectrum { logqs=yes robustsa=no print=all savelog=all }
check { }
