series { title="R35 monthly CPI index" start=2015.1 period=12 data=(
99.900000000000006 99.900000000000006 99.900000000000006 99.900000000000006 99.900000000000006 100.09999999999999
100.09999999999999 100.09999999999999 100.09999999999999 100.09999999999999 100.09999999999999 100.09999999999999
101.40000000000001 101.40000000000001 101.40000000000001 102.40000000000001 102.40000000000001 102.40000000000001
102.40000000000001 102.40000000000001 102.40000000000001 102.40000000000001 102.40000000000001 102.40000000000001
102.8 102.8 102.8 102.90000000000001 102.90000000000001 102.90000000000001
102.90000000000001 102.90000000000001 102.90000000000001 102.90000000000001 102.90000000000001 102.90000000000001
103.59999999999999 103.59999999999999 103.59999999999999 103.7 103.7 103.7
103.7 103.8 103.8 103.8 103.8 103.8
105.7 105.8 105.8 105.8 105.8 105.8
105.90000000000001 105.90000000000001 105.90000000000001 105.90000000000001 105.90000000000001 105.90000000000001
111.8 111.8 111.8 111.8 109.5 109.59999999999999
109.59999999999999 109.59999999999999 109.59999999999999 109.7 109.7 109.7
114.40000000000001 114.59999999999999 114.59999999999999 114.59999999999999 114.7 114.7
114.7 114.8 114.8 114.90000000000001 114.90000000000001 114.90000000000001
119.8 119.8 119.90000000000001 119.90000000000001 120 120.09999999999999
120.5 120.59999999999999 120.7 120.8 120.8 120.8
138.90000000000001 139.19999999999999 139.30000000000001 139.30000000000001 139.40000000000001 138.5
138.90000000000001 139 139.09999999999999 139.19999999999999 139.30000000000001 139.40000000000001
150.19999999999999 150.30000000000001 150.30000000000001 150.30000000000001 150.5 150.5
151 151.30000000000001 151.40000000000001 151.40000000000001 151.5 151.5
156 156 156.30000000000001 156.30000000000001 156.40000000000001 156.59999999999999
156.90000000000001 157.30000000000001 157.30000000000001 157.30000000000001 157.40000000000001 157.40000000000001
161.5 161.59999999999999 161.59999999999999 161.80000000000001 161.90000000000001 162
162.30000000000001 162.30000000000001
) }
transform { function=log }
automdl { }
outlier { types=(ao ls tc) }
x11 { mode=mult save=(d10 d11 d12 d13) appendfcst=no appendbcst=no savelog=all }
spectrum { logqs=yes robustsa=no print=all savelog=all }
check { }
