series { title="R35 monthly CPI index" start=2015.1 period=12 data=(
99 98.700000000000003 99 99.900000000000006 100.3 100.8
101.2 101.59999999999999 100.90000000000001 100.3 99.400000000000006 99
99 99.200000000000003 99.900000000000006 100.59999999999999 100.59999999999999 100.8
102.09999999999999 102.09999999999999 101.3 100.8 100 100.5
100.40000000000001 100.90000000000001 101.40000000000001 102.09999999999999 102.8 103.40000000000001
103.7 104.2 103 102.5 101.59999999999999 102.09999999999999
102 102.40000000000001 103 105.09999999999999 106 106
107.90000000000001 108 107.40000000000001 106.5 105.3 105.7
104.8 104.7 106 108 108.7 108.8
110.2 110.5 110.59999999999999 109.90000000000001 108.8 109.2
109.40000000000001 110.7 111 111 111.5 111.3
111.90000000000001 112.2 111 109.5 109.5 109.3
109.5 109.5 109.7 109.8 110.5 111
113 114.2 113.59999999999999 113.2 113.3 113.5
115 117.2 121.2 125.59999999999999 130.5 134.5
135.69999999999999 137.09999999999999 137.30000000000001 136.5 136.19999999999999 137.69999999999999
137.90000000000001 140.80000000000001 144.30000000000001 147.5 149.40000000000001 152.69999999999999
154.09999999999999 155.09999999999999 154.09999999999999 153.09999999999999 152.59999999999999 153.40000000000001
153.80000000000001 154.40000000000001 157.30000000000001 161.09999999999999 164.69999999999999 165.09999999999999
167.69999999999999 168.30000000000001 167.69999999999999 166.90000000000001 166 167.19999999999999
167.19999999999999 167.90000000000001 170 174.30000000000001 177.40000000000001 178.09999999999999
179.09999999999999 179.40000000000001 178.69999999999999 177.90000000000001 177.30000000000001 178.30000000000001
178.59999999999999 179.40000000000001 181 185.5 188.90000000000001 189
190.5
) }
transform { function=log }
automdl { }
outlier { types=(ao ls tc) }
x11 { mode=mult save=(d10 d11 d12 d13) appendfcst=no appendbcst=no savelog=all }
spectrum { logqs=yes robustsa=no print=all savelog=all }
check { }
