series { title="R35 monthly CPI index" start=2015.1 period=12 data=(
99.5 99.299999999999997 100.5 100.59999999999999 101.3 100.40000000000001
99.700000000000003 100 100 100 99.5 99.5
100.8 99.900000000000006 100.3 100.5 100.90000000000001 100.8
100.90000000000001 100.7 101.09999999999999 100.90000000000001 100.8 99.200000000000003
100 99.599999999999994 100.40000000000001 100.40000000000001 100.59999999999999 100
99.5 100.2 101.59999999999999 100.8 100.7 99.599999999999994
101.8 101.59999999999999 103 102.59999999999999 102.09999999999999 102.8
103.5 103.40000000000001 102.8 104.90000000000001 104.2 103.3
103.2 104.40000000000001 105.09999999999999 106.7 106 106.5
107.2 108.09999999999999 106.7 110.59999999999999 109.2 108.09999999999999
107.59999999999999 109.3 109.7 110.90000000000001 110.2 111.5
111.8 111.40000000000001 112 113.3 111.3 110.2
111.90000000000001 110.3 110.8 112.59999999999999 112 111.7
114 113.7 115 121.7 121.40000000000001 121.7
123 125.8 127.40000000000001 129.09999999999999 130.30000000000001 131.59999999999999
133.59999999999999 136.40000000000001 137.59999999999999 139.40000000000001 141.80000000000001 141.09999999999999
141.90000000000001 145.90000000000001 143.59999999999999 145.90000000000001 144.30000000000001 142.30000000000001
146.30000000000001 145 146.09999999999999 149.19999999999999 148.69999999999999 149.19999999999999
150.19999999999999 151.30000000000001 148.90000000000001 153.09999999999999 152.5 152.09999999999999
152.5 151.30000000000001 154.90000000000001 157.09999999999999 158.69999999999999 158.30000000000001
159.90000000000001 160.90000000000001 159.5 164.30000000000001 162.5 164.90000000000001
164.90000000000001 164.30000000000001 165.5 166.69999999999999 166.59999999999999 165.30000000000001
168.5 167.69999999999999 167 169.40000000000001 168.90000000000001 170.19999999999999
171 172.09999999999999
) }
transform { function=log }
automdl { }
outlier { types=(ao ls tc) }
x11 { mode=mult save=(d10 d11 d12 d13) appendfcst=no appendbcst=no savelog=all }
spectrum { logqs=yes robustsa=no print=all savelog=all }
check { }
