series { title="R35 monthly CPI index" start=2015.1 period=12 data=(
99.700000000000003 99.900000000000006 100 100 100 100.09999999999999
100.09999999999999 100.09999999999999 100 100.09999999999999 100.09999999999999 100.09999999999999
100.40000000000001 100.40000000000001 100.40000000000001 100.59999999999999 98.900000000000006 98.900000000000006
98.900000000000006 99 99 99.099999999999994 99.099999999999994 99.099999999999994
99.5 98.799999999999997 98.799999999999997 98.799999999999997 98.700000000000003 98.700000000000003
98.700000000000003 98.700000000000003 98.700000000000003 98.799999999999997 98.900000000000006 98.900000000000006
100.40000000000001 100.09999999999999 100 100 100 101.09999999999999
101.09999999999999 101.40000000000001 101.40000000000001 101.40000000000001 101.7 101.8
105.2 106.3 107.7 107.7 108 108.2
108.2 108.3 108.3 108.3 109.09999999999999 109.5
111.09999999999999 111.09999999999999 112 111.90000000000001 112 112
112.09999999999999 112.09999999999999 112.09999999999999 109.40000000000001 109.40000000000001 109.40000000000001
108.90000000000001 108.90000000000001 108.8 108.8 108.8 108.8
108.8 108.90000000000001 109.5 111.90000000000001 100 100.09999999999999
129.30000000000001 133.59999999999999 137.59999999999999 143.40000000000001 145.69999999999999 148.69999999999999
151.09999999999999 152.69999999999999 162.90000000000001 121.40000000000001 131.59999999999999 133.40000000000001
195.80000000000001 195.09999999999999 194.19999999999999 194.80000000000001 195.30000000000001 195.69999999999999
194.90000000000001 195.59999999999999 191.40000000000001 187.80000000000001 189.69999999999999 190.80000000000001
205 204.59999999999999 203.69999999999999 203 202.69999999999999 202.40000000000001
201.09999999999999 201.19999999999999 199.80000000000001 199.80000000000001 200.30000000000001 199.19999999999999
198.40000000000001 197.69999999999999 196.80000000000001 196.40000000000001 196.09999999999999 195.59999999999999
195.30000000000001 194.90000000000001 193.59999999999999 193 191.69999999999999 191.40000000000001
183.69999999999999 183 182.59999999999999 182.69999999999999 182.40000000000001 182.19999999999999
182.19999999999999
) }
transform { function=log }
automdl { }
outlier { types=(ao ls tc) }
x11 { mode=mult save=(d10 d11 d12 d13) appendfcst=no appendbcst=no savelog=all }
spectrum { logqs=yes robustsa=no print=all savelog=all }
check { }
