series { title="R35 monthly CPI index" start=2015.1 period=12 data=(
101.8 100.59999999999999 99.400000000000006 99.599999999999994 99.900000000000006 100.3
101.2 99.299999999999997 100.3 100.2 98.799999999999997 98.599999999999994
104.09999999999999 104.2 103 106.40000000000001 103.40000000000001 102.8
104.2 103.09999999999999 103 103.5 103.7 101.59999999999999
104.59999999999999 103.7 104.7 102 102.7 102.2
103.7 103.59999999999999 103.40000000000001 103.7 104.09999999999999 103.3
109 106.2 105.40000000000001 106.3 106.3 105.59999999999999
105.8 104.7 106.5 106.40000000000001 106.3 104.7
111.40000000000001 108.3 110.09999999999999 106.09999999999999 109.8 108.09999999999999
107.2 108.59999999999999 109.59999999999999 109.7 109.59999999999999 108.3
117.2 112.3 115.09999999999999 112.2 114.40000000000001 115.2
114.09999999999999 113.90000000000001 115.90000000000001 113.5 113.3 111.90000000000001
119.7 117.8 116.2 117.7 117.40000000000001 117.8
117.3 116.3 115.5 116.2 115.3 113.5
121.40000000000001 119.5 119.8 116.7 119.7 121.09999999999999
120.3 121.7 121.3 121.8 122.59999999999999 119.2
129.90000000000001 129.30000000000001 128 125.40000000000001 128 129.69999999999999
129.80000000000001 130.40000000000001 129.09999999999999 128.09999999999999 128.40000000000001 123.90000000000001
135.09999999999999 132.19999999999999 130.40000000000001 134.80000000000001 133.90000000000001 132.30000000000001
132.30000000000001 133.80000000000001 131.90000000000001 131.40000000000001 130.40000000000001 126.59999999999999
137.90000000000001 133.09999999999999 132.90000000000001 129.19999999999999 133.59999999999999 133.09999999999999
133.80000000000001 132.40000000000001 132.69999999999999 134.59999999999999 132 128
141.69999999999999 135.80000000000001 133.5 135.40000000000001 135.5 136.09999999999999
134.80000000000001
) }
transform { function=log }
automdl { }
outlier { types=(ao ls tc) }
x11 { mode=mult save=(d10 d11 d12 d13) appendfcst=no appendbcst=no savelog=all }
spectrum { logqs=yes robustsa=no print=all savelog=all }
check { }
