series { title="R35 monthly CPI index" start=2015.1 period=12 data=(
97.299999999999997 100.09999999999999 100.3 100.3 100.3 100.3
100.3 100.3 100.3 100.3 100.3 100.3
100.40000000000001 99.799999999999997 99.900000000000006 99.900000000000006 110.7 110.7
111 111.09999999999999 111.09999999999999 111.09999999999999 111.09999999999999 111.40000000000001
113.90000000000001 114.2 114.09999999999999 114.2 114.2 114.40000000000001
114.90000000000001 115.09999999999999 115.09999999999999 115.09999999999999 115.09999999999999 115.09999999999999
116 121.3 121.3 121.3 121.59999999999999 122.3
122.5 122.5 123 123 123.3 124.8
125 125 127.5 127.5 127.3 127.3
127.3 127.3 127.90000000000001 128 128 128
131 133 133 133.19999999999999 133.40000000000001 133.40000000000001
133.40000000000001 133.5 133.69999999999999 134.30000000000001 134.40000000000001 134.40000000000001
134.5 134.5 134.5 134.59999999999999 134.59999999999999 134.69999999999999
134.69999999999999 135.09999999999999 135.80000000000001 135.90000000000001 137.19999999999999 138.09999999999999
139 139.09999999999999 140.90000000000001 141.09999999999999 142.09999999999999 142.80000000000001
144.5 144.59999999999999 146.40000000000001 146.59999999999999 151.90000000000001 152.40000000000001
152.69999999999999 159.30000000000001 159.30000000000001 159.40000000000001 159.5 160.90000000000001
171.40000000000001 171.5 171.5 171.5 171.5 171.69999999999999
172.40000000000001 172.40000000000001 172.5 172.69999999999999 173 173
173.19999999999999 173.19999999999999 173.40000000000001 174.40000000000001 174.40000000000001 174.80000000000001
176.19999999999999 180.69999999999999 181.30000000000001 181.40000000000001 181.5 183.09999999999999
184.5 184.40000000000001 187.19999999999999 188.19999999999999 188.30000000000001 191
194.09999999999999 194.30000000000001 194.69999999999999 195.40000000000001 196.40000000000001 196.59999999999999
199.5 199.80000000000001
) }
transform { function=log }
automdl { }
outlier { types=(ao ls tc) }
x11 { mode=mult save=(d10 d11 d12 d13) appendfcst=no appendbcst=no savelog=all }
spectrum { logqs=yes robustsa=no print=all savelog=all }
check { }
