series { title="R35 monthly CPI index" start=2015.1 period=12 data=(
99.599999999999994 99.400000000000006 99.5 99.799999999999997 100 99.400000000000006
99.099999999999994 99.5 99.5 100.3 101.3 102.59999999999999
102.8 102.5 102.3 102.8 103 103.59999999999999
102.7 102.7 102.90000000000001 103.8 104 104
104.09999999999999 102.7 101.5 101.3 100.7 100.3
99.700000000000003 99.299999999999997 99.099999999999994 99.099999999999994 97.900000000000006 98
98.700000000000003 98.099999999999994 98.400000000000006 98.299999999999997 98.299999999999997 98.200000000000003
98.599999999999994 97.799999999999997 97.900000000000006 98.900000000000006 99.599999999999994 99.099999999999994
99.400000000000006 100.3 101.2 100.8 100.7 100.8
100.90000000000001 100.59999999999999 101 101.3 100.7 100.7
101.09999999999999 100.59999999999999 100.3 99.599999999999994 100.7 101.2
100.90000000000001 101.09999999999999 101.7 102.09999999999999 102.09999999999999 103.2
102.59999999999999 102.09999999999999 102.3 102 103.09999999999999 102.90000000000001
102.90000000000001 103 103.3 103.90000000000001 104.7 104.59999999999999
105.2 105.7 106.40000000000001 108.40000000000001 108.7 109
109.7 110.5 111.3 111.8 112.3 112.90000000000001
112.90000000000001 113 112.5 112.59999999999999 112.8 112.8
112.8 112.8 113.2 113.59999999999999 113.2 113.40000000000001
112.90000000000001 112.90000000000001 113.3 113.59999999999999 113.59999999999999 114.59999999999999
114.8 115.5 115.59999999999999 115 115.09999999999999 114.40000000000001
114.09999999999999 114.2 114.09999999999999 113.90000000000001 113.7 113.7
113.3 113.3 113.5 113.7 113.59999999999999 114
115.5 114.7 114.7 114.40000000000001 114.09999999999999 113.7
114.2
) }
transform { function=log }
automdl { }
outlier { types=(ao ls tc) }
x11 { mode=mult save=(d10 d11 d12 d13) appendfcst=no appendbcst=no savelog=all }
spectrum { logqs=yes robustsa=no print=all savelog=all }
check { }
