series { title="R35 monthly CPI index" start=2015.1 period=12 data=(
94.400000000000006 98.099999999999994 100.3 100.5 101 100.8
100.8 101 101 100.90000000000001 100.5 100.5
100.5 100.90000000000001 102.7 104.5 105.3 106
106.2 106.8 107 107.09999999999999 107.09999999999999 107
107 107.2 107.7 108.09999999999999 108.59999999999999 108.8
109 109.2 109.2 109.3 109.3 109.40000000000001
109.5 109.5 110.8 111.90000000000001 112.5 112.8
112.90000000000001 112.90000000000001 113 113.2 113.59999999999999 113.7
114 114.2 114.2 114.3 114.3 114.3
114.3 114.3 114.3 114.40000000000001 114.5 114.59999999999999
116.3 117.3 117.8 118 122.40000000000001 128.19999999999999
130.09999999999999 130.30000000000001 130.5 130.5 131.40000000000001 133.40000000000001
134 135 138.40000000000001 141 141.19999999999999 141.09999999999999
141 143.19999999999999 146.5 147.40000000000001 147.5 147.40000000000001
147.40000000000001 149.5 152.90000000000001 153 153.09999999999999 153.09999999999999
153.19999999999999 154.09999999999999 156.19999999999999 156.90000000000001 157 157
157.09999999999999 159.40000000000001 162.09999999999999 162.19999999999999 162.30000000000001 162.30000000000001
163.40000000000001 165.59999999999999 167.69999999999999 167.59999999999999 167.80000000000001 168
168 168.09999999999999 171.69999999999999 173.69999999999999 174.19999999999999 174.19999999999999
174.19999999999999 176.40000000000001 178.69999999999999 179.40000000000001 179.59999999999999 179.80000000000001
180.5 184 185.69999999999999 186.59999999999999 186.69999999999999 186.80000000000001
186.80000000000001 186.90000000000001 188.5 190.19999999999999 190.90000000000001 191.69999999999999
191.90000000000001 194.30000000000001 195.90000000000001 197 197.19999999999999 197.69999999999999
197.80000000000001
) }
transform { function=log }
automdl { }
outlier { types=(ao ls tc) }
x11 { mode=mult save=(d10 d11 d12 d13) appendfcst=no appendbcst=no savelog=all }
spectrum { logqs=yes robustsa=no print=all savelog=all }
check { }
