series { title="R35 monthly CPI index" start=2015.1 period=12 data=(
98.700000000000003 99.5 99.5 99.700000000000003 99.900000000000006 100.3
100.3 100.3 100.40000000000001 100.40000000000001 100.40000000000001 100.5
100.59999999999999 100.5 100.5 101.5 101.7 102.09999999999999
102.40000000000001 102.3 102.8 103.2 102.90000000000001 102.2
102.40000000000001 101.5 101.5 101.59999999999999 100.90000000000001 100.90000000000001
100.59999999999999 100.40000000000001 100.5 100.59999999999999 100.8 100.8
101.09999999999999 101.7 101.90000000000001 102.09999999999999 102.5 103.09999999999999
104.59999999999999 104.59999999999999 104.8 105.59999999999999 105.7 106
106.3 106.5 106.90000000000001 107.7 108.3 108.3
109.90000000000001 109.90000000000001 110 110 109.8 109.8
110.3 111.09999999999999 111.3 111.40000000000001 111.5 111.40000000000001
111.90000000000001 112 112.09999999999999 112.2 112.2 113.40000000000001
114.59999999999999 116.40000000000001 117.5 117.8 117.8 117.8
117.8 119 119.09999999999999 119.09999999999999 120 120
121.09999999999999 122.8 122.90000000000001 123.59999999999999 124 124
125.40000000000001 125.5 125.59999999999999 126.40000000000001 126.8 127.09999999999999
128.69999999999999 128 128.09999999999999 128.19999999999999 128.19999999999999 128.30000000000001
128.40000000000001 128.80000000000001 129.19999999999999 129.40000000000001 130 130.30000000000001
130.90000000000001 133.40000000000001 133.69999999999999 133.69999999999999 134.40000000000001 134.5
135.30000000000001 135.40000000000001 135.80000000000001 135.90000000000001 136 136.09999999999999
137 139.5 139.90000000000001 140.69999999999999 141 141.19999999999999
141.40000000000001 141.59999999999999 142 142.09999999999999 143.40000000000001 143.69999999999999
145.09999999999999 146.30000000000001 146.40000000000001 146.5 146.59999999999999 146.90000000000001
147.19999999999999 147.59999999999999
) }
transform { function=log }
automdl { }
outlier { types=(ao ls tc) }
x11 { mode=mult save=(d10 d11 d12 d13) appendfcst=no appendbcst=no savelog=all }
spectrum { logqs=yes robustsa=no print=all savelog=all }
check { }
