origin,h,target,as_of_utc,model,mm_forecast,mm_actual,yy_actual,yy_exante,cumulative_log_forecast,cumulative_log_actual,core_mm_forecast,core_mm_actual,core_cumulative_log_forecast,core_cumulative_log_actual
2019-03,1,2019-04,2019-04-09T21:59:00+00:00,STATE_FAST_R15,0.3442600404465341,0.0930232558139509,2.769818529130847,2.9383756042254587,0.3436688220664942,0.09298001599665273,0.4889012938078136,0.4,0.48771005251734584,0.39920212695374535
2019-04,1,2019-05,2019-05-12T21:59:00+00:00,STATE_FAST_R15,0.23654905669222231,0.6505576208178487,2.9467680608364977,2.824539189608261,0.23626971983685038,0.6484506279260935,0.12522092769810247,0.1,0.12514259168300496,0.09995003330835331
2019-04,2,2019-06,2019-05-12T21:59:00+00:00,STATE_FAST_R15,0.11662436173053053,0.1846722068328699,2.7462121212121224,2.5545165246702797,0.35282612818696824,0.8329525252830231,0.19683282964627133,0.3,0.3217819593380209,0.3995009312882012
2019-05,1,2019-06,2019-06-10T21:59:00+00:00,STATE_FAST_R15,0.15885726224780355,0.1846722068328699,2.7462121212121224,2.2859173485581037,0.15873121756872058,0.18450189735692968,0.19229932326494112,0.3,0.19211466480970965,0.2995508979798479
2019-05,2,2019-07,2019-06-10T21:59:00+00:00,STATE_FAST_R15,0.285653363447457,0.3686635944700533,2.9300567107750517,2.3841910590340185,0.4439773670917963,0.5524875931969915,0.46028027755987794,1.0,0.6513388919878698,1.2945839832966564
2019-05,3,2019-08,2019-06-10T21:59:00+00:00,STATE_FAST_R15,-0.004978906729948204,0.0918273645546419,2.9272898961284195,2.2824181921652054,0.4389983364101726,0.6442728222198875,0.15179102743209702,0.2,0.8030148332854868,1.494384249563962
2019-05,4,2019-09,2019-06-10T21:59:00+00:00,STATE_FAST_R15,-0.14170516876274752,-0.5504587155963248,2.6515151515151705,2.427642010666314,0.297192670922566,0.09229349986010649,-0.3867638018942264,-0.9,0.41550116610286375,0.5903097843490557
2019-05,5,2019-10,2019-06-10T21:59:00+00:00,STATE_FAST_R15,0.2703923485624825,0.4612546125461358,2.735849056603792,2.317033994768659,0.5672201170051645,0.552487593197012,0.35840578384119964,0.6,0.7732662069315674,1.188516952103802
2019-05,6,2019-11,2019-06-10T21:59:00+00:00,STATE_FAST_R15,0.027616557579583676,0.2754820936639035,3.116147308781873,2.441933771121881,0.5948328619154213,0.8275909303859917,0.00644746933141567,0.0,0.7797134684226128,1.188516952103802
2019-05,7,2019-12,2019-06-10T21:59:00+00:00,STATE_FAST_R15,0.10223397175009594,0.1831501831501825,3.207547169811327,2.449922092688842,0.6970146103309136,1.0105735980936075,0.17548396731658153,0.1,0.9550436425206096,1.2884669854121553
2019-05,8,2020-01,2019-06-10T21:59:00+00:00,STATE_FAST_R15,0.803437431837246,1.4625228519195457,3.6414565826330487,2.212348928673934,1.4972416677364748,2.4625047305389227,0.28262528252828806,0.8,1.2372702907149193,2.085283950329843
2019-05,9,2020-02,2019-06-10T21:59:00+00:00,STATE_FAST_R15,0.26179316975679895,0.2702702702702675,3.7278657968313063,2.288918156636729,1.7586927560750754,2.7324104274554206,0.29165744297544427,0.7,1.5285032385509658,2.782845323972367
2019-05,10,2020-03,2019-06-10T21:59:00+00:00,STATE_FAST_R15,0.011383240034253995,-0.0898472596585708,3.4418604651162905,2.110235322835751,1.770075348267724,2.642522780953716,0.02262347780223725,-0.3,1.5511241576303711,2.482394421942495
2019-05,11,2020-04,2019-06-10T21:59:00+00:00,STATE_FAST_R15,0.18796528559799416,-0.1798561151079125,3.159851301115256,2.207090754792276,1.9578642001775628,2.4625047305389303,0.42081356835907585,0.2,1.9710547818586441,2.6821946882098007
2019-05,12,2020-05,2019-06-10T21:59:00+00:00,STATE_FAST_R15,0.1782741117653195,0.3603603603603567,2.862419205909517,2.158954927586461,2.135979592257662,2.822217348623878,0.13229945314171543,0.7,2.103266796385894,3.3797560618523246
2019-06,1,2019-07,2019-07-10T21:59:00+00:00,STATE_FAST_R15,0.24645059177510711,0.3686635944700533,2.9300567107750517,2.742571930308312,0.24614740034671614,0.3679856958400618,0.4570746419625334,1.0,0.45603322797463125,0.9950330853168083
2019-06,2,2019-08,2019-07-10T21:59:00+00:00,STATE_FAST_R15,0.003281428562098801,0.0918273645546419,2.9272898961284195,2.6489216892962997,0.24942877507112565,0.4597709248629578,0.14873419899697324,0.2,0.6046569272155633,1.1948333515841139
2019-06,3,2019-09,2019-07-10T21:59:00+00:00,STATE_FAST_R15,-0.1369762712497601,-0.5504587155963248,2.6515151515151705,2.7995338336151865,0.11235860557159583,-0.09220839749682318,-0.389693619509307,-0.9,0.21420202369372998,0.29075888636920744
2019-06,4,2019-10,2019-07-10T21:59:00+00:00,STATE_FAST_R15,0.2743247677928854,0.4612546125461358,2.735849056603792,2.6925514786771765,0.3863077896959152,0.36798569584008234,0.3555431696227956,0.6,0.5691146327572036,0.8889660541239538
2019-06,5,2019-11,2019-07-10T21:59:00+00:00,STATE_FAST_R15,0.026864020832012243,0.2754820936639035,3.116147308781873,2.8171361253307725,0.41316820279595795,0.6430890330290621,0.0036659405789585837,0.0,0.5727805061422028,0.8889660541239538
2019-06,6,2019-12,2019-07-10T21:59:00+00:00,STATE_FAST_R15,0.10249549344409703,0.1831501831501825,3.207547169811327,2.8254223402566265,0.515611205473225,0.8260717007366778,0.17275467016461782,0.1,0.7453861270615005,0.9889160874323071
2019-06,7,2020-01,2019-07-10T21:59:00+00:00,STATE_FAST_R15,0.8029489464701984,1.4625228519195457,3.6414565826330487,2.5864812929782737,1.3153536697308965,2.2780028331819926,0.27993866150784125,0.8,1.024933690018989,1.7857330523499946
2019-06,8,2020-02,2019-07-10T21:59:00+00:00,STATE_FAST_R15,0.26110848034998485,0.2702702702702675,3.7278657968313063,2.662629701113794,1.5761218541206885,2.547908530098491,0.28900705945027877,0.7,1.3135239269717163,2.4832944259925185
2019-06,9,2020-03,2019-07-10T21:59:00+00:00,STATE_FAST_R15,0.01042022856677662,-0.0898472596585708,3.4418604651162905,2.482307237815217,1.58654153981936,2.458020883596786,0.020009309274177007,-0.3,1.3335312346506043,2.1828435239626462
2019-06,10,2020-04,2019-07-10T21:59:00+00:00,STATE_FAST_R15,0.1868955270865323,-0.1798561151079125,3.159851301115256,2.578420299772404,1.7732626345194038,2.2780028331820006,0.4182123697670426,0.2,1.7508715270646011,2.382643790229952
2019-06,11,2020-05,2019-07-10T21:59:00+00:00,STATE_FAST_R15,0.2615768550340483,0.3603603603603567,2.862419205909517,2.181988989064542,2.0344979727210264,2.637715451266948,0.11727076661525758,0.7,1.8680735852277188,3.080205163872476
2019-06,12,2020-06,2019-07-10T21:59:00+00:00,STATE_FAST_R15,0.11162762436140967,0.6283662477558183,3.317972350230406,2.169256898072785,2.146063339776427,3.2641157097599898,0.19919048842888246,0.5,2.0670659524519706,3.5789593149763834
2019-07,1,2019-08,2019-08-11T21:59:00+00:00,STATE_FAST_R15,0.025849446227416376,0.0918273645546419,2.9272898961284195,2.927660256316292,0.025846105833701512,0.09178522902289597,0.1915944419662114,0.2,0.1914111339165946,0.19980026626730563
2019-07,2,2019-09,2019-08-11T21:59:00+00:00,STATE_FAST_R15,-0.11406249285106068,-0.5504587155963248,2.6515151515151705,3.102332998925351,-0.08828148778715172,-0.460194093336885,-0.34867833325645514,-0.9,-0.15787649898313705,-0.7042741989476008
2019-07,3,2019-10,2019-08-11T21:59:00+00:00,STATE_FAST_R15,0.29632278899244996,0.4612546125461358,2.735849056603792,3.0176304105742866,0.20760313061504906,2.0556473190325164e-14,0.39556404597427847,0.6,0.2369072494595894,-0.10606703119285443
2019-07,4,2019-11,2019-08-11T21:59:00+00:00,STATE_FAST_R15,0.04893228044744813,0.2754820936639035,3.116147308781873,3.1653651025315623,0.2565234431261119,0.2751033371890003,0.042509140345348126,0.0,0.27940735722956245,-0.10606703119285443
2019-07,5,2019-12,2019-08-11T21:59:00+00:00,STATE_FAST_R15,0.12309535540363409,0.1831501831501825,3.207547169811327,3.194911255664249,0.3795430983130685,0.458086004896616,0.21083227064882865,0.1,0.4900176885384109,-0.006116997884501124
2019-07,6,2020-01,2019-08-11T21:59:00+00:00,STATE_FAST_R15,0.8237950412999981,1.4625228519195457,3.6414565826330487,2.976402769850693,1.1999634691735879,1.9100171373419308,0.31739127702440334,0.8,0.8069063426891117,0.7906999670331862
2019-07,7,2020-02,2019-08-11T21:59:00+00:00,STATE_FAST_R15,0.2814514728340577,0.2702702702702675,3.7278657968313063,3.0737500461680756,1.481019608956588,2.179922834258429,0.3259304347174331,0.7,1.1323067754779803,1.4882613406757104
2019-07,8,2020-03,2019-08-11T21:59:00+00:00,STATE_FAST_R15,0.030507710482588393,-0.0898472596585708,3.4418604651162905,2.9133718679042446,1.5115226667834367,2.0900351877567247,0.056408690951006944,-0.3,1.1886995627073529,1.1878104386458381
2019-07,9,2020-04,2019-08-11T21:59:00+00:00,STATE_FAST_R15,0.20681321647654755,-0.1798561151079125,3.159851301115256,3.0303681195468264,1.7181223191293111,1.9100171373419392,0.45441534831016006,0.2,1.642085561643309,1.3876107049131439
2019-07,10,2020-05,2019-08-11T21:59:00+00:00,STATE_FAST_R15,0.2813280337204176,0.3603603603603567,2.862419205909517,2.6524083627554904,1.9990553661690378,2.2697297554268867,0.15309301415055693,0.7,1.7950615079055658,2.0851720785556678
2019-07,11,2020-06,2019-08-11T21:59:00+00:00,STATE_FAST_R15,0.13561731638305313,0.6283662477558183,3.317972350230406,2.602145158457645,2.1345808053278126,2.8961300139199277,0.24069567468275577,0.5,2.035467974530493,2.5839262296595753
2019-07,12,2020-07,2019-08-11T21:59:00+00:00,STATE_FAST_R15,0.29727561794259966,0.4460303300624524,3.397612488521572,2.46121536801856,2.431415433060046,3.3411685766675143,0.5008595448824011,1.2,2.5350773905167023,3.7767833161869557
2019-08,1,2019-09,2019-09-09T21:59:00+00:00,STATE_FAST_R15,-0.03285365225699498,-0.5504587155963248,2.6515151515151705,3.165469266703939,-0.03285905025165273,-0.551979322359781,-0.16943261889111114,-0.9,-0.16957631829154302,-0.9040744652149064
2019-08,2,2019-10,2019-09-09T21:59:00+00:00,STATE_FAST_R15,0.3828328830424294,0.4612546125461358,2.735849056603792,3.1696265669754795,0.34924289263465946,-0.09178522902287545,0.5692620683807669,0.6,0.39807157659775455,-0.30586729746016006
2019-08,3,2019-11,2019-09-09T21:59:00+00:00,STATE_FAST_R15,0.1352527910995384,0.2754820936639035,3.116147308781873,3.406719875791063,0.4844042995372009,0.1833181081661043,0.21010693562378605,0.0,0.6079580962850046,-0.30586729746016006
2019-08,4,2019-12,2019-09-09T21:59:00+00:00,STATE_FAST_R15,0.20727570564952924,0.1831501831501825,3.207547169811327,3.5233011700610364,0.6914654854763173,0.36630077587372,0.374313364796743,0.1,0.9815726518876948,-0.20591726415180675
2019-08,5,2020-01,2019-09-09T21:59:00+00:00,STATE_FAST_R15,0.9099923793773599,1.4625228519195457,3.6414565826330487,3.3924151642238844,1.597342382410289,1.818231908319035,0.47752365586630474,0.8,1.4579597802334892,0.5908997007658806
2019-08,6,2020-02,2019-09-09T21:59:00+00:00,STATE_FAST_R15,0.3659829445745959,0.2702702702702675,3.7278657968313063,3.577391936027978,1.9626572389689063,2.0881376052355334,0.48325825119341764,0.7,1.9400540871384528,1.2884610744084046
2019-08,7,2020-03,2019-09-09T21:59:00+00:00,STATE_FAST_R15,0.11440398414600586,-0.0898472596585708,3.4418604651162905,3.5029660156371816,2.076995831625864,1.9982499587338283,0.21106541139467153,-0.3,2.1508970684207216,0.9880101723785324
2019-08,8,2020-04,2019-09-09T21:59:00+00:00,STATE_FAST_R15,0.2903154969810576,-0.1798561151079125,3.159851301115256,3.7069795569254533,2.366890727019073,1.8182319083190426,0.6078813943840347,0.2,2.756938317359015,1.1878104386458381
2019-08,9,2020-05,2019-09-09T21:59:00+00:00,STATE_FAST_R15,0.3642596058017371,0.3603603603603567,2.862419205909517,3.411987625511423,2.7304885141904314,2.17794452640399,0.30465838424826686,0.7,3.061133558383162,1.8853718122883623
2019-08,10,2020-06,2019-09-09T21:59:00+00:00,STATE_FAST_R15,0.2179473942455296,0.6283662477558183,3.317972350230406,3.446334728647623,2.9481987476306863,2.8043447848970313,0.39124035187256656,0.5,3.451610555577621,2.3841259633922696
2019-08,11,2020-07,2019-09-09T21:59:00+00:00,STATE_FAST_R15,0.37408671911129265,0.4460303300624524,3.397612488521572,3.4519241461692065,3.3215875024943857,3.2493833476446174,0.7041631623486094,1.2,4.153306066552596,3.57698304991965
2019-08,12,2020-08,2019-09-09T21:59:00+00:00,STATE_FAST_R15,0.09244925686013336,0.0,3.302752293577968,3.472939716002152,3.4139940513491775,3.2493833476446174,0.33941298849776286,0.0,4.492144349216899,3.57698304991965
2019-09,1,2019-10,2019-10-09T21:59:00+00:00,STATE_FAST_R15,0.33968084015072486,0.4612546125461358,2.735849056603792,2.8580404206188597,0.3391052279129107,0.46019409333690553,0.5027331402547351,0.6,0.5014736566670447,0.5982071677547464
2019-09,2,2019-11,2019-10-09T21:59:00+00:00,STATE_FAST_R15,0.09461574923988691,0.2754820936639035,3.116147308781873,3.0525797410663515,0.4336762446665376,0.7352974305258853,0.1463374788756783,0.0,0.6477041665984924,0.5982071677547464
2019-09,3,2019-12,2019-10-09T21:59:00+00:00,STATE_FAST_R15,0.16935092292752105,0.1831501831501825,3.207547169811327,3.129716179132093,0.6028839306112099,0.918280098233501,0.3124602712379138,0.1,0.9596772952185407,0.6981572010630996
2019-09,4,2020-01,2019-10-09T21:59:00+00:00,STATE_FAST_R15,0.8727283888371048,1.4625228519195457,3.6414565826330487,2.9612922492322955,1.4718260584807064,2.370211230678816,0.41722533907238524,0.8,1.3760346628002216,1.494974165980787
2019-09,5,2020-02,2019-10-09T21:59:00+00:00,STATE_FAST_R15,0.33084793926547473,0.2702702702702675,3.7278657968313063,3.1093896829864525,1.80212790012192,2.6401169275953142,0.42425128760813197,0.7,1.7993885419158944,2.192535539623311
2019-09,6,2020-03,2019-10-09T21:59:00+00:00,STATE_FAST_R15,0.08112203563673308,-0.0898472596585708,3.4418604651162905,3.0010470786088326,1.8832170496193925,2.550229281093609,0.15325132988591894,-0.3,1.9525225617887305,1.8920846375934386
2019-09,7,2020-04,2019-10-09T21:59:00+00:00,STATE_FAST_R15,0.25807599982185386,-0.1798561151079125,3.159851301115256,3.1708951349769774,2.140960605182548,2.370211230678824,0.5506680942019775,0.2,2.5016800224214775,2.0918849038607443
2019-09,8,2020-05,2019-10-09T21:59:00+00:00,STATE_FAST_R15,0.3326059863548231,0.3603603603603567,2.862419205909517,2.844981841373977,2.473014681279015,2.7299238487637716,0.24827929503872617,0.7,2.7496516136231874,2.7894462775032682
2019-09,9,2020-06,2019-10-09T21:59:00+00:00,STATE_FAST_R15,0.18678379700713624,0.6283662477558183,3.317972350230406,2.847149502837004,2.6596242542664537,3.356324107256813,0.3353424771699849,0.5,3.084433071781697,3.2882004286071758
2019-09,10,2020-07,2019-10-09T21:59:00+00:00,STATE_FAST_R15,0.34319911322608426,0.4460303300624524,3.397612488521572,2.821056206227095,3.0022357833412143,3.8013626700043996,0.6485162797636373,1.2,3.730855532349912,4.481057515134556
2019-09,11,2020-08,2019-10-09T21:59:00+00:00,STATE_FAST_R15,0.07032461974201094,0.0,3.302752293577968,2.7989671407041428,3.0725356869095406,3.8013626700043996,0.26682279512509327,0.0,3.997322987400214,4.481057515134556
2019-09,12,2020-09,2019-10-09T21:59:00+00:00,STATE_FAST_R15,-0.07511470697805228,-0.6216696269982114,3.2287822878228734,3.042766782635008,2.9973927547003814,3.177752631233366,-0.25658574053717176,-0.8,3.740407501477943,3.6778403454081303
2019-10,1,2019-11,2019-11-10T22:59:00+00:00,STATE_FAST_R15,-0.03782756534689922,0.2754820936639035,3.116147308781873,2.5567300109087925,-0.03783472177519155,0.2751033371889798,-0.1019519896840372,0.0,-0.10200399607574538,0.0
2019-10,2,2019-12,2019-11-10T22:59:00+00:00,STATE_FAST_R15,0.04217200578392677,0.1831501831501825,3.207547169811327,2.5031878068311593,0.004328394117651793,0.45808600489659546,0.07319774317571934,0.1,-0.028833029382332356,0.09995003330835331
2019-10,3,2020-01,2019-11-10T22:59:00+00:00,STATE_FAST_R15,0.7483063922407377,1.4625228519195457,3.6414565826330487,2.2095604633488546,0.7498488636014513,1.9100171373419104,0.18527249871936324,0.8,0.15626805153715934,0.8967669982260407
2019-10,4,2020-02,2019-11-10T22:59:00+00:00,STATE_FAST_R15,0.2100257226177651,0.2702702702702675,3.7278657968313063,2.233314945310804,0.9596543405262367,2.1799228342584085,0.19833070835554834,0.7,0.3544023442022001,1.5943283718685648
2019-10,5,2020-03,2019-11-10T22:59:00+00:00,STATE_FAST_R15,-0.036753782844860285,-0.0898472596585708,3.4418604651162905,2.0056087248156116,0.9228938018232029,2.090035187756704,-0.06723359449163792,-0.3,0.28714613779364984,1.2938774698386926
2019-10,6,2020-04,2019-11-10T22:59:00+00:00,STATE_FAST_R15,0.13995601357626758,-0.1798561151079125,3.159851301115256,2.0534382774552995,1.062751968255458,1.9100171373419184,0.33318455237366584,0.2,0.619776860280407,1.4936777361059983
2019-10,7,2020-05,2019-11-10T22:59:00+00:00,STATE_FAST_R15,0.21555838486844386,0.3603603603603567,2.862419205909517,1.6123759651733764,1.278078359365647,2.269729755426866,0.034541607803995275,0.7,0.654312503844444,2.1912391097485227
2019-10,8,2020-06,2019-11-10T22:59:00+00:00,STATE_FAST_R15,0.07136933823759158,0.6283662477558183,3.317972350230406,1.4974584490700418,1.349422241802074,2.8961300139199073,0.123894829237336,0.5,0.7781306467719343,2.68999326085243
2019-10,9,2020-07,2019-11-10T22:59:00+00:00,STATE_FAST_R15,0.2279013349955806,0.4460303300624524,3.397612488521572,1.355113108696349,1.5770642755977244,3.3411685766674935,0.4383954046035885,1.2,1.2155678980344535,3.8828503473798106
2019-10,10,2020-08,2019-11-10T22:59:00+00:00,STATE_FAST_R15,-0.04373457093755298,0.0,3.302752293577968,1.217840209731264,1.533320138307392,3.3411685766674935,0.059082177131569574,0.0,1.2746326285193177,3.8828503473798106
2019-10,11,2020-09,2019-11-10T22:59:00+00:00,STATE_FAST_R15,-0.243981887120984,-0.6216696269982114,3.2287822878228734,1.5297664614963606,1.2890401303742847,2.71755853789646,-0.5176750496105834,-0.8,0.7556129992474537,3.0796331776533847
2019-10,12,2020-10,2019-11-10T22:59:00+00:00,STATE_FAST_R15,0.22508095760743657,0.1787310098301908,2.9384756657483617,1.5253851884328518,1.513868160251337,2.8961300139199135,0.28233380836559574,0.5,1.0375489943147032,3.5783873287572923
2019-11,1,2019-12,2019-12-09T22:59:00+00:00,STATE_FAST_R15,0.1041755658462995,0.1831501831501825,3.207547169811327,3.007710093087798,0.10412134075996202,0.18298266770761573,0.20413493591437826,0.1,0.20392686367138343,0.09995003330835331
2019-11,2,2020-01,2019-12-09T22:59:00+00:00,STATE_FAST_R15,0.8169002512819429,1.4625228519195457,3.6414565826330487,2.782568772939957,0.9177030226239591,1.6349138001529306,0.3113629095958837,0.8,0.5148060428046334,0.8967669982260407
2019-11,3,2020-02,2019-12-09T22:59:00+00:00,STATE_FAST_R15,0.27518383215064657,0.2702702702702675,3.7278657968313063,2.873302776486239,1.1925089172570835,1.904819497069429,0.32044247459039255,0.7,0.8347361946720626,1.5943283718685648
2019-11,4,2020-03,2019-12-09T22:59:00+00:00,STATE_FAST_R15,0.026281498681150272,-0.0898472596585708,3.4418604651162905,2.708896930250428,1.2187869629573527,1.814931850567724,0.0513670499377202,-0.3,0.8860900562568049,1.2938774698386926
2019-11,5,2020-04,2019-12-09T22:59:00+00:00,STATE_FAST_R15,0.2024834982145343,-0.1798561151079125,3.159851301115256,2.821217853217741,1.4210657396416049,1.6349138001529386,0.4497002880107172,0.2,1.3347822137695782,1.4936777361059983
2019-11,6,2020-05,2019-12-09T22:59:00+00:00,STATE_FAST_R15,0.2777562089251664,0.3603603603603567,2.862419205909517,2.4403764938224666,1.6984369188067179,1.9946264182378861,0.14866857453267837,0.7,1.4833403859858096,2.1912391097485227
2019-11,7,2020-06,2019-12-09T22:59:00+00:00,STATE_FAST_R15,0.13279624017562572,0.6283662477558183,3.317972350230406,2.387332515753867,1.8311450627590098,2.6210266767309274,0.23648874101464043,0.5,1.7195499324664376,2.68999326085243
2019-11,8,2020-07,2019-12-09T22:59:00+00:00,STATE_FAST_R15,0.2890202928949957,0.4460303300624524,3.397612488521572,2.3060873849631935,2.119748495020208,3.066065239478514,0.5500309007084276,1.2,2.2680736872028486,3.8828503473798106
2019-11,9,2020-08,2019-12-09T22:59:00+00:00,STATE_FAST_R15,0.01675093079875338,0.0,3.302752293577968,2.229350088876007,2.136498023007202,3.066065239478514,0.16925038094767442,0.0,2.437181001098208,3.8828503473798106
2019-11,10,2020-09,2019-12-09T22:59:00+00:00,STATE_FAST_R15,-0.18374370867919976,-0.6216696269982114,3.2287822878228734,2.606315496064412,1.9525852985065812,2.4424552007074807,-0.4089735977210315,-0.8,2.027368819186122,3.0796331776533847
2019-11,11,2020-10,2019-12-09T22:59:00+00:00,STATE_FAST_R15,0.3162924647722848,0.1787310098301908,2.9384756657483617,2.458258098943141,2.2683786109064488,2.6210266767309336,0.4271400029307096,0.5,2.4535991686157077,3.5783873287572923
2019-11,12,2020-11,2019-12-09T22:59:00+00:00,STATE_FAST_R15,0.04303402582634339,0.0,2.655677655677633,2.338323316997482,2.3114033797515705,2.6210266767309336,0.038398045140224005,0.0,2.491989843593184,3.5783873287572923
2019-12,1,2020-01,2020-01-12T22:59:00+00:00,STATE_FAST_R15,0.8096977806156198,1.4625228519195457,3.6414565826330487,2.801914262667741,0.806437316249846,1.4519311324453148,0.30220546893506145,0.8,0.301749746123112,0.7968169649176874
2019-12,2,2020-02,2020-01-12T22:59:00+00:00,STATE_FAST_R15,0.28128920146749997,0.2702702702702675,3.7278657968313063,2.8989300816255636,1.0873316399686936,1.7218368293618131,0.31164767023019624,0.7,0.6129128016008447,1.4943783385602116
2019-12,3,2020-03,2020-01-12T22:59:00+00:00,STATE_FAST_R15,0.02737120862825762,-0.0898472596585708,3.4418604651162905,2.7356024931289618,1.1146991033650369,1.6319491828601083,0.04288582783421073,-0.3,0.6557894360922438,1.1939274365303394
2019-12,4,2020-04,2020-01-12T22:59:00+00:00,STATE_FAST_R15,0.2035913300490537,-0.1798561151079125,3.159851301115256,2.8490897008638774,1.3180834671284034,1.4519311324453228,0.4414182185209918,0.2,1.0962362619487562,1.3937277027976451
2019-12,5,2020-05,2020-01-12T22:59:00+00:00,STATE_FAST_R15,0.2750332918837113,0.3603603603603567,2.862419205909517,2.465362712118259,1.5927392345075224,1.81164375053027,0.14059710209081264,0.7,1.2367346188583932,2.0912890764401695
2019-12,6,2020-06,2020-01-12T22:59:00+00:00,STATE_FAST_R15,0.1295852465303178,0.6283662477558183,3.317972350230406,2.409021704619069,1.7222405918214598,2.4380440090233115,0.22855894289550435,0.5,1.4650327631121596,2.590043227544077
2019-12,7,2020-07,2020-01-12T22:59:00+00:00,STATE_FAST_R15,0.28574173122212326,0.4460303300624524,3.397612488521572,2.3244141529288753,2.007574857373867,2.883082571770898,0.5421956721334519,1.2,2.005763846085495,3.7829003140714574
2019-12,8,2020-08,2020-01-12T22:59:00+00:00,STATE_FAST_R15,0.013008236568857717,0.0,3.302752293577968,2.2438369339136277,2.020582247944997,2.883082571770898,0.16153996195617543,0.0,2.167173472588808,3.7829003140714574
2019-12,9,2020-09,2020-01-12T22:59:00+00:00,STATE_FAST_R15,-0.18730730637624815,-0.6216696269982114,3.2287822878228734,2.6171920342698463,1.8330993020756352,2.2594725329998644,-0.4165638376196581,-0.8,1.7497395907814992,2.9796831443450316
2019-12,10,2020-10,2020-01-12T22:59:00+00:00,STATE_FAST_R15,0.31218857840900494,0.1787310098301908,2.9384756657483617,2.4649269853230393,2.1448015837878214,2.4380440090233177,0.4195470844126671,0.5,2.1684090303133203,3.478437295448939
2019-12,11,2020-11,2020-01-12T22:59:00+00:00,STATE_FAST_R15,0.0739983588808344,0.0,2.655677655677633,2.259043994364257,2.218772577382147,2.4380440090233177,0.01848691032500488,0.0,2.1868942320196356,3.478437295448939
2019-12,12,2020-12,2020-01-12T22:59:00+00:00,STATE_FAST_R15,0.11410251023873827,-0.1784121320249632,2.285191956124307,2.3602328793297733,2.3328100401824763,2.2594725329998644,0.19938522037584533,0.0,2.3860809438855837,3.478437295448939
2020-01,1,2020-02,2020-02-13T22:59:00+00:00,STATE_FAST_R15,0.2512438422048626,0.2702702702702675,3.7278657968313063,3.1240910708667537,0.2509287525155781,0.26990569691649835,0.27400999226615724,0.7,0.273635269249778,0.6975613736425241
2020-01,2,2020-03,2020-02-13T22:59:00+00:00,STATE_FAST_R15,0.017835906358467365,-0.0898472596585708,3.4418604651162905,2.9505911933465625,0.26876306846537373,0.18001805041479335,0.006765990056642186,-0.3,0.280401030423637,0.39711047161265195
2020-01,3,2020-04,2020-02-13T22:59:00+00:00,STATE_FAST_R15,0.19064563787653172,-0.1798561151079125,3.159851301115256,3.051000608709703,0.4592272081879632,7.914675859144182e-15,0.4062926225256783,0.2,0.6858705132909412,0.5969107378799576
2020-01,4,2020-05,2020-02-13T22:59:00+00:00,STATE_FAST_R15,0.26100782458271565,0.3603603603603567,2.862419205909517,2.652160331637591,0.719894998896376,0.3597126180849554,0.10648449270374025,0.7,0.7922983514740353,1.2944721115224818
2020-01,5,2020-06,2020-02-13T22:59:00+00:00,STATE_FAST_R15,0.11406025338583446,0.6283662477558183,3.317972350230406,2.57980924831408,0.8338902529960701,0.986112876577997,0.19514324201627423,0.5,0.9872514364113909,1.793226262626389
2020-01,6,2020-07,2020-02-13T22:59:00+00:00,STATE_FAST_R15,0.26932058583006274,0.4460303300624524,3.397612488521572,2.4782776894440928,1.1028488207834446,1.431151439325583,0.5092587277430953,1.2,1.4952178275964219,2.9860833491537693
2020-01,7,2020-08,2020-02-13T22:59:00+00:00,STATE_FAST_R15,-0.00369473304835001,0.0,3.302752293577968,2.3804780957971086,1.099154019478152,1.431151439325583,0.1291926105829104,0.0,1.624327056333915,2.9860833491537693
2020-01,8,2020-09,2020-02-13T22:59:00+00:00,STATE_FAST_R15,-0.2040175703760171,-0.6216696269982114,3.2287822878228734,2.7371294148643086,0.8949280497612668,0.8075414005545498,-0.4483547201362238,-0.8,1.1749642119787738,2.1828661794273434
2020-01,9,2020-10,2020-02-13T22:59:00+00:00,STATE_FAST_R15,0.2951160552204889,0.1787310098301908,2.9384756657483617,2.5672271124235,1.1896094924158598,0.9861128765780028,0.38778758300235433,0.5,1.562001837137153,2.681620330531251
2020-01,10,2020-11,2020-02-13T22:59:00+00:00,STATE_FAST_R15,0.05698608357491315,0.0,2.655677655677633,2.343737487422018,1.2465793450881113,0.9861128765780028,-0.012908060965727646,0.0,1.5490929430095384,2.681620330531251
2020-01,11,2020-12,2020-02-13T22:59:00+00:00,STATE_FAST_R15,0.11722346177466898,-0.1784121320249632,2.285191956124307,2.2763889657042737,1.3637341538092476,0.8075414005545496,0.16572176581862863,0.0,1.7146775418326383,2.681620330531251
2020-01,12,2021-01,2020-02-13T22:59:00+00:00,STATE_FAST_R15,0.7991735801998152,1.3404825737265424,2.162162162162171,2.183222259296568,2.1597312544531753,2.139118998131765,0.2749490199700838,0.7,1.9892492684029215,3.3791817041737753
2020-02,1,2020-03,2020-03-09T22:59:00+00:00,STATE_FAST_R15,0.07928174710311098,-0.0898472596585708,3.4418604651162905,3.6493698220698354,0.07925033572722101,-0.08988764650170497,0.18354477316915038,-0.3,0.1833765355797732,-0.3004509020298722
2020-02,2,2020-04,2020-03-09T22:59:00+00:00,STATE_FAST_R15,0.28965401221163545,-0.1798561151079125,3.159851301115256,3.8529869506699863,0.36848565900957314,-0.2699056969164904,0.5769375913348955,0.2,0.7586562156788723,-0.10065063576256655
2020-02,3,2020-05,2020-03-09T22:59:00+00:00,STATE_FAST_R15,0.3513332545762617,0.3603603603603567,2.862419205909517,3.5442420719810817,0.7192031800699297,0.08980692116845705,0.27116456149507207,0.7,1.029453789354466,0.5969107378799576
2020-02,4,2020-06,2020-03-09T22:59:00+00:00,STATE_FAST_R15,0.2059858572417844,0.6283662477558183,3.317972350230406,3.566270449464036,0.9249771773293111,0.7162071796614986,0.35560121726772,0.5,1.3844242403928848,1.095664888983865
2020-02,5,2020-07,2020-03-09T22:59:00+00:00,STATE_FAST_R15,0.3547188258077163,0.4460303300624524,3.397612488521572,3.551881419751795,1.279068359718445,1.161245742409085,0.666714573850194,1.2,2.04892610216583,2.2885219755112454
2020-02,6,2020-08,2020-03-09T22:59:00+00:00,STATE_FAST_R15,0.08240819599011716,0.0,3.302752293577968,3.5421366418618496,1.361442618797981,1.161245742409085,0.28325960695806646,0.0,2.331785285080718,2.2885219755112454
2020-02,7,2020-09,2020-03-09T22:59:00+00:00,STATE_FAST_R15,-0.12246528504532327,-0.6216696269982114,3.2287822878228734,3.9877430639286837,1.2389022837427217,0.5376357036380515,-0.29739819612428786,-0.8,2.0339439817745566,1.4853048057848195
2020-02,8,2020-10,2020-03-09T22:59:00+00:00,STATE_FAST_R15,0.37750449007205905,0.1787310098301908,2.9384756657483617,3.9010530633807585,1.615696013820327,0.7162071796615045,0.5382196615575184,0.5,2.570720417479183,1.9840589568887268
2020-02,9,2020-11,2020-03-09T22:59:00+00:00,STATE_FAST_R15,0.13893374736297237,0.0,2.655677655677633,3.7595676605833135,1.7545333375521615,0.7162071796615045,0.13549544425892848,0.0,2.7061241494956296,1.9840589568887268
2020-02,10,2020-12,2020-03-09T22:59:00+00:00,STATE_FAST_R15,0.2008812041753034,-0.1784121320249632,2.285191956124307,3.777931657646532,1.9552130452371035,0.5376357036380512,0.3132458701684223,0.0,3.0188804269410423,1.9840589568887268
2020-02,11,2021-01,2020-03-09T22:59:00+00:00,STATE_FAST_R15,0.9794543455016189,1.3404825737265424,2.162162162162171,3.2838393658732783,2.9299018290646126,1.8692133012152667,0.5221005807653284,0.7,3.5396227880880464,2.681620330531251
2020-02,12,2021-02,2020-03-09T22:59:00+00:00,STATE_FAST_R15,0.3379056689966431,0.1763668430335041,2.066486972147356,3.3211981632391536,3.267237879676752,2.045424800555189,0.4297816332553555,0.3,3.9684834977793346,2.9811712285110987
2020-03,1,2020-04,2020-04-13T21:59:00+00:00,STATE_FAST_R15,0.013294612888340718,-0.1798561151079125,3.159851301115256,3.1813087519774,0.013293729232999632,-0.18001805041478544,0.6562574342966122,0.2,0.65411344016494,0.19980026626730563
2020-03,2,2020-05,2020-04-13T21:59:00+00:00,STATE_FAST_R15,0.38030721875816215,0.3603603603603567,2.862419205909517,2.904263191233293,0.39287960838059977,0.179694567670162,0.3471966705959087,0.7,1.0007087745979395,0.8973616399098298
2020-03,3,2020-06,2020-04-13T21:59:00+00:00,STATE_FAST_R15,0.2385189087402907,0.6283662477558183,3.317972350230406,2.95957160381782,0.6311145122855971,0.8060948261632036,0.4292580968375046,0.5,1.4290481869470162,1.3961157910137372
2020-03,4,2020-07,2020-04-13T21:59:00+00:00,STATE_FAST_R15,0.38760041707263926,0.4460303300624524,3.397612488521572,2.978997259922772,1.0179656943429771,1.2511333889107898,0.7386423871271754,1.2,2.16497597047322,2.588972877541117
2020-03,5,2020-08,2020-04-13T21:59:00+00:00,STATE_FAST_R15,0.1174358828635157,0.0,3.302752293577968,3.005344461349669,1.1353326752120745,1.2511333889107898,0.3533534997456751,0.0,2.5177066434954485,2.588972877541117
2020-03,6,2020-09,2020-04-13T21:59:00+00:00,STATE_FAST_R15,-0.08693614818983912,-0.6216696269982114,3.2287822878228734,3.485440207440374,1.0483587156368286,0.6275233501397564,-0.22895086529176076,-0.8,2.288493284979892,1.7857557078146913
2020-03,7,2020-10,2020-04-13T21:59:00+00:00,STATE_FAST_R15,0.4135660635737212,0.1787310098301908,2.9384756657483617,3.4363160898659157,1.4610719453116559,0.8060948261632095,0.6062397842514748,0.5,2.892902829221735,2.284509858918599
2020-03,8,2020-11,2020-04-13T21:59:00+00:00,STATE_FAST_R15,0.1749135350705595,0.0,2.655677655677633,3.3325774590643524,1.6358326848059435,0.8060948261632096,0.20244561653923973,0.0,3.0951438007726884,2.284509858918599
2020-03,9,2020-12,2020-04-13T21:59:00+00:00,STATE_FAST_R15,0.23689997642056512,-0.1784121320249632,2.285191956124307,3.388016968266915,1.872452495619964,0.6275233501397564,0.3796757710238115,0.0,3.474100622550439,2.284509858918599
2020-03,10,2021-01,2020-04-13T21:59:00+00:00,STATE_FAST_R15,1.0154618854342088,1.3404825737265424,2.162162162162171,2.9324719503661374,2.8827932067195645,1.959100947716972,0.5881564370738737,0.7,4.0605341718680465,2.9820712325611227
2020-03,11,2021-02,2020-04-13T21:59:00+00:00,STATE_FAST_R15,0.36586682230316797,0.1763668430335041,2.066486972147356,3.0306066156478337,3.24799236437782,2.135312447056894,0.5404820945350676,0.3,4.599560903559156,3.2816221305409705
2020-03,12,2021-03,2020-04-13T21:59:00+00:00,STATE_FAST_R15,0.11922201414432,0.1760563380281743,2.33812949640288,3.4244732884061664,3.3671433655153438,2.311213987574857,0.22467742884609035,-0.2,4.823986310090992,3.081421863473663
2020-04,1,2020-05,2020-05-12T21:59:00+00:00,STATE_FAST_R15,0.13067152048601866,0.3603603603603567,2.862419205909517,2.485405569715463,0.13058621955595007,0.3597126180849475,0.13796204869332906,0.7,0.13786696849860722,0.6975613736425241
2020-04,2,2020-06,2020-05-12T21:59:00+00:00,STATE_FAST_R15,0.14066363656855113,0.6283662477558183,3.317972350230406,2.440386345988598,0.2711510175070436,0.986112876577989,0.227811835740159,0.5,0.36541970650517186,1.1963155247464314
2020-04,3,2020-07,2020-05-12T21:59:00+00:00,STATE_FAST_R15,0.2876616815463201,0.4460303300624524,3.397612488521572,2.357712461954453,0.5583997445898308,1.431151439325575,0.5429631935573833,1.2,0.9069141689623688,2.3891726112738114
2020-04,4,2020-08,2020-05-12T21:59:00+00:00,STATE_FAST_R15,0.019999186419438056,0.0,3.302752293577968,2.284258232994768,0.5783969314385757,1.431151439325575,0.1635135724653575,0.0,1.070294203534393,2.3891726112738114
2020-04,5,2020-09,2020-05-12T21:59:00+00:00,STATE_FAST_R15,-0.1860943650000001,-0.6216696269982114,3.2287822878228734,2.6590084515072054,0.39212919575304556,0.8075414005545418,-0.4136399942039467,-0.8,0.655796352663675,1.5859554415473855
2020-04,6,2020-10,2020-05-12T21:59:00+00:00,STATE_FAST_R15,0.3147371828988266,0.1787310098301908,2.9384756657483617,2.5092857140551703,0.706372117990214,0.9861128765779948,0.4232712417251295,0.5,1.0781743214263912,2.084709592651293
2020-04,7,2020-11,2020-05-12T21:59:00+00:00,STATE_FAST_R15,0.07750460153960588,0.0,2.655677655677633,2.3068979430727756,0.7838467002234154,0.9861128765779948,0.02281433164553959,0.0,1.1009860509990448,2.084709592651293
2020-04,8,2020-12,2020-05-12T21:59:00+00:00,STATE_FAST_R15,0.13979400116582416,-0.1784121320249632,2.285191956124307,2.26262266846456,0.923543080543563,0.8075414005545418,0.20181281509197052,0.0,1.3025954975991576,2.084709592651293
2020-04,9,2021-01,2020-05-12T21:59:00+00:00,STATE_FAST_R15,0.9188748079180804,1.3404825737265424,2.162162162162171,1.7146875962279948,1.8382219181218455,2.1391189981317575,0.4115964084423227,0.7,1.713347165179657,2.782270966293817
2020-04,10,2021-02,2020-05-12T21:59:00+00:00,STATE_FAST_R15,0.2698038064695918,0.1763668430335041,2.066486972147356,1.7142144129042365,2.1076624074704062,2.3153304974716797,0.36534300121195085,0.3,2.078024409886081,3.081821864273665
2020-04,11,2021-03,2020-05-12T21:59:00+00:00,STATE_FAST_R15,0.03548480206684758,0.1760563380281743,2.33812949640288,1.8418095756529287,2.1431409151703504,2.491232037989642,-0.0029407732570163616,-0.2,2.0750835933874803,2.8816215972063572
2020-04,12,2021-04,2020-05-12T21:59:00+00:00,STATE_FAST_R15,0.20264079880248492,0.5272407732864748,3.0630630630630717,2.3733016701068212,2.3455766744552244,3.017087763336347,0.4494255921182461,0.3,2.523502284411768,3.181172495186205
2020-05,1,2020-06,2020-06-09T21:59:00+00:00,STATE_FAST_R15,0.1443739778506148,0.6283662477558183,3.317972350230406,2.631693836354704,0.14426985882501775,0.6264002584930415,0.1407733151579111,0.5,0.14067432241929118,0.49875415110390736
2020-05,2,2020-07,2020-06-09T21:59:00+00:00,STATE_FAST_R15,0.27134934027851587,0.4460303300624524,3.397612488521572,2.532185420237372,0.4152517114146919,1.0714388212406278,0.45897148547652106,1.2,0.5985957455387152,1.6916112376312875
2020-05,3,2020-08,2020-06-09T21:59:00+00:00,STATE_FAST_R15,-0.019120482744349424,0.0,3.302752293577968,2.418532532176854,0.3961294004729968,1.0714388212406278,0.08248529665906087,0.0,0.6810470417725678,1.6916112376312875
2020-05,4,2020-09,2020-06-09T21:59:00+00:00,STATE_FAST_R15,-0.27070378042766147,-0.6216696269982114,3.2287822878228734,2.7066393404995814,0.12505855477227876,0.44782878246959446,-0.49209636733454926,-0.8,0.1877358933633591,0.8883940679048615
2020-05,5,2020-10,2020-06-09T21:59:00+00:00,STATE_FAST_R15,0.2953568650555879,0.1787310098301908,2.9384756657483617,2.537033653365497,0.4199800983963677,0.6264002584930476,0.34585372244356993,0.5,0.5329929172273292,1.387148219008769
2020-05,6,2020-11,2020-06-09T21:59:00+00:00,STATE_FAST_R15,0.03160225105018015,0.0,2.655677655677633,2.2876534947530174,0.45157735698698276,0.6264002584930476,-0.05294131435240537,0.0,0.4800375840130322,1.387148219008769
2020-05,7,2020-12,2020-06-09T21:59:00+00:00,STATE_FAST_R15,0.10770226961850023,-0.1784121320249632,2.285191956124307,2.2106206801317736,0.559221669321552,0.44782878246959434,0.12700607399250577,0.0,0.606963073515631,1.387148219008769
2020-05,8,2021-01,2020-06-09T21:59:00+00:00,STATE_FAST_R15,0.8118842175193345,1.3404825737265424,2.162162162162171,1.5551847931533267,1.3678278376180213,1.77940638004681,0.3375024563364274,0.7,0.9438972685501654,2.084709592651293
2020-05,9,2021-02,2020-06-09T21:59:00+00:00,STATE_FAST_R15,0.23716667643768696,0.1763668430335041,2.066486972147356,1.5216569929397274,1.6047137177761468,1.9556178793867323,0.29197838879334514,0.3,1.2354502283518642,2.384260490631141
2020-05,10,2021-03,2020-06-09T21:59:00+00:00,STATE_FAST_R15,-0.007521994008163481,0.1760563380281743,2.33812949640288,1.6053101268002528,1.5971914408518268,2.131519419904695,-0.07548204924802183,-0.2,1.1599396770615293,2.184060223563833
2020-05,11,2021-04,2020-06-09T21:59:00+00:00,STATE_FAST_R15,0.19479064859304399,0.5272407732864748,3.0630630630630717,1.9866570086253654,1.7917926184689046,2.6573751452514,0.35452369068391554,0.3,1.5138364138722191,2.4836111215436807
2020-05,12,2021-05,2020-06-09T21:59:00+00:00,STATE_FAST_R15,0.2347192487323425,0.1748251748251661,2.872531418312392,2.046904365393686,2.0262368318624646,2.8320476787455577,0.0764936123491588,0.4,1.5903007847686723,2.882813248497426
2020-06,1,2020-07,2020-07-09T21:59:00+00:00,STATE_FAST_R15,0.43023905684423513,0.4460303300624524,3.397612488521572,3.0890897526539023,0.4293161747333694,0.44503856274758624,0.7125603486679477,1.2,0.7100336332299964,1.1928570865273802
2020-06,2,2020-08,2020-07-09T21:59:00+00:00,STATE_FAST_R15,0.09444986120357425,0.0,3.302752293577968,3.0917907802955806,0.5237214601211928,0.44503856274758624,0.3255491023193503,0.0,1.0350539717390093,1.1928570865273802
2020-06,3,2020-09,2020-07-09T21:59:00+00:00,STATE_FAST_R15,-0.10387732327040844,-0.6216696269982114,3.2287822878228734,3.554727812175653,0.4197901469672663,-0.17857147602344717,-0.2580431352558155,-0.8,0.7766773313366313,0.3896399168009542
2020-06,4,2020-10,2020-07-09T21:59:00+00:00,STATE_FAST_R15,0.3859982822160958,0.1787310098301908,2.9384756657483617,3.477154136299051,0.8050453673374954,5.963111948670274e-15,0.5757349240033572,0.5,1.3507612357927687,0.8883940679048616
2020-06,5,2020-11,2020-07-09T21:59:00+00:00,STATE_FAST_R15,0.1531889853898813,0.0,2.655677655677633,3.3509563604273978,0.9581171380924904,5.963111948670274e-15,0.1711317089101105,0.0,1.5217466812389082,0.8883940679048616
2020-06,6,2020-12,2020-07-09T21:59:00+00:00,STATE_FAST_R15,0.21446344599938233,-0.1784121320249632,2.285191956124307,3.383259753326442,1.172350939520684,-0.17857147602344728,0.3475599804713761,0.0,1.868704067856559,0.8883940679048616
2020-06,7,2021-01,2020-07-09T21:59:00+00:00,STATE_FAST_R15,1.0039524618831652,1.3404825737265424,2.162162162162171,2.916008393752956,2.1712972768659795,1.1530061215537684,0.5553755103426596,0.7,2.4225430547698377,1.5859554415473858
2020-06,8,2021-02,2020-07-09T21:59:00+00:00,STATE_FAST_R15,0.34375283222414804,0.1763668430335041,2.066486972147356,2.991429871549474,2.5144606295572713,1.3292176208936906,0.5072381866103722,0.3,2.9284991222612344,1.8855063395272338
2020-06,9,2021-03,2020-07-09T21:59:00+00:00,STATE_FAST_R15,0.11021718800608479,0.1760563380281743,2.33812949640288,3.1976644029388437,2.6246171230138193,1.505119161411653,0.13698494783220463,-0.2,3.0653903313093607,1.685306072459926
2020-06,10,2021-04,2020-07-09T21:59:00+00:00,STATE_FAST_R15,0.29210008455984665,0.5272407732864748,3.0630630630630717,3.685589741559512,2.916291424217516,2.030974886758358,0.5662948405949644,0.3,3.6300877505775224,1.984856970439774
2020-06,11,2021-05,2020-07-09T21:59:00+00:00,STATE_FAST_R15,0.3485675153578555,0.1748251748251661,2.872531418312392,3.6734061654501335,3.2642528510217503,2.205647420252516,0.31888671646445016,0.4,3.948467101679971,2.3840590973935196
2020-06,12,2021-06,2020-07-09T21:59:00+00:00,STATE_FAST_R15,0.20493187456191592,0.523560209424101,2.765388046387192,3.5298457897665516,3.468975026662023,2.7278418183677005,0.3735514541426856,0.9,4.3213225850457055,3.28003323454071
2020-07,1,2020-08,2020-08-12T21:59:00+00:00,STATE_FAST_R15,0.13615793414432714,0.0,3.302752293577968,3.4855482339482817,0.13606532328433257,0.0,0.3595379466028491,0.0,0.3588931539815386,0.0
2020-07,2,2020-09,2020-08-12T21:59:00+00:00,STATE_FAST_R15,-0.10019575316988677,-0.6216696269982114,3.2287822878228734,3.9540844274224005,0.03581934061499294,-0.6236100387710334,-0.2255409941281616,-0.8,0.13309743307226557,-0.803217169726426
2020-07,3,2020-10,2020-08-12T21:59:00+00:00,STATE_FAST_R15,0.4056549915261539,0.1787310098301908,2.9384756657483617,3.8965517227002144,0.4406537706310075,-0.44503856274758025,0.6074689614970511,0.5,0.7387287402379707,-0.3044630186225186
2020-07,4,2020-11,2020-08-12T21:59:00+00:00,STATE_FAST_R15,0.16794350446476874,0.0,2.655677655677633,3.785129784239945,0.6084564076887033,-0.44503856274758025,0.2019095981946978,0.0,0.9404347749668487,-0.3044630186225186
2020-07,5,2020-12,2020-08-12T21:59:00+00:00,STATE_FAST_R15,0.2343807133481602,-0.1784121320249632,2.285191956124307,3.8382022541691914,0.8425628778747103,-0.6236100387710335,0.3777281264639404,0.0,1.3174513001257742,-0.3044630186225186
2020-07,6,2021-01,2020-08-12T21:59:00+00:00,STATE_FAST_R15,1.0087695102522,1.3404825737265424,2.162162162162171,3.3738245712455748,1.8462782696863993,0.7079675588061821,0.5850738753009956,0.7,1.9008202649871568,0.3930983550200055
2020-07,7,2021-02,2020-08-12T21:59:00+00:00,STATE_FAST_R15,0.36415233515901535,0.1763668430335041,2.066486972147356,3.470612463409791,2.209769175483383,0.8841790581461044,0.5364967340097639,0.3,2.435882981952121,0.6926492529998534
2020-07,8,2021-03,2020-08-12T21:59:00+00:00,STATE_FAST_R15,0.12839879018022166,0.1760563380281743,2.33812949640288,3.6966360638663804,2.3380856049096095,1.060080598664067,0.16579648638879393,-0.2,2.601542177694185,0.4924489859325456
2020-07,9,2021-04,2020-08-12T21:59:00+00:00,STATE_FAST_R15,0.31406999937784685,0.5272407732864748,3.0630630630630717,4.209743684662161,2.651663434700332,1.585936324010772,0.5949573582186581,0.3,3.1947366534325807,0.7919998839123935
2020-07,10,2021-05,2020-08-12T21:59:00+00:00,STATE_FAST_R15,0.36627023692140226,0.1748251748251661,2.872531418312392,4.215880238172163,3.0172645355891485,1.76060885750493,0.347261222925402,0.4,3.541396316826301,1.1912020108661387
2020-07,11,2021-06,2020-08-12T21:59:00+00:00,STATE_FAST_R15,0.2734102289996873,0.523560209424101,2.765388046387192,3.848269639691118,3.29030167870416,2.2828032556201148,0.41266594165384246,0.9,3.9532131278302236,2.087176148013329
2020-07,12,2021-07,2020-08-12T21:59:00+00:00,STATE_FAST_R15,0.38173384415519884,1.041666666666674,3.3747779751332514,3.739533663428825,3.6713087681458054,3.31908195917478,0.7150582460265142,1.5,4.66572695456707,3.5760373973883945
2020-08,1,2020-09,2020-09-09T21:59:00+00:00,STATE_FAST_R15,-0.012707233534430554,-0.6216696269982114,3.2287822878228734,3.8957523283688413,-0.012708040971753737,-0.6236100387710334,-0.06754848094938566,-0.8,-0.0675713052146536,-0.803217169726426
2020-08,2,2020-10,2020-09-09T21:59:00+00:00,STATE_FAST_R15,0.4412749358154384,0.1787310098301908,2.9384756657483617,3.875089600701153,0.42759613177382766,-0.44503856274758025,0.760687894516978,0.5,0.6902379480384723,-0.3044630186225186
2020-08,3,2020-11,2020-09-09T21:59:00+00:00,STATE_FAST_R15,0.22601076832464992,0.0,2.655677655677633,3.823842394056158,0.6533518799378838,-0.44503856274758025,0.3496566828712077,0.0,1.0392847531690115,-0.3044630186225186
2020-08,4,2020-12,2020-09-09T21:59:00+00:00,STATE_FAST_R15,0.2796757180262287,-0.1784121320249632,2.285191956124307,3.9238757020690476,0.9326372330956315,-0.6236100387710335,0.5218444446123185,0.0,1.559772308180991,-0.3044630186225186
2020-08,5,2021-01,2020-09-09T21:59:00+00:00,STATE_FAST_R15,1.1175114373636503,1.3404825737265424,2.162162162162171,3.570494745689413,2.043950644415543,0.7079675588061821,0.726369560431222,0.7,2.2835165104565416,0.3930983550200055
2020-08,6,2021-02,2020-09-09T21:59:00+00:00,STATE_FAST_R15,0.4124360767304454,0.1763668430335041,2.066486972147356,3.717339696553839,2.4555385349099406,0.8841790581461044,0.6752307931569417,0.3,2.956477830884565,0.6926492529998534
2020-08,7,2021-03,2020-09-09T21:59:00+00:00,STATE_FAST_R15,0.18428359832713082,0.1760563380281743,2.33812949640288,4.001916614306168,2.6396525393378703,1.060080598664067,0.3020316914234228,-0.2,3.2580543229288015,0.4924489859325456
2020-08,8,2021-04,2020-09-09T21:59:00+00:00,STATE_FAST_R15,0.3556751751800773,0.5272407732864748,3.0630630630630717,4.5598829568623325,2.9946966861981554,1.585936324010772,0.7301796316287208,0.3,3.98558104924066,0.7919998839123935
2020-08,9,2021-05,2020-09-09T21:59:00+00:00,STATE_FAST_R15,0.423247515798086,0.1748251748251661,2.872531418312392,4.625401589801161,3.4170510290327845,1.76060885750493,0.4808763946066486,0.4,4.465304926624875,1.1912020108661387
2020-08,10,2021-06,2020-09-09T21:59:00+00:00,STATE_FAST_R15,0.322466044273307,0.523560209424101,2.765388046387192,4.307350797274521,3.7389982665753774,2.2828032556201148,0.5453482349268607,0.9,5.0091715223529185,2.087176148013329
2020-08,11,2021-07,2020-09-09T21:59:00+00:00,STATE_FAST_R15,0.3813598563330595,1.041666666666674,3.3747779751332514,4.2401942778247035,4.119632789709893,3.31908195917478,0.9064720093969811,1.5,5.911559734663069,3.5760373973883945
2020-08,12,2021-08,2020-09-09T21:59:00+00:00,STATE_FAST_R15,0.1554856845587103,0.6872852233676952,4.085257548845505,4.367691920591369,4.274997720431838,4.004016143732257,0.46415002164081576,1.0,6.374635901673188,4.571070482705203
2020-09,1,2020-10,2020-10-11T21:59:00+00:00,STATE_FAST_R15,0.3295529257765708,0.1787310098301908,2.9384756657483617,3.3448769992440153,0.32901109021907027,0.17857147602345314,0.5617915519606969,0.5,0.5602193886601133,0.49875415110390736
2020-09,2,2020-11,2020-10-11T21:59:00+00:00,STATE_FAST_R15,0.13137838364932997,0.0,2.655677655677633,3.1963623287019147,0.46030324798313577,0.17857147602345314,0.1590842704955421,0.0,0.7191772541725994,0.49875415110390736
2020-09,3,2020-12,2020-10-11T21:59:00+00:00,STATE_FAST_R15,0.1874401638875358,-0.1784121320249632,2.285191956124307,3.2007813393413853,0.6475679620036148,-1.3010426069826053e-16,0.33696581301388634,0.0,1.055576609546493,0.49875415110390736
2020-09,4,2021-01,2020-10-11T21:59:00+00:00,STATE_FAST_R15,1.0278213268421312,1.3404825737265424,2.162162162162171,2.758632496828707,1.670143122303245,1.3315775975772155,0.5459414531187959,0.7,1.6000332041679317,1.1963155247464314
2020-09,5,2021-02,2020-10-11T21:59:00+00:00,STATE_FAST_R15,0.32424599776825,0.1763668430335041,2.066486972147356,2.8139477156943196,1.9938645763050808,1.5077890969171377,0.4987538431594378,0.3,2.097547390529022,1.4958664227262792
2020-09,6,2021-03,2020-10-11T21:59:00+00:00,STATE_FAST_R15,0.09820838469698101,0.1760563380281743,2.33812949640288,3.007469021148254,2.0920247681183253,1.6836906374351,0.12928523824894975,-0.2,2.2267491273760687,1.2956661556589715
2020-09,7,2021-04,2020-10-11T21:59:00+00:00,STATE_FAST_R15,0.27057821433427703,0.5272407732864748,3.0630630630630717,3.4722860253150905,2.3622375785893306,2.209546362781805,0.5591674117181298,0.3,2.784359001586532,1.5952170536388195
2020-09,8,2021-05,2020-10-11T21:59:00+00:00,STATE_FAST_R15,0.3393179680174085,0.1748251748251661,2.872531418312392,3.4505911606160353,2.700981162149348,2.384218896275963,0.31225986634168756,0.4,3.0961323493459876,1.9944191805925648
2020-09,9,2021-06,2020-10-11T21:59:00+00:00,STATE_FAST_R15,0.2393007174948552,0.523560209424101,2.765388046387192,3.0506138917153516,2.939996011442844,2.9064132943911476,0.37820251164964347,0.9,3.4736214734305797,2.8903933177397554
2020-09,10,2021-07,2020-10-11T21:59:00+00:00,STATE_FAST_R15,0.2985219759636525,1.041666666666674,3.3747779751332514,2.899280619568225,3.2380732953383853,3.942691997945813,0.7399937078910513,1.5,4.210890660482326,4.37925456711482
2020-09,11,2021-08,2020-10-11T21:59:00+00:00,STATE_FAST_R15,0.06366402896685439,0.6872852233676952,4.085257548845505,2.964790447388552,3.301717067359454,4.62762618250329,0.25946246912531795,1.0,4.470017106853011,5.3742876524316285
2020-09,12,2021-09,2020-10-11T21:59:00+00:00,STATE_FAST_R15,-0.09425608387685223,0.1706484641638139,4.915102770330665,3.259408516190046,3.2074165345030896,4.798129207611665,-0.2797656837966994,0.2,4.189859347434391,5.574087918698934
2020-10,1,2020-11,2020-11-09T22:59:00+00:00,STATE_FAST_R15,0.035953927888916166,0.0,2.655677655677633,2.697527042013431,0.03594746601308202,0.0,-0.031552789430031696,0.0,-0.03155776836999295,0.0
2020-10,2,2020-12,2020-11-09T22:59:00+00:00,STATE_FAST_R15,0.09007172946000527,-0.1784121320249632,2.285191956124307,2.602112523729662,0.1259786552325519,-0.17857147602345325,0.15326690217221112,0.0,0.12159179995970788,0.0
2020-10,3,2021-01,2020-11-09T22:59:00+00:00,STATE_FAST_R15,0.908610891712975,1.3404825737265424,2.162162162162171,2.0419792284803506,1.0304865131958687,1.1530061215537624,0.36769382629543973,0.7,0.48861128500758266,0.6975613736425241
2020-10,4,2021-02,2020-11-09T22:59:00+00:00,STATE_FAST_R15,0.23534848279713572,0.1763668430335041,2.066486972147356,2.0064403962586996,1.265558485208873,1.3292176208936846,0.325255028756663,0.3,0.8133385037716125,0.997112271622372
2020-10,5,2021-03,2020-11-09T22:59:00+00:00,STATE_FAST_R15,0.014017711131954002,0.1760563380281743,2.33812949640288,2.1124846336220253,1.2795752139515049,1.5051191614116473,-0.039857172086784055,-0.2,0.7734733866028012,0.7969120045550643
2020-10,6,2021-04,2020-11-09T22:59:00+00:00,STATE_FAST_R15,0.1933216297984943,0.5272407732864748,3.0630630630630717,2.494232297563557,1.4727102179738782,2.030974886758352,0.3922865483588975,0.3,1.1649924976623685,1.0964629025349122
2020-10,7,2021-05,2020-11-09T22:59:00+00:00,STATE_FAST_R15,0.2559195051018989,0.1748251748251661,2.872531418312392,2.3875708104806095,1.728302806753286,2.20564742025251,0.14817312535689445,0.4,1.3130559549628977,1.4956650294886575
2020-10,8,2021-06,2020-11-09T22:59:00+00:00,STATE_FAST_R15,0.1610577088852999,0.523560209424101,2.765388046387192,1.912092693344682,1.8892309568016377,2.7278418183676947,0.21591669688694337,0.9,1.5287398867421393,2.391639166635848
2020-10,9,2021-07,2020-11-09T22:59:00+00:00,STATE_FAST_R15,0.2277704906071613,1.041666666666674,3.3747779751332514,1.6906472373449646,2.1167424436417166,3.764120521922361,0.578655533693073,1.5,2.1057276400113953,3.8805004160109133
2020-10,10,2021-08,2020-11-09T22:59:00+00:00,STATE_FAST_R15,-0.01282622914004896,0.6872852233676952,4.085257548845505,1.6776041619163036,2.1039153918705553,4.4490547064798385,0.10011410014925755,1.0,2.205791659417879,4.8755335013277215
2020-10,11,2021-09,2020-11-09T22:59:00+00:00,STATE_FAST_R15,-0.2617900582741337,0.1706484641638139,4.915102770330665,2.0458101098060144,1.841782064195709,4.619557731588213,-0.49782064976421114,0.2,1.7067277548212039,5.075333767595027
2020-10,12,2021-10,2020-11-09T22:59:00+00:00,STATE_FAST_R15,0.2904403144589858,1.0221465076660996,5.798394290811807,2.1546866352224505,2.131801415673874,5.636515648551113,0.39921071638053407,1.3,2.1051437396216466,6.36695629424966
2020-11,1,2020-12,2020-12-09T22:59:00+00:00,STATE_FAST_R15,0.11921152601554749,-0.1784121320249632,2.285191956124307,2.726804436537213,0.11914052549747134,-0.17857147602345325,0.20175797264581058,0.0,0.20155471459514473,0.0
2020-11,2,2021-01,2020-12-09T22:59:00+00:00,STATE_FAST_R15,0.9151196013341323,1.3404825737265424,2.162162162162171,2.1725802255654214,1.0300982787307975,1.1530061215537624,0.4144293642628717,0.7,0.615127685649471,0.6975613736425241
2020-11,3,2021-02,2020-12-09T22:59:00+00:00,STATE_FAST_R15,0.2637005334811642,0.1763668430335041,2.066486972147356,2.1658858488839163,1.2934517323888375,1.3292176208936846,0.370483978081749,0.3,0.9849270622127585,0.997112271622372
2020-11,4,2021-03,2020-12-09T22:59:00+00:00,STATE_FAST_R15,0.03897747950585766,0.1760563380281743,2.33812949640288,2.2976191435991287,1.3324216176484516,1.5051191614116473,0.0040220589473132715,-0.2,0.9889490402774497,0.7969120045550643
2020-11,5,2021-04,2020-12-09T22:59:00+00:00,STATE_FAST_R15,0.22196875694370513,0.5272407732864748,3.0630630630630717,2.7094170645775137,1.5541443878886938,2.030974886758352,0.435403293934991,0.3,1.4234071965179156,1.0964629025349122
2020-11,6,2021-05,2020-12-09T22:59:00+00:00,STATE_FAST_R15,0.2783790454589977,0.1748251748251661,2.872531418312392,2.6255168769588977,1.8321366764833869,2.20564742025251,0.19042514126817772,0.4,1.61365125895726,1.4956650294886575
2020-11,7,2021-06,2020-12-09T22:59:00+00:00,STATE_FAST_R15,0.18626681763869496,0.523560209424101,2.765388046387192,2.1746431897614706,2.018230232604429,2.7278418183676947,0.2575889766684615,0.9,1.8709090438416502,2.391639166635848
2020-11,8,2021-07,2020-12-09T22:59:00+00:00,STATE_FAST_R15,0.25834143046289704,1.041666666666674,3.3747779751332514,1.9837242825209525,2.2762385352086945,3.764120521922361,0.6199902370827172,1.5,2.4889852485891213,3.8805004160109133
2020-11,9,2021-08,2020-12-09T22:59:00+00:00,STATE_FAST_R15,0.011821741889154233,0.6872852233676952,4.085257548845505,1.995780535174579,2.2880595783850084,4.4490547064798385,0.1408632688148499,1.0,2.6297493981722733,4.8755335013277215
2020-11,10,2021-09,2020-12-09T22:59:00+00:00,STATE_FAST_R15,-0.24922264946953535,0.1706484641638139,4.915102770330665,2.378037110007559,2.0385258523140464,4.619557731588213,-0.45762412673088454,0.2,2.1710749667110294,5.075333767595027
2020-11,11,2021-10,2020-12-09T22:59:00+00:00,STATE_FAST_R15,0.3335345189317699,1.0221465076660996,5.798394290811807,2.5362391479032644,2.371505378588222,5.636515648551113,0.45880374177662014,1.3,2.6288294123694387,6.36695629424966
2020-11,12,2021-11,2020-12-09T22:59:00+00:00,STATE_FAST_R15,0.08508241855521902,0.1686340640809414,5.976806422836781,2.4869734504533296,2.4565516225710518,5.8050076850430585,0.038627447960651276,1.1,2.667449401852028,7.460950298083096
2020-12,1,2021-01,2021-01-12T22:59:00+00:00,STATE_FAST_R15,0.9264512152188094,1.3404825737265424,2.162162162162171,2.1043818885944647,0.9221859792630185,1.3315775975772155,0.4155363244185641,0.7,0.41467535649955367,0.6975613736425241
2020-12,2,2021-02,2021-01-12T22:59:00+00:00,STATE_FAST_R15,0.26589793213274054,0.1763668430335041,2.066486972147356,2.099929573050318,1.1877310282451183,1.507789096917138,0.37158101662640397,0.3,0.785567716284564,0.997112271622372
2020-12,3,2021-03,2021-01-12T22:59:00+00:00,STATE_FAST_R15,0.04078108456690404,0.1760563380281743,2.33812949640288,2.2334209588589995,1.228503799587802,1.6836906374351004,0.005107569939522188,-0.2,0.790675155792174,0.7969120045550643
2020-12,4,2021-04,2021-01-12T22:59:00+00:00,STATE_FAST_R15,0.222235717744056,0.5272407732864748,3.0630630630630717,2.6452338656754573,1.4504929390164683,2.2095463627818055,0.43648744374107007,0.3,1.2262127560525156,1.0964629025349122
2020-12,5,2021-05,2021-01-12T22:59:00+00:00,STATE_FAST_R15,0.28002045573140466,0.1748251748251661,2.872531418312392,2.563064887108875,1.7301220678297968,2.3842188962759634,0.19150182350063497,0.4,1.4175314485733013,1.4956650294886575
2020-12,6,2021-06,2021-01-12T22:59:00+00:00,STATE_FAST_R15,0.18701715681865258,0.523560209424101,2.765388046387192,2.113230341050502,1.9169645652917984,2.906413294391148,0.25866251955527053,0.9,1.6758600123883853,2.391639166635848
2020-12,7,2021-07,2021-01-12T22:59:00+00:00,STATE_FAST_R15,0.25906422878307434,1.041666666666674,3.3747779751332514,1.923160982379237,2.1756938011415383,3.942691997945814,0.6210645604514915,1.5,2.2950039151459523,3.8805004160109133
2020-12,8,2021-08,2021-01-12T22:59:00+00:00,STATE_FAST_R15,0.012458282607592047,0.6872852233676952,4.085257548845505,1.9358588578170133,2.188151307769551,4.62762618250329,0.14193000829249874,1.0,2.4368332980027216,4.8755335013277215
2020-12,9,2021-09,2021-01-12T22:59:00+00:00,STATE_FAST_R15,-0.2487036533939977,0.1706484641638139,4.915102770330665,2.3184232126556408,1.9391378731080176,4.798129207611665,-0.4565657253607559,0.2,1.9792221280259121,5.075333767595027
2020-12,10,2021-10,2021-01-12T22:59:00+00:00,STATE_FAST_R15,0.3341601708302654,1.0221465076660996,5.798394290811807,2.477172145832216,2.272740969508381,5.815087124574566,0.45987030253761263,1.3,2.43803825773741,6.36695629424966
2020-12,11,2021-11,2021-01-12T22:59:00+00:00,STATE_FAST_R15,0.06766504671920877,0.1686340640809414,5.976806422836781,2.546513372241218,2.3403831337565606,5.983579161066511,0.01818460112389755,1.1,2.4562212056631325,7.460950298083096
2020-12,12,2021-12,2021-01-12T22:59:00+00:00,STATE_FAST_R15,0.148085769374258,0.4208754208754106,6.613047363717604,2.519577427276315,2.4883593642829918,6.4035713785990875,0.2184187431276248,0.8,2.6744017618209455,8.257767263000783
2021-01,1,2021-02,2021-02-11T22:59:00+00:00,STATE_FAST_R15,0.2524043795901534,0.1763668430335041,2.066486972147356,1.6279970378036528,0.2520863747290353,0.17621149933992233,0.30136832269030384,0.3,0.300915118674618,0.2995508979798479
2021-01,2,2021-03,2021-02-11T22:59:00+00:00,STATE_FAST_R15,-0.006974290299141234,0.1760563380281743,2.33812949640288,1.7122949159828884,0.24511184121495974,0.3521130398578848,-0.062169230899085014,-0.2,0.2387265546959469,0.09935063091254015
2021-01,3,2021-04,2021-02-11T22:59:00+00:00,STATE_FAST_R15,0.18371113391389907,0.5272407732864748,3.0630630630630717,2.082753801485416,0.42865443261457803,0.8779687652045898,0.37107336564239773,0.3,0.6091131415692962,0.39890152889238806
2021-01,4,2021-05,2021-02-11T22:59:00+00:00,STATE_FAST_R15,0.24054381553271348,0.1748251748251661,2.872531418312392,1.9608809544463386,0.668909404615441,1.0526412986987477,0.12796547724850987,0.4,0.7369968127825208,0.7981036558461334
2021-01,5,2021-06,2021-02-11T22:59:00+00:00,STATE_FAST_R15,0.15405600175138306,0.523560209424101,2.765388046387192,1.4802899210068887,0.8228468618427978,1.5748356968139323,0.19645906461102886,0.9,0.9332631489535885,1.694077792993324
2021-01,6,2021-07,2021-02-11T22:59:00+00:00,STATE_FAST_R15,0.2251126971453314,1.041666666666674,3.3747779751332514,1.2570975722059994,1.0477065599735107,2.611114400368598,0.5597406366404636,1.5,1.4914430589979752,3.1829390423683894
2021-01,7,2021-08,2021-02-11T22:59:00+00:00,STATE_FAST_R15,-0.02109087500526184,0.6872852233676952,4.085257548845505,1.2357415643230893,1.026613460530432,3.296048584926075,0.08177739758354752,1.0,1.573187037086233,4.177972127685198
2021-01,8,2021-09,2021-02-11T22:59:00+00:00,STATE_FAST_R15,-0.2810120567518163,0.1706484641638139,4.915102770330665,1.5827661280680583,0.745205823639354,3.4665516100344496,-0.5156595920201855,0.2,1.056193332696647,4.377772393952504
2021-01,9,2021-10,2021-02-11T22:59:00+00:00,STATE_FAST_R15,0.3016607710124429,1.0221465076660996,5.798394290811807,1.7074187869156794,1.0464125115125633,4.48350952699735,0.40079694285100287,1.3,1.456189224279956,5.669394920607137
2021-01,10,2021-11,2021-02-11T22:59:00+00:00,STATE_FAST_R15,0.035715471388273065,0.1686340640809414,5.976806422836781,1.7437440709722716,1.082121606444563,4.6520015634892955,-0.04017937909945692,1.1,1.4160017711051602,6.763388924440573
2021-01,11,2021-12,2021-02-11T22:59:00+00:00,STATE_FAST_R15,0.06194339409868259,0.4208754208754106,6.613047363717604,1.9887278631386716,1.1440458235417317,5.071993781021873,0.1295743296765447,0.8,1.545492225693054,7.560205889358261
2021-01,12,2022-01,2021-02-11T22:59:00+00:00,STATE_FAST_R15,0.8970401565410144,4.442581726739303,9.876543209876534,2.0579766911830673,2.0370864751859616,9.4187215059701,0.3700450657663108,1.7,1.9148543090823824,9.24591759600055
2021-02,1,2021-03,2021-03-09T22:59:00+00:00,STATE_FAST_R15,0.13773109211219617,0.1760563380281743,2.33812949640288,2.556732283278903,0.13763632984494834,0.17590154051796245,0.06906626259706877,-0.2,0.06904242283011564,-0.20020026706730776
2021-02,2,2021-04,2021-03-09T22:59:00+00:00,STATE_FAST_R15,0.26766294211499625,0.5272407732864748,3.0630630630630717,3.01652016132685,0.404941692636474,0.7017572658646675,0.49785961402204404,0.3,0.5656668139632979,0.09935063091254015
2021-02,3,2021-05,2021-03-09T22:59:00+00:00,STATE_FAST_R15,0.30907062818941944,0.1748251748251661,2.872531418312392,2.963872983603649,0.7135356794130518,0.8764297993588254,0.25044000781473,0.4,0.8157937433971924,0.4985527578662855
2021-02,4,2021-06,2021-03-09T22:59:00+00:00,STATE_FAST_R15,0.2269599306672807,0.523560209424101,2.765388046387192,2.5531503356202623,0.9402384450638811,1.3986241974740101,0.3158115949221253,0.9,1.1311077009575996,1.394526895013476
2021-02,5,2021-07,2021-03-09T22:59:00+00:00,STATE_FAST_R15,0.28858796816491095,1.041666666666674,3.3747779751332514,2.3924052055656673,1.2284107975711291,2.434902901028676,0.6769520538430214,1.5,1.8057787229262612,2.883388144388541
2021-02,6,2021-08,2021-03-09T22:59:00+00:00,STATE_FAST_R15,0.0428903394754364,0.6872852233676952,4.085257548845505,2.4363216557553984,1.2712919417696271,3.119837085586153,0.19638246070944188,1.0,2.0019686053667427,3.8784212297053493
2021-02,7,2021-09,2021-03-09T22:59:00+00:00,STATE_FAST_R15,-0.21903500997354758,0.1706484641638139,4.915102770330665,2.851345826361561,1.0520166992584286,3.290340110694528,-0.40336824208138733,0.2,1.597784639271739,4.078221495972655
2021-02,8,2021-10,2021-03-09T22:59:00+00:00,STATE_FAST_R15,0.3634238612970737,1.0221465076660996,5.798394290811807,3.0409659996897025,1.4147817716888678,4.307298027657428,0.5128070746138635,1.3,2.1092813363035177,5.369844022627288
2021-02,9,2021-11,2021-03-09T22:59:00+00:00,STATE_FAST_R15,0.0965599793675139,0.1686340640809414,5.976806422836781,3.1404623351990892,1.5112951618968808,4.475790064149373,0.07029089847846079,1.1,2.179547542300301,6.463838026460724
2021-02,10,2021-12,2021-03-09T22:59:00+00:00,STATE_FAST_R15,0.1224653073770186,0.4208754208754106,6.613047363717604,3.4513433667370315,1.6336855416836418,4.89578228168195,0.23939248405501637,0.8,2.4186539390382613,7.260654991378412
2021-02,11,2022-01,2021-03-09T22:59:00+00:00,STATE_FAST_R15,0.9633311895050312,4.442581726739303,9.876543209876534,3.0663361479096043,2.5924062819010447,9.242510006630175,0.5136985939376877,1.7,2.931037603010907,8.946366698020702
2021-02,12,2022-02,2021-03-09T22:59:00+00:00,STATE_FAST_R15,0.306606939642544,1.2841091492777013,11.091549295774657,2.940960761407157,2.898544141044062,10.518444382006189,0.43267048790662854,0.9,3.362774763348859,9.842340835167892
2021-03,1,2021-04,2021-04-12T21:59:00+00:00,STATE_FAST_R15,0.32184239542431564,0.5272407732864748,3.0630630630630717,2.82769207987757,0.3213255913530319,0.5258557253467051,0.4377664743806982,0.3,0.43681106424559346,0.2995508979798479
2021-03,2,2021-05,2021-04-12T21:59:00+00:00,STATE_FAST_R15,0.2729333814823554,0.1748251748251661,2.872531418312392,2.7381157328889647,0.5938871860150046,0.7005282588408629,0.19274038409409583,0.4,0.6293659423863976,0.6987530249335933
2021-03,3,2021-06,2021-04-12T21:59:00+00:00,STATE_FAST_R15,0.19506975519823633,0.523560209424101,2.765388046387192,2.2957348530341406,0.7887669272326857,1.2227226569560476,0.2598720101872548,0.9,0.8889008691293132,1.5947271620807837
2021-03,4,2021-07,2021-04-12T21:59:00+00:00,STATE_FAST_R15,0.2552709205490816,1.041666666666674,3.3747779751332514,2.101462626325139,1.0437125849840119,2.2590013605107133,0.6222544163786887,1.5,1.5092272766609622,3.083588411455849
2021-03,5,2021-08,2021-04-12T21:59:00+00:00,STATE_FAST_R15,0.013200540154172533,0.6872852233676952,4.085257548845505,2.1149405708971245,1.05691225394355,2.9439355450681903,0.14309508456054335,1.0,1.652220077768814,4.078621496772658
2021-03,6,2021-09,2021-04-12T21:59:00+00:00,STATE_FAST_R15,-0.2478500081638069,0.1706484641638139,4.915102770330665,2.499054170091593,0.8087545891906202,3.114438570176565,-0.45542281182186967,0.2,1.1957570568246874,4.2784217630399635
2021-03,7,2021-10,2021-04-12T21:59:00+00:00,STATE_FAST_R15,0.334463296473528,1.0221465076660996,5.798394290811807,2.65839350214124,1.1426598012262286,4.131396487139466,0.46101146649854574,1.3,1.655709120194148,5.5700442896945965
2021-03,8,2021-11,2021-04-12T21:59:00+00:00,STATE_FAST_R15,0.06838173710248661,0.1686340640809414,5.976806422836781,2.728593094899511,1.2110181686719808,4.29988852363141,0.01931097361240981,1.1,1.675018229478058,6.664038293528033
2021-03,9,2021-12,2021-04-12T21:59:00+00:00,STATE_FAST_R15,0.09439958055325559,0.4208754208754106,6.613047363717604,3.009349632754202,1.305373220842061,4.719880741163989,0.18879732773748828,0.8,1.8636375590627003,7.46085525844572
2021-03,10,2022-01,2021-04-12T21:59:00+00:00,STATE_FAST_R15,0.9359143970871235,4.442581726739303,9.876543209876534,2.598119059351148,2.2369350754412696,9.066608466112214,0.463342748679625,1.7,2.3259101795296715,9.146566965088011
2021-03,11,2022-02,2021-04-12T21:59:00+00:00,STATE_FAST_R15,0.2653969933748247,1.2841091492777013,11.091549295774657,2.689301503399087,2.5019805128708654,10.342542841488228,0.3902830861444236,0.9,2.715433637063948,10.042541102235202
2021-03,12,2022-03,2021-04-12T21:59:00+00:00,STATE_FAST_R15,0.044662999793924754,1.6640253565768592,12.741652021089632,2.5793372783193327,2.54663354171581,11.992874992936022,0.014153516227342774,0.7,2.729586151775681,10.740102475877725
2021-04,1,2021-05,2021-05-10T21:59:00+00:00,STATE_FAST_R15,0.2580293593282046,0.1748251748251661,2.872531418312392,2.6802040590948524,0.2576970351167645,0.17467253349415784,0.12624402149132422,0.4,0.12616440073043467,0.39920212695374535
2021-04,2,2021-06,2021-05-10T21:59:00+00:00,STATE_FAST_R15,0.17383139358944752,0.523560209424101,2.765388046387192,2.216401124414744,0.43137751680209235,0.6968669316093424,0.19590096685102007,0.9,0.32187373187404267,1.295176264100936
2021-04,3,2021-07,2021-05-10T21:59:00+00:00,STATE_FAST_R15,0.22990534069041102,1.041666666666674,3.3747779751332514,1.9964669116432652,0.6610189795330692,1.733145635164008,0.5601155314302455,1.5,0.8804264492552334,2.7840375134760014
2021-04,4,2021-08,2021-05-10T21:59:00+00:00,STATE_FAST_R15,-0.012699967592733771,0.6872852233676952,4.085257548845505,1.9835133933997526,0.6483182054261657,2.418079819721485,0.08289497422472297,1.0,0.9632870845717069,3.77907059879281
2021-04,5,2021-09,2021-05-10T21:59:00+00:00,STATE_FAST_R15,-0.2763817951600037,0.1706484641638139,4.915102770330665,2.3378528765715925,0.37155377058912253,2.5885828448298596,-0.5139566670408422,0.2,0.4480051173234655,3.9788708650601157
2021-04,6,2021-10,2021-05-10T21:59:00+00:00,STATE_FAST_R15,0.3044714847094916,1.0221465076660996,5.798394290811807,2.4663033978460676,0.6755626795765395,3.605540761792761,0.4029935365911257,1.3,0.8501888099786225,5.270493391714749
2021-04,7,2021-11,2021-05-10T21:59:00+00:00,STATE_FAST_R15,0.03819479690778342,0.1686340640809414,5.976806422836781,2.5054401943277886,0.7137501841285767,3.774032798284706,-0.0376117259748197,1.1,0.8125700090200775,6.364487395548185
2021-04,8,2021-12,2021-05-10T21:59:00+00:00,STATE_FAST_R15,0.06405468710872707,0.4208754208754106,6.613047363717604,2.7544260956609725,0.7777843649789465,4.194025015817283,0.13245142724456313,0.8,0.9449337967397438,7.161304360465873
2021-04,9,2022-01,2021-05-10T21:59:00+00:00,STATE_FAST_R15,0.905343518500461,4.442581726739303,9.876543209876534,2.3132158038209347,1.679054217698921,8.540752740765509,0.4073825291453206,1.7,1.3514887700437224,8.847016067108163
2021-04,10,2022-02,2021-05-10T21:59:00+00:00,STATE_FAST_R15,0.2350701942400643,1.2841091492777013,11.091549295774657,2.3731713485235613,1.913848554179553,9.816687116141523,0.3347953179063407,0.9,1.6857248961765925,9.742990204255353
2021-04,11,2022-03,2021-05-10T21:59:00+00:00,STATE_FAST_R15,-0.002504121426269046,1.6640253565768592,12.741652021089632,2.190694605277466,1.91134440139964,11.467019267589317,-0.08396930678925638,0.7,1.601720315417335,10.440551577897876
2021-04,12,2022-04,2021-05-10T21:59:00+00:00,STATE_FAST_R15,0.1988944039964165,1.7926734216679563,14.160839160839142,2.1324600473594857,2.1100412723544286,13.2438137896633,0.38907835036087196,1.5,1.9900437135680704,11.929412827272941
2021-05,1,2021-06,2021-06-09T21:59:00+00:00,STATE_FAST_R15,0.18538910396132757,0.523560209424101,2.765388046387192,2.821674961721108,0.18521747045579573,0.5221943981151846,0.17789207065080176,0.9,0.17773403010677186,0.8959741371471904
2021-05,2,2021-07,2021-06-09T21:59:00+00:00,STATE_FAST_R15,0.22596934201093855,1.041666666666674,3.3747779751332514,2.596409320950275,0.4109318857143963,1.5584731016698505,0.5427566910386401,1.5,0.7190231050119718,2.384835386522256
2021-05,3,2021-08,2021-06-09T21:59:00+00:00,STATE_FAST_R15,-0.02234608057160932,0.6872852233676952,4.085257548845505,2.573483044659838,0.3885833080341916,2.243407286227327,0.06618821442717882,1.0,0.7851894247011301,3.379868471839064
2021-05,4,2021-09,2021-06-09T21:59:00+00:00,STATE_FAST_R15,-0.2820405952104157,0.1706484641638139,4.915102770330665,2.924031626053835,0.10614422890306185,2.413910311335702,-0.5301107488612785,0.2,0.25366860330451424,3.5796687381063697
2021-05,5,2021-10,2021-06-09T21:59:00+00:00,STATE_FAST_R15,0.29495928168333196,1.0221465076660996,5.798394290811807,3.043445020568489,0.4006693592008309,3.430868228298603,0.3870563434846566,1.3,0.6399778109944494,4.871291264761003
2021-05,6,2021-11,2021-06-09T21:59:00+00:00,STATE_FAST_R15,0.029941798725152215,0.1686340640809414,5.976806422836781,3.07429808147601,0.4306066762639998,3.599360264790548,-0.053187640934040825,1.1,0.5867760204172046,5.965285268594439
2021-05,7,2021-12,2021-06-09T21:59:00+00:00,STATE_FAST_R15,0.05585724879079361,0.4208754208754106,6.613047363717604,3.316201185857632,0.4864483307003623,4.019352482323126,0.11708248246352884,0.8,0.7037900147953887,6.762102233512127
2021-05,8,2022-01,2021-06-09T21:59:00+00:00,STATE_FAST_R15,0.8972309159803411,4.442581726739303,9.876543209876534,2.8643079613078597,1.3796780456299995,8.36608020727135,0.3921586746936762,1.7,1.0951817517796594,8.447813940154417
2021-05,9,2022-02,2021-06-09T21:59:00+00:00,STATE_FAST_R15,0.22678935856169985,1.2841091492777013,11.091549295774657,2.916083418223792,1.6062106252841233,9.642014582647365,0.3197321918826162,0.9,1.414403887210241,9.343788077301607
2021-05,10,2022-03,2021-06-09T21:59:00+00:00,STATE_FAST_R15,-0.010661148910918086,1.6640253565768592,12.741652021089632,2.724258812984566,1.59554890803233,11.292346734095158,-0.09885028585187002,0.7,1.31550471224263,10.04134945094413
2021-05,11,2022-04,2021-06-09T21:59:00+00:00,STATE_FAST_R15,0.22369134104997712,1.7926734216679563,14.160839160839142,2.4140753224228457,1.8189904324780484,13.069141256169143,0.3509154927961786,1.5,1.665805933253843,11.530210700319195
2021-05,12,2022-05,2021-06-09T21:59:00+00:00,STATE_FAST_R15,0.24537968046680747,1.7611026033690802,15.968586387434565,2.085518785632066,2.064069548589087,14.814916143856053,0.1284112450630007,1.4,1.7941348015906626,12.920501217218337
2021-06,1,2021-07,2021-07-12T21:59:00+00:00,STATE_FAST_R15,0.3281739084991684,1.041666666666674,3.3747779751332514,2.446826440724328,0.32763659315964416,1.0362787035546657,0.65492374284547,1.5,0.6527884353208343,1.4888612493750655
2021-06,2,2021-08,2021-07-12T21:59:00+00:00,STATE_FAST_R15,0.03223448283020418,0.6872852233676952,4.085257548845505,2.479849645403452,0.35986588179661594,1.7212128881121427,0.1735895491349507,1.0,0.8262274919322989,2.4838943346918736
2021-06,3,2021-09,2021-07-12T21:59:00+00:00,STATE_FAST_R15,-0.21658955109295902,0.1706484641638139,4.915102770330665,2.8975719508326914,0.1430414363030035,1.8917159132205172,-0.42671635075056097,0.2,0.3985981086633271,2.6836946009591793
2021-06,4,2021-10,2021-07-12T21:59:00+00:00,STATE_FAST_R15,0.3485192424112211,1.0221465076660996,5.798394290811807,3.071968219404879,0.49095475782836817,2.9086738301834183,0.4886857998754003,1.3,0.8860937154451761,3.9753171276138124
2021-06,5,2021-11,2021-07-12T21:59:00+00:00,STATE_FAST_R15,0.08811377044825526,0.1686340640809414,5.976806422836781,3.1627888168782237,0.5790297308828021,3.077165866675363,0.045831076516140615,1.1,0.9319142927312613,5.0693111314472485
2021-06,6,2021-12,2021-07-12T21:59:00+00:00,STATE_FAST_R15,0.110227121259547,0.4208754208754106,6.613047363717604,3.461089324482195,0.6891961466562212,3.49715808420794,0.2145349348446144,0.8,1.146219429989908,5.866128096364936
2021-06,7,2022-01,2021-07-12T21:59:00+00:00,STATE_FAST_R15,0.9500716476323836,4.442581726739303,9.876543209876534,3.062508829579819,1.6347829970917727,7.8438858091561645,0.48848712700282365,1.7,1.6335173298683476,7.551839803007226
2021-06,8,2022-02,2021-07-12T21:59:00+00:00,STATE_FAST_R15,0.2795992333112819,1.2841091492777013,11.091549295774657,3.168715407735851,1.9139920788180789,9.119820184532179,0.41487856247090615,0.9,2.047537644204063,8.447813940154417
2021-06,9,2022-03,2021-07-12T21:59:00+00:00,STATE_FAST_R15,0.04072243656752054,1.6640253565768592,12.741652021089632,3.029338541893784,1.9547062260517354,10.770152335979972,-0.004987258885813827,0.7,2.042550260950358,9.14537531379694
2021-06,10,2022-04,2021-07-12T21:59:00+00:00,STATE_FAST_R15,0.2750650807385919,1.7926734216679563,14.160839160839142,2.7708862597094255,2.229393695090578,12.546946858053959,0.44448883706730774,1.5,2.4860541639224945,10.634236563172006
2021-06,11,2022-05,2021-07-12T21:59:00+00:00,STATE_FAST_R15,0.2608489663885706,1.7611026033690802,15.968586387434565,2.8591393840144868,2.489903041032233,14.292721745740868,0.23963054815232346,1.4,2.7253980559292432,12.024527080071149
2021-06,12,2022-06,2021-07-12T21:59:00+00:00,STATE_FAST_R15,0.20272290230350878,1.5801354401805856,17.187499999999993,2.7289938814196826,2.6924207377458345,15.860503017663849,0.2871505571695242,1.5,3.0121371234280656,13.513388329446215
2021-07,1,2021-08,2021-08-09T21:59:00+00:00,STATE_FAST_R15,0.19183944298889918,0.6872852233676952,4.085257548845505,3.1660278498923633,0.1916556661296004,0.6849341845574768,0.3969640283067948,1.0,0.39617820504523615,0.9950330853168083
2021-07,2,2021-09,2021-08-09T21:59:00+00:00,STATE_FAST_R15,-0.10077697216140602,0.1706484641638139,4.915102770330665,3.7067737643588163,0.09082787983543941,0.8554372096658516,-0.21313311775105448,0.2,0.18281763542379553,1.1948333515841139
2021-07,3,2021-10,2021-08-09T21:59:00+00:00,STATE_FAST_R15,0.4679154164987104,1.0221465076660996,5.798394290811807,4.006142517947937,0.5576519751317932,1.8723951266287528,0.6974087997493669,1.3,0.8778057880241836,2.486455878238747
2021-07,4,2021-11,2021-08-09T21:59:00+00:00,STATE_FAST_R15,0.1980083996693918,0.1686340640809414,5.976806422836781,4.212083416305592,0.7554645965651224,2.0408871631206975,0.24819961537186863,1.1,1.125697896865614,3.580449882072183
2021-07,5,2021-12,2021-08-09T21:59:00+00:00,STATE_FAST_R15,0.2209853714480158,0.4208754208754106,6.613047363717604,4.629047790817846,0.9762061544699413,2.4608793806532745,0.41288990873965736,0.8,1.5377377542690511,4.377266846989871
2021-07,6,2022-01,2021-08-09T21:59:00+00:00,STATE_FAST_R15,1.057837537270229,4.442581726739303,9.876543209876534,4.337230737295228,2.028487738092781,6.807607105601498,0.6838910984347518,1.7,2.219300925163837,6.062978553632162
2021-07,7,2022-02,2021-08-09T21:59:00+00:00,STATE_FAST_R15,0.38510159525862225,1.2841091492777013,11.091549295774657,4.554635367670071,2.412849715403599,8.083541480977512,0.6073469437095066,0.9,2.824810951213144,6.958952690779352
2021-07,8,2022-03,2021-08-09T21:59:00+00:00,STATE_FAST_R15,0.14492896040038195,1.6640253565768592,12.741652021089632,4.52214744853255,2.5576737551475444,9.733873632425306,0.18445178442707613,0.7,3.0090928322308264,7.656514064421876
2021-07,9,2022-04,2021-08-09T21:59:00+00:00,STATE_FAST_R15,0.3783809704910907,1.7926734216679563,14.160839160839142,4.367372025102513,2.93534066552273,11.51066815449929,0.6329917880331444,1.5,3.6400896415205866,9.145375313796942
2021-07,10,2022-05,2021-08-09T21:59:00+00:00,STATE_FAST_R15,0.36325136900680877,1.7611026033690802,15.968586387434565,4.563684288918392,3.2979338701233782,13.2564430421862,0.4263218891523151,1.4,4.0655053534819485,10.535665830696084
2021-07,11,2022-06,2021-08-09T21:59:00+00:00,STATE_FAST_R15,0.32264812196340353,1.5801354401805856,17.187499999999993,4.354697380383704,3.6200625999398826,14.82422431410918,0.5278036808273576,1.5,4.591921032489515,12.024527080071149
2021-07,12,2022-07,2021-08-09T21:59:00+00:00,STATE_FAST_R15,0.3758687064872501,1.333333333333342,17.525773195876276,4.076109420218505,3.995226685086697,16.148746989111253,0.8340507928128902,1.6,5.422512841490032,13.611861995700163
2021-08,1,2021-09,2021-09-09T21:59:00+00:00,STATE_FAST_R15,0.010039923339014455,0.1706484641638139,4.915102770330665,4.265446478490398,0.010039419372442812,0.17050302510837476,-0.0015917951978227545,0.2,-0.0015918078670169586,0.19980026626730563
2021-08,2,2021-10,2021-09-09T21:59:00+00:00,STATE_FAST_R15,0.5863935881023445,1.0221465076660996,5.798394290811807,4.689739342930337,0.5947204120457297,1.1874609420712758,0.9027084136899007,1.3,0.8970665486460614,1.4914227929219384
2021-08,3,2021-11,2021-09-09T21:59:00+00:00,STATE_FAST_R15,0.3051436522333013,0.1686340640809414,5.976806422836781,5.0091934370748765,0.8993994459654471,1.3559529785632205,0.4460754340899965,1.1,1.342150015126796,2.585416796755375
2021-08,4,2021-12,2021-09-09T21:59:00+00:00,STATE_FAST_R15,0.3313190822512045,0.4208754208754106,6.613047363717604,5.5454147577739175,1.2301708758631056,1.775945196095798,0.6058761877024191,0.8,1.946198153150828,3.3822337616730622
2021-08,5,2022-01,2021-09-09T21:59:00+00:00,STATE_FAST_R15,1.1604158340016693,4.442581726739303,9.876543209876534,5.357876488311709,2.383905522025778,6.122672921044023,0.8732154661179992,1.7,2.8156231430512415,5.067945468315353
2021-08,6,2022-02,2021-09-09T21:59:00+00:00,STATE_FAST_R15,0.4906031086336656,1.2841091492777013,11.091549295774657,5.6883662705088,2.873309095313764,7.398607296420037,0.7931838429987554,0.9,3.605677818814202,5.963919605462543
2021-08,7,2022-03,2021-09-09T21:59:00+00:00,STATE_FAST_R15,0.2480197656118256,1.6640253565768592,12.741652021089632,5.764289573647008,3.121021799515448,9.04893944786783,0.3668440269169697,0.7,3.9718506141119585,6.661480979105067
2021-08,8,2022-04,2021-09-09T21:59:00+00:00,STATE_FAST_R15,0.48197030270908336,1.7926734216679563,14.160839160839142,5.716660700891207,3.6018343439049563,10.825733969941814,0.8140603329964075,1.5,4.78261534933493,8.150342228480133
2021-08,9,2022-05,2021-09-09T21:59:00+00:00,STATE_FAST_R15,0.4643418095518933,1.7611026033690802,15.968586387434565,6.022193870400159,4.065101412573004,12.571508857628725,0.6053098880679332,1.4,5.386100596552012,9.540632745379275
2021-08,10,2022-06,2021-09-09T21:59:00+00:00,STATE_FAST_R15,0.4236570217078163,1.5801354401805856,17.187499999999993,5.916825983366906,4.487863534567261,14.139290129551704,0.7056042399154406,1.5,6.089227098273307,11.02949399475434
2021-08,11,2022-07,2021-09-09T21:59:00+00:00,STATE_FAST_R15,0.5549112911511881,1.333333333333342,17.525773195876276,5.406585148019024,5.041240865143755,15.463812804553775,1.0946029143189837,1.6,7.177882595930508,12.616828910383354
2021-08,12,2022-08,2021-09-09T21:59:00+00:00,STATE_FAST_R15,0.22793069125134044,0.4385964912280604,17.235494880546053,5.410189696574911,5.268912188439704,15.901450264533654,0.527902045422779,0.9,7.7043961230394915,13.512803047530545
2021-09,1,2021-10,2021-10-10T21:59:00+00:00,STATE_FAST_R15,0.6646897144606579,1.0221465076660996,5.798394290811807,5.113935994766363,0.6624903927755853,1.0169579169629013,1.0351089353797336,1.3,1.029788367127132,1.2916225266546328
2021-09,2,2021-11,2021-10-10T21:59:00+00:00,STATE_FAST_R15,0.3774046942093956,0.1686340640809414,5.976806422836781,5.5106409234788725,1.0391847022581286,1.1854499534548457,0.5728276763351587,1.1,1.600981624361318,2.385616530488069
2021-09,3,2021-12,2021-10-10T21:59:00+00:00,STATE_FAST_R15,0.39386252478370165,0.4208754208754106,6.613047363717604,6.11553077860727,1.4322736192351975,1.6054421709874231,0.7287845550727691,0.8,2.3271233772503197,3.1824334954057565
2021-09,4,2022-01,2021-10-10T21:59:00+00:00,STATE_FAST_R15,1.2277747630366411,4.442581726739303,9.876543209876534,5.997512304148629,2.6525723582170904,5.952169895935648,0.9932055330739362,1.7,3.3154290413049172,4.868145202048047
2021-09,5,2022-02,2021-10-10T21:59:00+00:00,STATE_FAST_R15,0.5526901606436962,1.2841091492777013,11.091549295774657,6.395703382002621,3.203740791177037,7.228104271311662,0.9104849226705325,0.9,4.221794038653433,5.764119339195237
2021-09,6,2022-03,2021-10-10T21:59:00+00:00,STATE_FAST_R15,0.3100936596687898,1.6640253565768592,12.741652021089632,6.538062700553468,3.513354652084794,8.878436422759457,0.4815827348898898,0.7,4.702220873481844,6.461680712837762
2021-09,7,2022-04,2021-10-10T21:59:00+00:00,STATE_FAST_R15,0.5438925397913911,1.7926734216679563,14.160839160839142,6.555710125573087,4.055773437746135,10.655230944833441,0.927649996293038,1.5,5.625594622591546,7.950541962212827
2021-09,8,2022-05,2021-10-10T21:59:00+00:00,STATE_FAST_R15,0.5254108548204823,1.7611026033690802,15.968586387434565,6.928627233504771,4.579808825533275,12.40100583252035,0.7173388775776859,1.4,6.340372863180222,9.340832479111969
2021-09,9,2022-06,2021-10-10T21:59:00+00:00,STATE_FAST_R15,0.48437066661348377,1.5801354401805856,17.187499999999993,6.886940647734055,5.06301019174532,13.968787104443328,0.8166834919702,1.5,7.153739541861,10.829693728487033
2021-09,10,2022-07,2021-10-10T21:59:00+00:00,STATE_FAST_R15,0.6150206329323884,1.333333333333342,17.525773195876276,6.435613083672881,5.676147291582713,15.2933097794454,1.2052588276110965,1.6,8.351792963347997,12.417028644116048
2021-09,11,2022-08,2021-10-10T21:59:00+00:00,STATE_FAST_R15,0.33760546879928954,0.4385964912280604,17.235494880546053,6.065969796758648,6.013184152527263,15.730947239425278,0.6923435079626615,0.9,9.041750778774094,13.313002781263238
2021-09,12,2022-09,2021-10-10T21:59:00+00:00,STATE_FAST_R15,0.020718466672597864,0.8005822416302655,17.972742759795548,6.219657518173993,6.033900473221958,16.52834182333969,0.033353522912703354,0.3,9.075098740635848,13.612553679243087
2021-10,1,2021-11,2021-11-09T22:59:00+00:00,STATE_FAST_R15,0.5321324610813605,0.1686340640809414,5.976806422836781,6.0471673532739985,0.5307216390488718,0.16849203649194455,0.5916615984083882,1.1,0.5899181546513801,1.0939940038334364
2021-10,2,2021-12,2021-11-09T22:59:00+00:00,STATE_FAST_R15,0.3934078243292663,0.4208754208754106,6.613047363717604,6.654650042165318,0.9233576384145346,0.588484254024522,0.7469104239091828,0.8,1.334053014735974,1.8908109687511239
2021-10,3,2022-01,2021-11-09T22:59:00+00:00,STATE_FAST_R15,1.236529780481203,4.442581726739303,9.876543209876534,6.545246095164954,2.152304832707854,4.935211978972746,1.0107876323566616,1.7,2.339766353808882,3.5765226753934143
2021-10,4,2022-02,2021-11-09T22:59:00+00:00,STATE_FAST_R15,0.5570948215318431,1.2841091492777013,11.091549295774657,6.950179488566826,2.707853620297728,6.21114635434876,0.9275799298349808,0.9,3.2630706804338834,4.472496812540605
2021-10,5,2022-03,2021-11-09T22:59:00+00:00,STATE_FAST_R15,0.31869756547286965,1.6640253565768592,12.741652021089632,7.102466426537337,3.026044421490888,7.861478505796554,0.4982285387020626,0.7,3.760062167945318,5.170058186183129
2021-10,6,2022-04,2021-11-09T22:59:00+00:00,STATE_FAST_R15,0.5517858762330593,1.7926734216679563,14.160839160839142,7.128616960900465,3.5763135364162855,9.63827302787054,0.9440671242308355,1.5,4.6997008284632775,6.658919435558195
2021-10,7,2022-05,2021-11-09T22:59:00+00:00,STATE_FAST_R15,0.5331778728397011,1.7611026033690802,15.968586387434565,7.5118452705631595,4.108075048287191,11.38404791555745,0.7334802436724762,1.4,5.430504187440396,8.049209952457337
2021-10,8,2022-06,2021-11-09T22:59:00+00:00,STATE_FAST_R15,0.4924455648971054,1.5801354401805856,17.187499999999993,7.478567570876981,4.599312066013056,12.951829187480426,0.8326473475271731,1.5,6.259704150093764,9.538071201832402
2021-10,9,2022-07,2021-11-09T22:59:00+00:00,STATE_FAST_R15,0.6227372459329865,1.333333333333342,17.525773195876276,7.032950079210962,5.220118316099106,14.276351862482498,1.2211288705870902,1.6,7.4734373880206695,11.125406117461416
2021-10,10,2022-08,2021-11-09T22:59:00+00:00,STATE_FAST_R15,0.34555582598233375,0.4385964912280604,17.235494880546053,6.669683700046956,5.56507846979618,14.713989322462377,0.708009477098744,0.9,8.17895224586053,12.021380254608607
2021-10,11,2022-09,2021-11-09T22:59:00+00:00,STATE_FAST_R15,0.03470082444618767,0.8005822416302655,17.972742759795548,6.52491582691459,5.59977327489875,15.511383906376789,0.06663074024996916,0.3,8.245560797688428,12.320931152588456
2021-10,12,2022-10,2021-11-09T22:59:00+00:00,STATE_FAST_R15,0.6155814736570011,-1.4440433212996373,15.092748735244497,6.410564654617988,6.213467785705193,14.056812806138913,0.9678498662999602,1.2,9.208757000062846,13.513788239115836
2021-11,1,2021-12,2021-12-09T22:59:00+00:00,STATE_FAST_R15,0.4491791288331578,0.4208754208754106,6.613047363717604,7.190014978418508,0.44817333015139293,0.41999221753257737,0.8244542366698723,0.8,0.8210741780443027,0.7968169649176874
2021-11,2,2022-01,2021-12-09T22:59:00+00:00,STATE_FAST_R15,4.411247311600257,4.442581726739303,9.876543209876534,10.438029097637036,4.764894982892632,4.766719942480802,1.08552575756075,1.7,1.900750398831951,2.4825286715599777
2021-11,3,2022-02,2021-12-09T22:59:00+00:00,STATE_FAST_R15,0.6038281530090883,1.2841091492777013,11.091549295774657,10.909277817039765,5.366907399329465,6.042654317856816,0.9998515038763919,0.9,2.8956364581757175,3.378502808707168
2021-11,4,2022-03,2021-12-09T22:59:00+00:00,STATE_FAST_R15,0.35944612842450097,1.6640253565768592,12.741652021089632,11.112316646430713,5.725709064029338,7.69298646930461,0.5682769028939622,0.7,3.462304759209138,4.076064182349692
2021-11,5,2022-04,2021-12-09T22:59:00+00:00,STATE_FAST_R15,0.5931198607807288,1.7926734216679563,14.160839160839142,11.185132511799463,6.317076893314942,9.469780991378594,1.0128868599638983,1.5,4.470096297891659,5.564925431724758
2021-11,6,2022-05,2021-12-09T22:59:00+00:00,STATE_FAST_R15,0.5715479139151429,1.7611026033690802,15.968586387434565,11.625459412686814,6.88699766911257,11.215555879065505,0.8009274891965759,1.4,5.267833386747399,6.9552159486239
2021-11,7,2022-06,2021-12-09T22:59:00+00:00,STATE_FAST_R15,0.5291811766931158,1.5801354401805856,17.187499999999993,11.631701163898574,7.414783602296341,12.783337150988483,0.8991768982441393,1.5,6.162991760650639,8.444077197998965
2021-11,8,2022-07,2021-12-09T22:59:00+00:00,STATE_FAST_R15,0.659145687887851,1.333333333333342,17.525773195876276,11.209088701132787,8.071766424084986,14.107859825990554,1.2871244412301868,1.6,7.441903154924414,10.03141211362798
2021-11,9,2022-08,2021-12-09T22:59:00+00:00,STATE_FAST_R15,0.38119200531348674,0.4385964912280604,17.235494880546053,10.871008795989953,8.452233733744661,14.545497285970432,0.7730414657253681,0.9,8.211971965188743,10.92738625077517
2021-11,10,2022-09,2021-12-09T22:59:00+00:00,STATE_FAST_R15,0.07006130821701703,0.8005822416302655,17.972742759795548,10.759676787834584,8.522270510484514,15.342891869884845,0.13074854258870758,0.3,8.342635106303188,11.226937148755018
2021-11,11,2022-10,2021-12-09T22:59:00+00:00,STATE_FAST_R15,0.6580597829394887,-1.4440433212996373,15.092748735244497,10.360495723607244,9.178174532330715,13.88832076964697,1.0854703064505091,1.2,9.422256471437631,12.4197942352824
2021-11,12,2022-11,2021-12-09T22:59:00+00:00,STATE_FAST_R15,0.38112920043135,1.172161172161168,16.24579124579122,10.03032160299098,9.558579275586736,15.053665348670167,0.5859783968814849,0.4,10.006524692499426,12.818996362236145
2021-12,1,2022-01,2022-01-11T22:59:00+00:00,STATE_FAST_R15,4.473370484559003,4.442581726739303,9.876543209876534,10.29207242763646,4.3762025043671375,4.346727724948225,1.2373609813317321,1.7,1.2297682392659888,1.6857117066422904
2021-12,2,2022-02,2022-01-11T22:59:00+00:00,STATE_FAST_R15,0.7142253309010277,1.2841091492777013,11.091549295774657,10.884243307547239,5.087889326101831,5.622662100324238,1.1457578417123995,0.9,2.369011985770389,2.5816858437894807
2021-12,3,2022-03,2022-01-11T22:59:00+00:00,STATE_FAST_R15,0.4565830593221481,1.6640253565768592,12.741652021089632,11.19475656146559,5.54343320691509,7.272994251772031,0.7089396863326347,0.7,3.0754505089102766,3.2792472174320046
2021-12,4,2022-04,2022-01-11T22:59:00+00:00,STATE_FAST_R15,0.6893303068547033,1.7926734216679563,14.160839160839142,11.374046334940306,6.230398494718288,9.049788773846016,1.150459248522961,1.5,4.219342297655932,4.76810846680707
2021-12,5,2022-05,2022-01-11T22:59:00+00:00,STATE_FAST_R15,0.6585459061123498,1.7611026033690802,15.968586387434565,11.911845478043666,6.8867854605036625,10.795563661532928,0.9352477243217644,1.4,5.150243658940141,6.158398983706212
2021-12,6,2022-06,2022-01-11T22:59:00+00:00,STATE_FAST_R15,0.6139721930356938,1.5801354401805856,17.187499999999993,12.012500209314869,7.498880523721997,12.363344933455906,1.0312550217204774,1.5,6.176217523164117,7.647260233081277
2021-12,7,2022-07,2022-01-11T22:59:00+00:00,STATE_FAST_R15,0.7449101276844748,1.333333333333342,17.525773195876276,11.683522640145126,8.241029897527993,13.687867608457976,1.4178047077682916,1.6,7.584065382072441,9.234595148710293
2021-12,8,2022-08,2022-01-11T22:59:00+00:00,STATE_FAST_R15,0.46228380386810497,0.4385964912280604,17.235494880546053,11.433948415624126,8.702248451542916,14.125505068437855,0.9015416802353337,0.9,8.481567436422372,10.130569285857483
2021-12,9,2022-09,2022-01-11T22:59:00+00:00,STATE_FAST_R15,0.14474355130518868,0.8005822416302655,17.972742759795548,11.405130725338012,8.846887350342879,14.922899652352267,0.2572240636466846,0.3,8.73846124518326,10.430120183837332
2021-12,10,2022-10,2022-01-11T22:59:00+00:00,STATE_FAST_R15,0.7394675489141892,-1.4440433212996373,15.092748735244497,11.093398224676196,9.58363424199679,13.468328552114391,1.2121780123918287,1.2,9.943351216812816,11.622977270364713
2021-12,11,2022-11,2022-01-11T22:59:00+00:00,STATE_FAST_R15,0.507442829452822,1.172161172161168,16.24579124579122,11.46915873539046,10.089793919335403,14.63367313113759,0.7663993088316561,0.4,10.706828605695218,12.022179397318459
2021-12,12,2022-12,2022-01-11T22:59:00+00:00,STATE_FAST_R15,0.48692655165807724,0.0,15.758591785414907,11.154994499357166,10.575538817962384,14.63367313113759,0.8797568917395868,0.4,11.58273818469232,12.421381524272205
2022-01,1,2022-02,2022-02-13T22:59:00+00:00,STATE_FAST_R15,0.7091095777375112,1.2841091492777013,11.091549295774657,10.392713966521665,0.7066072184534382,1.275934375376014,1.0631597593937117,0.9,1.0575479559403096,0.8959741371471904
2022-01,2,2022-03,2022-02-13T22:59:00+00:00,STATE_FAST_R15,0.42502925664845737,1.6640253565768592,12.741652021089632,10.667078891588352,1.1307357770085606,2.9262665268238073,0.6297667981559525,0.7,1.6853400095165711,1.5935355107897147
2022-01,3,2022-04,2022-02-13T22:59:00+00:00,STATE_FAST_R15,0.6532765863526757,1.7926734216679563,14.160839160839142,10.805827505003682,1.781887759874763,4.703061048897792,1.073404869282776,1.5,2.7530247854989716,3.08239676016478
2022-01,4,2022-05,2022-02-13T22:59:00+00:00,STATE_FAST_R15,0.6225424062775784,1.7611026033690802,15.968586387434565,11.301058499744677,2.4025003759478865,6.448835936584701,0.8603256249301479,1.4,3.6096706994602235,4.4726872770639226
2022-01,5,2022-06,2022-02-13T22:59:00+00:00,STATE_FAST_R15,0.5756423903029667,1.5801354401805856,17.187499999999993,11.358724601589019,2.976492276360476,8.01661720850768,0.9578378524567819,1.5,4.562950368713479,5.961548526438988
2022-01,6,2022-07,2022-02-13T22:59:00+00:00,STATE_FAST_R15,0.7055652074638522,1.333333333333342,17.525773195876276,10.98830484241153,3.679580019107584,9.341139883509753,1.3453724391364015,1.6,5.899353034532874,7.548883442068003
2022-01,7,2022-08,2022-02-13T22:59:00+00:00,STATE_FAST_R15,0.423181624515592,0.4385964912280604,17.235494880546053,10.697181582167223,4.101868748346018,9.778777343489631,0.8304856196874181,0.9,6.726409097299307,8.444857579215194
2022-01,8,2022-09,2022-02-13T22:59:00+00:00,STATE_FAST_R15,0.10598129192038172,0.8005822416302655,17.972742759795548,10.62571879523321,4.207793919743218,10.576171927404042,0.18742259538150224,0.3,6.913656275681042,8.744408477195043
2022-01,9,2022-10,2022-02-13T22:59:00+00:00,STATE_FAST_R15,0.7001295519701339,-1.4440433212996373,15.092748735244497,10.273089610251322,4.905483944713248,9.121600827166167,1.1423584745851911,1.2,8.049539105894924,9.937265563722423
2022-01,10,2022-11,2022-02-13T22:59:00+00:00,STATE_FAST_R15,0.46888908352654135,1.172161172161168,16.24579124579122,10.603632688677159,5.373277167621899,10.286945406189364,0.6974024417525543,0.4,8.744520944532432,10.33646769067617
2022-01,11,2022-12,2022-02-13T22:59:00+00:00,STATE_FAST_R15,0.46450963850018495,0.0,15.758591785414907,10.651691450947471,5.83671128940062,10.286945406189364,0.8295979159351621,0.4,9.57069661120193,10.735669817629915
2022-01,12,2023-01,2022-02-13T22:59:00+00:00,STATE_FAST_R15,1.281698203168137,6.010137581462716,17.49598715890851,7.369143739700988,7.110265257005757,16.123399517385845,1.0859235644396348,0.8,10.650766366170808,11.532486782547602
2022-02,1,2022-03,2022-03-09T22:59:00+00:00,STATE_FAST_R15,0.6695338785096322,1.6640253565768592,12.741652021089632,11.178412416760944,0.6673024549908023,1.6503321514477933,0.8189601681700149,0.7,0.8156248867620329,0.6975613736425241
2022-02,2,2022-04,2022-03-09T22:59:00+00:00,STATE_FAST_R15,0.7899591483284166,1.7926734216679563,14.160839160839142,11.46896661505777,1.4541577613791592,3.4271266735217782,1.2561484752157182,1.5,2.0639492703590845,2.18642262301759
2022-02,3,2022-05,2022-03-09T22:59:00+00:00,STATE_FAST_R15,0.7365179655504746,1.7611026033690802,15.968586387434565,12.093987071325186,2.1879766779134613,5.172901561208689,1.03686956225077,1.4,3.095480211478089,3.576713139916732
2022-02,4,2022-06,2022-03-09T22:59:00+00:00,STATE_FAST_R15,0.6930370945097643,1.5801354401805856,17.187499999999993,12.28297102420253,2.878623308530642,6.740682833131667,1.1298966850852445,1.5,4.21904124352358,5.065574389291797
2022-02,5,2022-07,2022-03-09T22:59:00+00:00,STATE_FAST_R15,0.8083578167339182,1.333333333333342,17.525773195876276,12.02370559736519,3.683731414578801,8.06520550813374,1.5143529601797572,1.6,5.722042340642796,6.6529093049208115
2022-02,6,2022-08,2022-03-09T22:59:00+00:00,STATE_FAST_R15,0.5211072444102751,0.4385964912280604,17.235494880546053,11.838817575504306,4.203485593766507,8.502842968113617,0.9956319086503382,0.9,6.712750489515119,7.548883442068002
2022-02,7,2022-09,2022-03-09T22:59:00+00:00,STATE_FAST_R15,0.20070541415006832,0.8005822416302655,17.972742759795548,11.872375646635206,4.403989863693494,9.30023755202803,0.3491503029244312,0.3,7.061292677847598,7.84843434004785
2022-02,8,2022-10,2022-03-09T22:59:00+00:00,STATE_FAST_R15,0.7948743255838968,-1.4440433212996373,15.092748735244497,11.62069341846159,5.195721704860536,7.845666451790153,1.3037174262773918,1.2,8.356584857088109,9.04129142657523
2022-02,9,2022-11,2022-03-09T22:59:00+00:00,STATE_FAST_R15,0.5614043337650426,1.172161172161168,16.24579124579122,12.058368248171746,5.755556037790057,9.011011030813352,0.8565300650650771,0.4,9.209467516012952,9.440493553528976
2022-02,10,2022-12,2022-03-09T22:59:00+00:00,STATE_FAST_R15,0.5559385933343528,0.0,15.758591785414907,12.209083511833194,6.3099549961740635,9.011011030813352,0.9877156915463216,0.4,10.19233717997835,9.839695680482722
2022-02,11,2023-01,2022-03-09T22:59:00+00:00,STATE_FAST_R15,1.5035913943350643,6.010137581462716,17.49598715890851,9.051545597727923,7.802354502494015,14.847465142009833,1.3243310591845656,0.8,11.507975637172345,10.636512645400408
2022-02,12,2023-02,2022-03-09T22:59:00+00:00,STATE_FAST_R15,0.708847268823467,0.6147540983606703,16.719492868462766,8.88118029079533,8.508701258654863,15.460337336147187,1.1679188241708467,0.7,12.66912693131494,11.334074019042932
2022-03,1,2022-04,2022-04-10T21:59:00+00:00,STATE_FAST_R15,0.7331894688181129,1.7926734216679563,14.160839160839142,12.205923630968147,0.7305147009526631,1.7767945220739851,1.1091769402211378,1.5,1.1030706840972122,1.4888612493750655
2022-03,2,2022-05,2022-04-10T21:59:00+00:00,STATE_FAST_R15,0.6828558391592625,1.7611026033690802,15.968586387434565,12.774969295135547,1.411049639240782,3.5225694097608953,0.895739214803701,1.4,1.994821951907804,2.8791517662742074
2022-03,3,2022-06,2022-04-10T21:59:00+00:00,STATE_FAST_R15,0.6317580212727627,1.5801354401805856,17.187499999999993,12.896353823136868,2.0408204347734724,5.090350681683874,0.9930590078299162,1.5,2.9829825315980236,4.368013015649273
2022-03,4,2022-07,2022-04-10T21:59:00+00:00,STATE_FAST_R15,0.7480167224649769,1.333333333333342,17.525773195876276,12.568251475913058,2.7860533855856824,6.414873356685947,1.3805467599492753,1.6,4.354086553124482,5.955347931278288
2022-03,5,2022-08,2022-04-10T21:59:00+00:00,STATE_FAST_R15,0.4563706498439894,0.4385964912280604,17.235494880546053,12.310089288659674,3.2413858221149976,6.852510816665824,0.8653363498992163,0.9,5.215700327814057,6.851322068425478
2022-03,6,2022-09,2022-04-10T21:59:00+00:00,STATE_FAST_R15,0.13467393603197947,0.8005822416302655,17.972742759795548,12.269755093677908,3.375969154139278,7.649905400580235,0.22193588919202173,0.3,5.437390303091797,7.150872966405326
2022-03,7,2022-10,2022-04-10T21:59:00+00:00,STATE_FAST_R15,0.7275783824550832,-1.4440433212996373,15.092748735244497,11.942390328434724,4.1009134540413275,6.195334300342361,1.1771077174665092,1.2,6.6076239981799745,8.343730052932706
2022-03,8,2022-11,2022-04-10T21:59:00+00:00,STATE_FAST_R15,0.4935525447904623,1.172161172161168,16.24579124579122,12.305499516578779,4.593252021033091,7.360678879365558,0.7319247281901037,0.4,7.33688315607441,8.742932179886452
2022-03,9,2022-12,2022-04-10T21:59:00+00:00,STATE_FAST_R15,0.48788391081099286,0.0,15.758591785414907,12.380438336844259,5.0799496352274796,7.360678879365558,0.8641061782832484,0.4,8.197277305506942,9.142134306840198
2022-03,10,2023-01,2022-04-10T21:59:00+00:00,STATE_FAST_R15,1.435144580123639,6.010137581462716,17.49598715890851,9.144429620672819,6.504893496396013,13.197132990562038,1.2012389438595996,0.8,9.3913586373661,9.938951271757885
2022-03,11,2023-02,2022-04-10T21:59:00+00:00,STATE_FAST_R15,0.6797137370376888,0.6147540983606703,16.719492868462766,8.493129104843005,7.182307594372607,13.810005184699392,1.0432965390312474,0.7,10.42925039746763,10.636512645400408
2022-03,12,2023-03,2022-04-10T21:59:00+00:00,STATE_FAST_R15,0.3969959664083963,0.1357773251866811,14.964925954793449,7.873081211735444,7.578517611232901,13.945690415828372,0.6227444608133306,0.2,11.050063817782084,10.836312911667713
2022-04,1,2022-05,2022-05-09T21:59:00+00:00,STATE_FAST_R15,0.7069550007256327,1.7611026033690802,15.968586387434565,13.582510142120633,0.7044677892907546,1.7457748876869101,0.9099962542364861,1.4,0.9058807368500796,1.390290516899142
2022-04,2,2022-06,2022-05-09T21:59:00+00:00,STATE_FAST_R15,0.6765171555717121,1.5801354401805856,17.187499999999993,13.755337625060196,1.3787068363120585,3.3135561596098886,1.006793185702332,1.5,1.90763952242455,2.8791517662742074
2022-04,3,2022-07,2022-05-09T21:59:00+00:00,STATE_FAST_R15,0.7825529968647168,1.333333333333342,17.525773195876276,13.46362071297848,2.1582137682735514,4.638078834611961,1.3939026971135942,1.6,3.291916739311068,4.4664866819032225
2022-04,4,2022-08,2022-05-09T21:59:00+00:00,STATE_FAST_R15,0.4872954742533327,0.4385964912280604,17.235494880546053,13.238254014594903,2.644325801144453,5.07571629459184,0.878281417685982,0.9,4.166363700941352,5.362460819050413
2022-04,5,2022-09,2022-05-09T21:59:00+00:00,STATE_FAST_R15,0.15961051328005585,0.8005822416302655,17.972742759795548,13.225776125061994,2.80380907222139,5.8731108785062505,0.2345257378644667,0.3,4.400614856424319,5.662011717030261
2022-04,6,2022-10,2022-05-09T21:59:00+00:00,STATE_FAST_R15,0.7477053120694029,-1.4440433212996373,15.092748735244497,12.91818201380672,3.548732924267204,4.418539778268375,1.1895973602734764,1.2,5.583192126329339,6.854868803557641
2022-04,7,2022-11,2022-05-09T21:59:00+00:00,STATE_FAST_R15,0.5103515664081235,1.172161172161168,16.24579124579122,13.303393607092492,4.057786611028462,5.583884357291572,0.7441840361390765,0.4,6.324620774729909,7.254070930511386
2022-04,8,2022-12,2022-05-09T21:59:00+00:00,STATE_FAST_R15,0.5019950047533807,0.0,15.758591785414907,13.394919637938651,4.558525821786528,5.583884357291573,0.8762410851550655,0.4,7.197045147220009,7.653273057465131
2022-04,9,2023-01,2022-05-09T21:59:00+00:00,STATE_FAST_R15,1.4473661849461692,6.010137581462716,17.49598715890851,10.142967990969908,5.99551764587826,11.420338468488055,1.2133016451857448,0.8,8.403045288177882,8.450090022382819
2022-04,10,2023-02,2022-05-09T21:59:00+00:00,STATE_FAST_R15,0.6903386425584774,0.6147540983606703,16.719492868462766,9.497263087556401,6.683484361193026,12.03321066262541,1.0552503426176112,0.7,9.452766726211044,9.147651396025342
2022-04,11,2023-03,2022-05-09T21:59:00+00:00,STATE_FAST_R15,0.43895227994859615,0.1357773251866811,14.964925954793449,8.17779783421279,7.121476055603495,12.16889589375439,0.6339937809863184,0.2,10.084759220859086,9.347451662292647
2022-04,12,2023-04,2022-05-09T21:59:00+00:00,STATE_FAST_R15,0.6448217342195208,-0.2033898305084824,12.71056661562021,8.073598548730653,7.764227708602037,11.965298945244516,1.0864593928362314,0.2,11.165359046640566,9.547251928559952
2022-05,1,2022-06,2022-06-09T21:59:00+00:00,STATE_FAST_R15,0.9272363120274439,1.5801354401805856,17.187499999999993,16.510077395780048,0.9229638662744041,1.567781271922979,1.1516549784505505,1.5,1.1450739117621869,1.4888612493750655
2022-05,2,2022-07,2022-06-09T21:59:00+00:00,STATE_FAST_R15,0.967691761850743,1.333333333333342,17.525773195876276,16.42477771526426,1.8860034796225,2.8923039469250513,1.5338097908413955,1.6,2.6672397533022116,3.07619616500408
2022-05,3,2022-08,2022-06-09T21:59:00+00:00,STATE_FAST_R15,0.6392033831503364,0.4385964912280604,17.235494880546053,16.369180650083404,2.5231726219698705,3.329941406904929,1.0130917611498842,0.9,3.6752341383586344,3.9721703021512704
2022-05,4,2022-09,2022-06-09T21:59:00+00:00,STATE_FAST_R15,0.31399914953367597,0.8005822416302655,17.972742759795548,16.535712484087522,2.8366798237129105,4.127335990819341,0.36499009040937475,0.3,4.039559756285846,4.271721200131118
2022-05,5,2022-10,2022-06-09T21:59:00+00:00,STATE_FAST_R15,0.875502848378792,-1.4440433212996373,15.092748735244497,16.366549346032212,3.70837236929348,2.6727648905814654,1.318489785007864,1.2,5.349433119849595,5.464578286658498
2022-05,6,2022-11,2022-06-09T21:59:00+00:00,STATE_FAST_R15,0.6285203312768536,1.172161172161168,16.24579124579122,16.900802193794714,4.334925749027393,3.838109469604662,0.8702670427498443,0.4,6.215935166880481,5.863780413612243
2022-05,7,2022-12,2022-06-09T21:59:00+00:00,STATE_FAST_R15,0.6109458236704091,0.0,15.758591785414907,17.12206477955598,4.944012865322115,3.838109469604662,1.0006933974588739,0.4,7.211654781978167,6.2629825405659885
2022-05,8,2023-01,2022-06-09T21:59:00+00:00,STATE_FAST_R15,1.5378295417790087,6.010137581462716,17.49598715890851,13.864671406558044,6.470137655488692,9.674563580801145,1.3367282430626866,0.8,8.539527640725442,7.059799505483676
2022-05,9,2023-02,2022-06-09T21:59:00+00:00,STATE_FAST_R15,0.7818216125295909,0.6147540983606703,16.719492868462766,13.299994422144435,7.24891887951043,10.2874357749385,1.1773327769654243,0.7,9.70998377669346,7.7573608791262005
2022-05,10,2023-03,2022-06-09T21:59:00+00:00,STATE_FAST_R15,0.5265274592496699,0.1357773251866811,14.964925954793449,12.032304057038951,7.774065029460385,10.42312100606748,0.7546500148304526,0.2,10.461800553392717,7.957161145393506
2022-05,11,2023-04,2022-06-09T21:59:00+00:00,STATE_FAST_R15,0.8185861240859584,-0.2033898305084824,12.71056661562021,10.96023039365508,8.589318909839,10.219524057557607,1.2266541213055702,0.2,11.680992236591974,8.156961411660811
2022-05,12,2023-05,2022-06-09T21:59:00+00:00,STATE_FAST_R15,0.704351045488191,0.2717391304347893,11.0609480812641,9.736517374883288,9.29120099002662,10.490894644717239,0.999544904794671,0.1,12.675574731581419,8.256911444969164
2022-06,1,2022-07,2022-07-12T21:59:00+00:00,STATE_FAST_R15,1.1404356530314599,1.333333333333342,17.525773195876276,17.08625364805736,1.133981708013072,1.3245226750020722,1.6588582688819589,1.6,1.6452495089002568,1.5873349156290149
2022-06,2,2022-08,2022-07-12T21:59:00+00:00,STATE_FAST_R15,0.766106183892217,0.4385964912280604,17.235494880546053,17.177912202126862,1.8971682009541735,1.7621601349819505,1.1327622639214956,0.9,2.7716440633085337,2.4833090527762054
2022-06,3,2022-09,2022-07-12T21:59:00+00:00,STATE_FAST_R15,0.42136886248452493,0.8005822416302655,17.972742759795548,17.471200638132313,2.3176517908181804,2.559554718896362,0.48012792688940636,0.3,3.250623052180898,2.782859950756053
2022-06,4,2022-10,2022-07-12T21:59:00+00:00,STATE_FAST_R15,0.981637556419388,-1.4440433212996373,15.092748735244497,17.424095767526723,3.2945025860482766,1.1049836186584867,1.4316810699208327,1.2,4.6721523479644365,3.9757170372834336
2022-06,5,2022-11,2022-07-12T21:59:00+00:00,STATE_FAST_R15,0.7240892863439352,1.172161172161168,16.24579124579122,18.07523599543337,4.015982932385809,2.2703281976816836,0.9805360880887867,0.4,5.647912376234824,4.374919164237179
2022-06,6,2022-12,2022-07-12T21:59:00+00:00,STATE_FAST_R15,0.6998718071978958,0.0,15.758591785414907,18.403280976308455,4.713417004257032,2.2703281976816836,1.1091653646929311,0.4,6.750971611787779,4.774121291190924
2022-06,7,2023-01,2022-07-12T21:59:00+00:00,STATE_FAST_R15,1.6231257354422501,6.010137581462716,17.49598715890851,15.206952099535641,6.323510880470263,8.106782308878167,1.4440042409374034,0.8,8.184649402362938,5.570938256108612
2022-06,8,2023-02,2022-07-12T21:59:00+00:00,STATE_FAST_R15,0.8617823241661158,0.6147540983606703,16.719492868462766,14.726570855926447,7.181601057780538,8.719654503015521,1.283196524332921,0.7,9.459682719256932,6.268499629751136
2022-06,9,2023-03,2022-07-12T21:59:00+00:00,STATE_FAST_R15,0.6025923931597001,0.1357773251866811,14.964925954793449,13.528757139037095,7.782385123903253,8.855339734144502,0.8590808577843929,0.2,10.31509447616064,6.468299896018442
2022-06,10,2023-04,2022-07-12T21:59:00+00:00,STATE_FAST_R15,0.8917961533557541,-0.2033898305084824,12.71056661562021,12.52401413378536,8.670228259884736,8.651742785634628,1.3307779697491073,0.2,11.637095378987127,6.668100162285747
2022-06,11,2023-05,2022-07-12T21:59:00+00:00,STATE_FAST_R15,0.8747502425634449,0.2717391304347893,11.0609480812641,11.543915421966712,9.541174728765206,8.92311337279426,1.1353281931584782,0.1,12.766027090127661,6.768050195594101
2022-06,12,2023-06,2022-07-12T21:59:00+00:00,STATE_FAST_R15,0.7288862941669593,0.3387533875338855,9.703703703703706,10.813029352543168,10.267417484603127,9.261294283532367,1.204834797388606,0.5,13.963661530312987,7.266804346698008
2022-07,1,2022-08,2022-08-09T21:59:00+00:00,STATE_FAST_R15,0.6106465546017468,0.4385964912280604,17.235494880546053,17.515711289529683,0.608789664053016,0.43763745997987813,1.2058971872878212,0.9,1.1986841769150018,0.8959741371471904
2022-07,2,2022-09,2022-08-09T21:59:00+00:00,STATE_FAST_R15,0.42092698336249146,0.8005822416302655,17.972742759795548,17.80932682117561,1.0288332279551873,1.2350320438942897,0.5499976827871922,0.3,1.7471748954340942,1.1955250351270383
2022-07,3,2022-10,2022-08-09T21:59:00+00:00,STATE_FAST_R15,0.9798543177229637,-1.4440433212996373,15.092748735244497,17.760006799781927,2.0039181036726847,-0.21953905634358536,1.499956823702896,1.2,3.2359936065763644,2.3883821216544185
2022-07,4,2022-11,2022-08-09T21:59:00+00:00,STATE_FAST_R15,0.7248718915014042,1.172161172161168,16.24579124579122,18.413929766300825,2.7261754261265465,0.9458055226796116,1.046711690512601,0.4,4.277265198775085,2.787584248608164
2022-07,5,2022-12,2022-08-09T21:59:00+00:00,STATE_FAST_R15,0.7009042184380235,0.0,15.758591785414907,18.744133125195532,3.424634728645347,0.9458055226796116,1.1739862730129542,0.4,5.444413717112057,3.1867863755619092
2022-07,6,2023-01,2022-08-09T21:59:00+00:00,STATE_FAST_R15,1.6276374138012626,6.010137581462716,17.49598715890851,15.543732324015894,5.03916812409073,6.782259633876094,1.5078848252972976,0.8,6.941042965555777,3.9836033404795965
2022-07,7,2023-02,2022-08-09T21:59:00+00:00,STATE_FAST_R15,0.8701619000692313,0.6147540983606703,16.719492868462766,15.071506122289485,5.905565935514342,7.395131828013449,1.3460533293058954,0.7,8.278117480385967,4.68116471412212
2022-07,8,2023-03,2022-08-09T21:59:00+00:00,STATE_FAST_R15,0.6136512014109505,0.1357773251866811,14.964925954793449,13.882608322866977,6.517341965372019,7.530817059142428,0.9209395377002851,0.2,9.194842227279981,4.880964980389426
2022-07,9,2023-04,2022-08-09T21:59:00+00:00,STATE_FAST_R15,0.9057776523717875,-0.2033898305084824,12.71056661562021,12.890375776821442,7.419042055899314,7.327220110632554,1.3923352705941872,0.2,10.577573553740061,5.080765246656732
2022-07,10,2023-05,2022-08-09T21:59:00+00:00,STATE_FAST_R15,0.8911092259813973,0.2717391304347893,11.0609480812641,11.925234118722015,8.306204334032042,7.598590697792186,1.1962951309214467,0.1,11.766769635428819,5.180715279965085
2022-07,11,2023-06,2022-08-09T21:59:00+00:00,STATE_FAST_R15,0.8247974330874158,0.3387533875338855,9.703703703703706,11.092971167739268,9.127618901554314,7.936771608530294,1.3030272882628546,0.5,13.06138055599207,5.679469431068992
2022-07,12,2023-07,2022-08-09T21:59:00+00:00,STATE_FAST_R15,0.8778199505212938,0.4726536124240565,8.771929824561415,10.518869392764348,10.001608412667306,8.408311721054151,1.6573244972917047,1.0,14.705121309839566,6.6745025163858
2022-08,1,2022-09,2022-09-11T21:59:00+00:00,STATE_FAST_R15,0.3303310643429584,0.8005822416302655,17.972742759795548,17.647146600006764,0.3297866698226444,0.7973945839144115,0.4807884211788565,0.3,0.47963632493696323,0.2995508979798479
2022-08,2,2022-10,2022-09-11T21:59:00+00:00,STATE_FAST_R15,0.9385697092192564,-1.4440433212996373,15.092748735244497,17.549815745346205,1.263979180935023,-0.6571765163234636,1.4326717288133841,1.2,1.9021422919580973,1.4924079845072282
2022-08,3,2022-11,2022-09-11T21:59:00+00:00,STATE_FAST_R15,0.680774525973082,1.172161172161168,16.24579124579122,18.150822412689248,1.9424469006469964,0.5081680626997334,0.9817803167013145,0.4,2.8791344596044754,1.8916101114609736
2022-08,4,2022-12,2022-09-11T21:59:00+00:00,STATE_FAST_R15,0.6607373662026509,0.0,15.758591785414907,18.43303351657721,2.601010965471039,0.5081680626997334,1.1106178223264827,0.4,3.983630209044139,2.290812238414719
2022-08,5,2023-01,2022-09-11T21:59:00+00:00,STATE_FAST_R15,1.586126566056045,6.010137581462716,17.49598715890851,15.193946123382402,4.174689994056995,6.344622173896215,1.4456273716805341,0.8,5.418908013114581,3.087629203332406
2022-08,6,2023-02,2022-09-11T21:59:00+00:00,STATE_FAST_R15,0.8303063728696585,0.6147540983606703,16.719492868462766,14.677820415062811,5.00156828620576,6.95749436803357,1.2849495624205218,0.7,6.695672143190715,3.78519057697493
2022-08,7,2023-03,2022-09-11T21:59:00+00:00,STATE_FAST_R15,0.5756074828730715,0.1357773251866811,14.964925954793449,13.450076490706467,5.575525478974308,7.093179599162551,0.8609320957300591,0.2,7.552919353026052,3.984990843242236
2022-08,8,2023-04,2022-09-11T21:59:00+00:00,STATE_FAST_R15,0.8685370770443829,-0.2033898305084824,12.71056661562021,12.420107088575906,6.440312471023033,6.889582650652677,1.3327226929629328,0.2,8.876839420583757,4.184791109509542
2022-08,9,2023-05,2022-09-11T21:59:00+00:00,STATE_FAST_R15,0.8549244004825451,0.2717391304347893,11.0609480812641,11.419010913282843,7.291603088894163,7.1609532378123095,1.1373368964182693,0.1,10.007757265895181,4.284741142817895
2022-08,10,2023-06,2022-09-11T21:59:00+00:00,STATE_FAST_R15,0.7893959042007633,0.3387533875338855,9.703703703703706,10.551681719369894,8.077899564118972,7.499134148550417,1.2444385938721856,0.5,11.244516368101133,4.783495293921802
2022-08,11,2023-07,2022-09-11T21:59:00+00:00,STATE_FAST_R15,0.912180178764942,0.4726536124240565,8.771929824561415,10.09221603352495,8.985944507665403,7.970674261074275,1.6338877419078732,1.0,12.865199799175533,5.77852837923861
2022-08,12,2023-08,2022-09-11T21:59:00+00:00,STATE_FAST_R15,0.5637756990140227,0.2016129032258007,8.515283842794778,10.018832466796425,9.548136939415471,8.172084198244393,1.0854788385341259,0.2,13.944829604774498,5.978328645505916
2022-09,1,2022-10,2022-10-10T21:59:00+00:00,STATE_FAST_R15,0.7993592645646933,-1.4440433212996373,15.092748735244497,16.966960321744185,0.7961813126639834,-1.4545711002378752,1.3434053256410954,1.2,1.3344616471630482,1.1928570865273802
2022-09,2,2022-11,2022-10-10T21:59:00+00:00,STATE_FAST_R15,0.6212200383712313,1.172161172161168,16.24579124579122,17.495445173230976,1.4154797335637488,-0.28922652121467807,0.8962783577330763,0.4,2.2267472700347195,1.5920592134811256
2022-09,3,2022-12,2022-10-10T21:59:00+00:00,STATE_FAST_R15,0.6031129463324244,0.0,15.758591785414907,17.70866856021201,2.0167812334956547,-0.28922652121467807,1.0277044017869725,0.4,3.2492066947663796,1.991261340434871
2022-09,4,2023-01,2022-10-10T21:59:00+00:00,STATE_FAST_R15,1.5317044820336647,6.010137581462716,17.49598715890851,14.428057537851599,3.5368735483560316,5.547227589981804,1.3646045375998024,0.8,4.604584350182179,2.7880783053525584
2022-09,5,2023-02,2022-10-10T21:59:00+00:00,STATE_FAST_R15,0.7781093969337712,0.6147540983606703,16.719492868462766,13.856392651210669,4.311971286699194,6.160099784119159,1.2057845910829315,0.7,5.803157272446362,3.4856396789950823
2022-09,6,2023-03,2022-10-10T21:59:00+00:00,STATE_FAST_R15,0.5259642860939868,0.1357773251866811,14.964925954793449,12.581846147199233,4.836557211654378,6.295785015248138,0.7834763937594191,0.2,6.5835804271438985,3.685439945262388
2022-09,7,2023-04,2022-10-10T21:59:00+00:00,STATE_FAST_R15,0.8206427315926389,-0.2033898305084824,12.71056661562021,11.50678832700526,5.653850980321024,6.092188066738266,1.2560121348778475,0.2,7.831770161703124,3.885240211529694
2022-09,8,2023-05,2022-10-10T21:59:00+00:00,STATE_FAST_R15,0.8086025584407048,0.2717391304347893,11.0609480812641,10.463067119450509,6.459201865256764,6.363558653897898,1.0616585117522366,0.1,8.887832651727528,3.985190244838047
2022-09,9,2023-06,2022-10-10T21:59:00+00:00,STATE_FAST_R15,0.7443180799691999,0.3387533875338855,9.703703703703706,9.554159597713616,7.2007635672348,6.701739564636005,1.1693882330485639,0.5,10.050436380815624,4.483944395941954
2022-09,10,2023-07,2022-10-10T21:59:00+00:00,STATE_FAST_R15,0.8679353635287564,0.4726536124240565,8.771929824561415,9.051005484617333,8.0649540250938,7.173279677159863,1.5591174056464168,1.0,11.597524424507503,5.478977481258762
2022-09,11,2023-08,2022-10-10T21:59:00+00:00,STATE_FAST_R15,0.5381172336468091,0.2016129032258007,8.515283842794778,9.15905993187644,8.60162858117172,7.3746896143299825,0.996725989021876,0.2,12.589315862255638,5.678777747526068
2022-09,12,2023-09,2022-10-10T21:59:00+00:00,STATE_FAST_R15,0.2080464160419947,-0.7377598926894713,6.859205776173314,9.209141676333207,8.809458880354585,6.634194813672215,0.3699114742264119,-0.6,12.958544846542823,5.076970514969767
2022-10,1,2022-11,2022-11-09T22:59:00+00:00,STATE_FAST_R15,0.7117739009976014,1.172161172161168,16.24579124579122,18.78948004419447,0.7092527467762518,1.165344579023197,0.87477468566302,0.4,0.8709707000151748,0.39920212695374535
2022-10,2,2022-12,2022-11-09T22:59:00+00:00,STATE_FAST_R15,0.6036713285272995,0.0,15.758591785414907,19.0057122840865,1.3111092798765365,1.165344579023197,1.0070364176516335,0.4,1.8729702928153475,0.7984042539074907
2022-10,3,2023-01,2022-11-09T22:59:00+00:00,STATE_FAST_R15,1.5316865067774756,6.010137581462716,17.49598715890851,15.688931395404088,2.8311838906533744,7.00179869021968,1.3445608994571792,0.8,3.2085721890396677,1.595221218825178
2022-10,4,2023-02,2022-11-09T22:59:00+00:00,STATE_FAST_R15,0.7758410662966139,0.6147540983606703,16.719492868462766,15.108376440867158,3.6040307868453016,7.614670884357035,1.186326106628702,0.7,4.3879166103043765,2.2927825924677023
2022-10,5,2023-03,2022-11-09T22:59:00+00:00,STATE_FAST_R15,0.5230685960229329,0.1357773251866811,14.964925954793449,13.816536187287257,4.125736130849915,7.750356115486015,0.764540257829782,0.2,5.149549070556043,2.492582858735008
2022-10,6,2023-04,2022-11-09T22:59:00+00:00,STATE_FAST_R15,0.8161355536082363,-0.2033898305084824,12.71056661562021,12.724648590054583,4.93855930836401,7.546759166976141,1.2373417928955175,0.2,6.379298355912283,2.692383125002314
2022-10,7,2023-05,2022-11-09T22:59:00+00:00,STATE_FAST_R15,0.8029565101205098,0.2717391304347893,11.0609480812641,11.663273674726149,5.738309276023225,7.818129754135773,1.0433071252512798,0.1,7.417200592928007,2.792333158310667
2022-10,8,2023-06,2022-11-09T22:59:00+00:00,STATE_FAST_R15,0.7377729117643903,0.3387533875338855,9.703703703703706,10.737295803794257,6.4733739556853855,8.156310664873882,1.151244021628852,0.5,8.56186822596287,3.2910873094145745
2022-10,9,2023-07,2022-11-09T22:59:00+00:00,STATE_FAST_R15,0.8605422660681008,0.4726536124240565,8.771929824561415,10.2206286564014,7.330234662632824,8.62785077739774,1.5410853872576065,1.0,10.091199499165871,4.286120394731383
2022-10,10,2023-08,2022-11-09T22:59:00+00:00,STATE_FAST_R15,0.5302929919996882,0.2016129032258007,8.515283842794778,10.321255769022628,7.8591265524606975,8.829260714567859,0.9789386890579441,0.2,11.065377626876614,4.485920660998689
2022-10,11,2023-09,2022-11-09T22:59:00+00:00,STATE_FAST_R15,0.2014774139651564,-0.7377598926894713,6.859205776173314,9.66556514248573,8.06040127289296,8.088765913910091,0.3171882901270901,-0.6,11.382063936149626,3.884113428442387
2022-10,12,2023-10,2022-11-09T22:59:00+00:00,STATE_FAST_R15,0.7915204235613365,0.0675675675675613,8.498168498168521,9.252120352206912,8.848805605745719,8.156310664873887,1.3110217883075557,0.3,12.684566214775446,4.183664326422235
2022-11,1,2022-12,2022-12-11T22:59:00+00:00,STATE_FAST_R15,0.488760008413485,0.0,15.758591785414907,15.848777933350414,0.4875694544096624,0.0,0.9603518167560811,0.4,0.9557697513043553,0.39920212695374535
2022-11,2,2023-01,2022-12-11T22:59:00+00:00,STATE_FAST_R15,1.5348473896553716,6.010137581462716,17.49598715890851,12.623489320824936,2.010757215164983,5.836454111196482,1.29949280668623,0.8,2.2468915922892023,1.1960190918714328
2022-11,3,2023-02,2022-12-11T22:59:00+00:00,STATE_FAST_R15,0.7749440867591761,0.6147540983606703,16.719492868462766,12.057320091883247,2.7827140334177325,6.449326305333837,1.1427441966904233,0.7,3.383155787319513,1.893580465513957
2022-11,4,2023-03,2022-12-11T22:59:00+00:00,STATE_FAST_R15,0.528162457100664,0.1357773251866811,14.964925954793449,10.80533590120547,3.3094866043695657,6.585011536462818,0.722267960356717,0.2,4.102827884540843,2.0933807317812625
2022-11,5,2023-04,2022-12-11T22:59:00+00:00,STATE_FAST_R15,0.8057876408960467,-0.2033898305084824,12.71056661562021,9.731071843107967,4.112045111695694,6.381414587952944,1.1957777471606952,0.2,5.291512697429994,2.2931809980485682
2022-11,6,2023-05,2022-12-11T22:59:00+00:00,STATE_FAST_R15,0.7916471098826745,0.2717391304347893,11.0609480812641,8.685688217312519,4.900575135917319,6.652785175112576,1.0025466377044707,0.1,6.289067174429228,2.3931310313569214
2022-11,7,2023-06,2022-12-11T22:59:00+00:00,STATE_FAST_R15,0.7209498148997197,0.3387533875338855,9.703703703703706,7.766402368899136,5.618938531389765,6.990966085850683,1.111019731298539,0.5,7.393960417408079,2.891885182460829
2022-11,8,2023-07,2022-12-11T22:59:00+00:00,STATE_FAST_R15,0.8359686535477078,0.4726536124240565,8.771929824561415,7.237462873446598,6.451432319415365,7.462506198374541,1.5011716514487596,1.0,8.883975996523452,3.886918267777637
2022-11,9,2023-08,2022-12-11T22:59:00+00:00,STATE_FAST_R15,0.5090556006237644,0.2016129032258007,8.515283842794778,7.312691484676523,6.959196612478133,7.66391613554466,0.9396163257656601,0.2,9.819205386921274,4.086718534044943
2022-11,10,2023-09,2022-12-11T22:59:00+00:00,STATE_FAST_R15,0.18114595809719825,-0.7377598926894713,6.859205776173314,6.653237210594508,7.140178699152451,6.923421334886893,0.27841800239860437,-0.6,10.09723652430113,3.484911301488641
2022-11,11,2023-10,2022-12-11T22:59:00+00:00,STATE_FAST_R15,0.7995409623952081,0.0675675675675613,8.498168498168521,9.081152629151669,7.936540268584016,6.990966085850689,1.2661881144743832,0.3,11.355475507379847,3.784462199468489
2022-11,12,2023-11,2022-12-11T22:59:00+00:00,STATE_FAST_R15,0.5368926580135281,0.0675219446319985,7.313540912382349,8.841223372064425,8.471996795992979,7.058465244674024,0.8284909441428049,0.1,12.18055330408675,3.884412232776842
2022-12,1,2023-01,2023-01-10T22:59:00+00:00,STATE_FAST_R15,1.3748953762492535,6.010137581462716,17.49598715890851,12.41187399993821,1.3655294400089968,5.836454111196482,1.14185578786162,0.8,1.1353858198807671,0.7968169649176874
2022-12,2,2023-02,2023-01-10T22:59:00+00:00,STATE_FAST_R15,0.6902208291390806,0.6147540983606703,16.719492868462766,11.752737047713428,2.0533791495713647,6.449326305333837,0.9913361564576432,0.7,2.1218404743474926,1.4943783385602116
2022-12,3,2023-03,2023-01-10T22:59:00+00:00,STATE_FAST_R15,0.4433895407273323,0.1357773251866811,14.964925954793449,10.410970450520264,2.4957886148413726,6.585011536462818,0.5762577548773415,0.2,2.6964442154376327,1.6941786048275174
2022-12,4,2023-04,2023-01-10T22:59:00+00:00,STATE_FAST_R15,0.7259456260393139,-0.2033898305084824,12.71056661562021,9.253927932990395,3.219111938963682,6.381414587952944,1.0529139381538106,0.2,3.74385361974151,1.893978871094823
2022-12,5,2023-05,2023-01-10T22:59:00+00:00,STATE_FAST_R15,0.7115903982477791,0.2717391304347893,11.0609480812641,8.127138542057438,3.9281824797178464,6.652785175112576,0.8630161225976062,0.1,4.603167046192204,1.9939289044031765
2022-12,6,2023-06,2023-01-10T22:59:00+00:00,STATE_FAST_R15,0.6426181559713222,0.3387533875338855,9.703703703703706,7.129196761058681,4.568744648613965,6.990966085850683,0.9737904607595614,0.5,5.572246725051902,2.492683055507084
2022-12,7,2023-07,2023-01-10T22:59:00+00:00,STATE_FAST_R15,0.7597779762554967,0.4726536124240565,8.771929824561415,6.522836319922974,5.325650848911595,7.462506198374541,1.3653813469297218,1.0,6.92839072919163,3.487716140823892
2022-12,8,2023-08,2023-01-10T22:59:00+00:00,STATE_FAST_R15,0.43418672371794625,0.2016129032258007,8.515283842794778,6.518159423201009,5.758897701622291,7.66391613554466,0.8061433845544492,0.2,7.731302135928615,3.6875164070911977
2022-12,9,2023-09,2023-01-10T22:59:00+00:00,STATE_FAST_R15,0.10772467813464916,-0.7377598926894713,6.859205776173314,5.7860018228700385,5.866564398361989,6.923421334886893,0.14706406005387765,-0.6,7.878258162699479,3.085709174534896
2022-12,10,2023-10,2023-01-10T22:59:00+00:00,STATE_FAST_R15,0.725089869641048,0.0675675675675613,8.498168498168521,8.11426218808539,6.589038130030067,6.990966085850689,1.1345458737346186,0.3,9.006416333610682,3.3852600725147437
2022-12,11,2023-11,2023-01-10T22:59:00+00:00,STATE_FAST_R15,0.4651175568372777,0.0675219446319985,7.313540912382349,7.358703564844543,7.0530773575321986,7.058465244674024,0.656892103978808,0.1,9.661160303558354,3.485210105823097
2022-12,12,2023-12,2023-01-10T22:59:00+00:00,STATE_FAST_R15,0.45809687935990046,-0.4048582995951344,6.879073135409149,7.799332631580834,7.5101281665980295,6.652785175112593,0.8325869518604381,0.0,10.490300369257303,3.485210105823097
2023-01,1,2023-02,2023-02-09T22:59:00+00:00,STATE_FAST_R15,0.6659067242552548,0.6147540983606703,16.719492868462766,15.52634665628084,0.6636993593371899,0.6128721941373546,0.8496537859423503,0.7,0.8460645445823802,0.6975613736425241
2023-01,2,2023-03,2023-02-09T22:59:00+00:00,STATE_FAST_R15,0.3546668510076685,0.1357773251866811,14.964925954793449,14.038451561814655,1.017738750625601,0.748557425266335,0.44054098520377327,0.2,1.2856379885576115,0.8973616399098298
2023-01,3,2023-04,2023-02-09T22:59:00+00:00,STATE_FAST_R15,0.6446360383321718,-0.2033898305084824,12.71056661562021,12.752303933209175,1.6603058973023488,0.5449604767564618,0.9208812160213832,0.2,2.20230494596213,1.0971619061771354
2023-01,4,2023-05,2023-02-09T22:59:00+00:00,STATE_FAST_R15,0.6321024697819826,0.2717391304347893,11.0609480812641,11.501360665632674,2.290418978338636,0.8163310639160943,0.7346869380119334,0.1,2.9343062056859037,1.1971119394854888
2023-01,5,2023-06,2023-02-09T22:59:00+00:00,STATE_FAST_R15,0.5669795512675513,0.3387533875338855,9.703703703703706,10.389250904303134,2.8557972503146947,1.1545119746542023,0.8480877962945311,0.5,3.778817941956633,1.695866090589396
2023-01,6,2023-07,2023-02-09T22:59:00+00:00,STATE_FAST_R15,0.68711171009678,0.4726536124240565,8.771929824561415,9.685278000613195,3.540559105843698,1.62605208717806,1.2414137981020783,1.0,5.012589382817755,2.690899175906204
2023-01,7,2023-08,2023-02-09T22:59:00+00:00,STATE_FAST_R15,0.36377614683197756,0.2016129032258007,8.515283842794778,9.60356946861571,3.903675187539339,1.8274620243481785,0.6846280830626927,0.2,5.694884529724422,2.89069944217351
2023-01,8,2023-09,2023-02-09T22:59:00+00:00,STATE_FAST_R15,0.03936284668289372,-0.7377598926894713,6.859205776173314,8.775872237314257,3.943030289086141,1.0869672236904104,0.02774865892748204,-0.6,5.722629339423599,2.288892209617208
2023-01,9,2023-10,2023-02-09T22:59:00+00:00,STATE_FAST_R15,0.6573504134915729,0.0675675675675613,8.498168498168521,11.095173313769049,4.598229576558331,1.1545119746542079,1.0151894238136727,0.3,6.732700327470019,2.588443107597056
2023-01,10,2023-11,2023-02-09T22:59:00+00:00,STATE_FAST_R15,0.39864378605714557,0.0675219446319985,7.313540912382349,10.245788986353038,4.996080883688492,1.2220111334775423,0.5390034392024606,0.1,7.270256341918433,2.688393140905409
2023-01,11,2023-12,2023-02-09T22:59:00+00:00,STATE_FAST_R15,0.36093897793723967,-0.4048582995951344,6.879073135409149,10.643709010339226,5.356370040066877,0.8163310639161105,0.6662867263037919,0.0,7.934333188871513,2.688393140905409
2023-01,12,2024-01,2023-02-09T22:59:00+00:00,STATE_FAST_R15,1.3117957876019934,1.4905149051490652,2.3224043715847307,6.886395804045827,6.6596362990811855,2.2958469555908225,1.0542224771942506,0.2,8.983037489598809,2.888193407172715
2023-02,1,2023-03,2023-03-09T22:59:00+00:00,STATE_FAST_R15,0.3094934234191884,0.1357773251866811,14.964925954793449,15.068862988493448,0.30901547840848953,0.13568523112898034,0.3789941094309901,0.2,0.3782777361938207,0.19980026626730563
2023-02,2,2023-04,2023-03-09T22:59:00+00:00,STATE_FAST_R15,0.6414246795576279,-0.2033898305084824,12.71056661562021,13.767463984826353,0.9483917843848302,-0.06791171738089281,0.8614294760012653,0.2,1.2360180795294113,0.39960053253461125
2023-02,3,2023-05,2023-03-09T22:59:00+00:00,STATE_FAST_R15,0.6147253840896636,0.2717391304347893,11.0609480812641,12.485830574114088,1.5612354396907169,0.20345886977873978,0.6772529763495116,0.1,1.910988000154245,0.49955056584296453
2023-02,4,2023-06,2023-03-09T22:59:00+00:00,STATE_FAST_R15,0.553169508625061,0.3387533875338855,9.703703703703706,11.34860905652348,2.1128805847486145,0.5416397805168476,0.7921173976754061,0.5,2.699984617302023,0.998304716946872
2023-02,5,2023-07,2023-03-09T22:59:00+00:00,STATE_FAST_R15,0.6708499288832833,0.4726536124240565,8.771929824561415,10.620649132754947,2.7814903287678603,1.0131798930407054,1.186452464603829,1.0,3.879453915020985,1.9933378022636803
2023-02,6,2023-08,2023-03-09T22:59:00+00:00,STATE_FAST_R15,0.3427627946809131,0.2016129032258007,8.515283842794778,10.515100209420854,3.1236670306718275,1.214589830210824,0.6309455126857052,0.2,4.508417299570125,2.193138068530986
2023-02,7,2023-09,2023-03-09T22:59:00+00:00,STATE_FAST_R15,0.017476910439299435,-0.7377598926894713,6.859205776173314,9.656524175170937,3.1411424140770507,0.4740950295530558,-0.02480757044389309,-0.6,4.483606651539482,1.5913308359746843
2023-02,8,2023-10,2023-03-09T22:59:00+00:00,STATE_FAST_R15,0.6269625885614325,0.0675675675675613,8.498168498168521,11.960791895507343,3.766147768691,0.5416397805168531,0.962741397573887,0.3,5.4417432255582465,1.890881733954532
2023-02,9,2023-11,2023-03-09T22:59:00+00:00,STATE_FAST_R15,0.37810946217563923,0.0675219446319985,7.313540912382349,11.082065403694259,4.143544193848132,0.6091389393401878,0.4873019079642775,0.1,5.927861660940738,1.9908317672628855
2023-02,10,2023-12,2023-03-09T22:59:00+00:00,STATE_FAST_R15,0.33840729067627806,-0.4048582995951344,6.879073135409149,11.457975211654151,4.481380175590396,0.203458869778756,0.6149196517430227,0.0,6.540898396797281,1.9908317672628855
2023-02,11,2024-01,2023-03-09T22:59:00+00:00,STATE_FAST_R15,1.3163691024655506,1.4905149051490652,2.3224043715847307,6.522995003942476,5.78916043182401,1.6829747614534676,0.9619861150590923,0.2,7.498286887583148,2.190632033530191
2023-02,12,2024-02,2023-03-09T22:59:00+00:00,STATE_FAST_R15,0.5597027758585214,0.26702269692922,1.9687712152070571,6.553074476593308,6.347302691821937,1.9496415861449752,0.8474945454932185,0.5,8.342210360299042,2.6893861846340985
2023-03,1,2023-04,2023-04-12T21:59:00+00:00,STATE_FAST_R15,0.6025110035466795,-0.2033898305084824,12.71056661562021,13.798733155218187,0.6007031639868865,-0.20359694850987314,0.8468609926071498,0.2,0.8432952420602763,0.19980026626730563
2023-03,2,2023-05,2023-04-12T21:59:00+00:00,STATE_FAST_R15,0.605386905990191,0.2717391304347893,11.0609480812641,12.506304330405484,1.2042649657047833,0.06777363864975944,0.6633309503084442,0.1,1.5044358335039378,0.2997502995756589
2023-03,3,2023-06,2023-04-12T21:59:00+00:00,STATE_FAST_R15,0.5448348023359311,0.3387533875338855,9.703703703703706,11.35964462051165,1.7476209123467539,0.4059545493878673,0.7786759401015659,0.5,2.2800957391458585,0.7985044506795662
2023-03,4,2023-07,2023-04-12T21:59:00+00:00,STATE_FAST_R15,0.6625959625466629,0.4726536124240565,8.771929824561415,10.622541904283024,2.408031356637433,0.8774946619117253,1.1733571366928768,1.0,3.4466224194992146,1.7935375359963746
2023-03,5,2023-08,2023-04-12T21:59:00+00:00,STATE_FAST_R15,0.33520362781998436,0.2016129032258007,8.515283842794778,10.508665548334914,2.7426744294148335,1.0789045990818438,0.6182393012295182,0.2,4.06295846199495,1.9933378022636803
2023-03,6,2023-09,2023-04-12T21:59:00+00:00,STATE_FAST_R15,0.01018535349063452,-0.7377598926894713,6.859205776173314,9.6421456987522,2.752859264233558,0.33840979842407565,-0.03717885678381262,-0.6,4.025772692160663,1.3915305697073785
2023-03,7,2023-10,2023-04-12T21:59:00+00:00,STATE_FAST_R15,0.6196128594522908,0.0675675675675613,8.498168498168521,11.93793480442513,3.3705604159351874,0.4059545493878729,0.9504516021872649,0.3,4.971735920575593,1.6910814676872263
2023-03,8,2023-11,2023-04-12T21:59:00+00:00,STATE_FAST_R15,0.3710155043317343,0.0675219446319985,7.313540912382349,11.051538877963344,3.7408893553953915,0.47345370821120736,0.4752321739005094,0.1,5.445842431314097,1.7910315009955797
2023-03,9,2023-12,2023-04-12T21:59:00+00:00,STATE_FAST_R15,0.33145758442198603,-0.4048582995951344,6.879073135409149,11.419627626191687,4.0717988299997785,0.06777363864977556,0.6029645045855435,0.0,6.04699637929453,1.7910315009955797
2023-03,10,2024-01,2023-04-12T21:59:00+00:00,STATE_FAST_R15,1.309518230617481,1.4905149051490652,2.3224043715847307,6.479144860746901,5.372816996807555,1.5472895303244871,0.9500940200771899,0.2,6.992605391618589,1.9908317672628852
2023-03,11,2024-02,2023-04-12T21:59:00+00:00,STATE_FAST_R15,0.537955548634414,0.26702269692922,1.9687712152070571,6.3978700618898365,5.909330733141827,1.813956355015995,0.7872757804179574,0.5,7.776798326026731,2.4895859183667928
2023-03,12,2024-03,2023-04-12T21:59:00+00:00,STATE_FAST_R15,0.3092371156314549,0.1331557922769732,1.9661016949152728,6.415484031406278,6.218090694244386,1.9470235735865122,0.41720772403624284,0.1,8.193138151759761,2.589535951675146
2023-04,1,2023-05,2023-05-10T21:59:00+00:00,STATE_FAST_R15,0.47248109798078686,0.2717391304347893,11.0609480812641,12.13911038378004,0.47136840949305964,0.2713705871596326,0.6186901419809181,0.1,0.6167841120947384,0.09995003330835331
2023-04,2,2023-06,2023-05-10T21:59:00+00:00,STATE_FAST_R15,0.47702920975165153,0.3387533875338855,9.703703703703706,10.921339302819511,0.9472634403893527,0.6095514978977404,0.7357475144240129,0.5,1.349838207600568,0.5987041844122607
2023-04,3,2023-07,2023-05-10T21:59:00+00:00,STATE_FAST_R15,0.6040874981468495,0.4726536124240565,8.771929824561415,10.123093335189026,1.5495336450319053,1.0810916104215984,1.1316769646993208,1.0,2.475159613188099,1.593737269729069
2023-04,4,2023-08,2023-05-10T21:59:00+00:00,STATE_FAST_R15,0.28230782286728656,0.2016129032258007,8.515283842794778,9.951734990743928,1.8314437277567819,1.282501547591717,0.5779147170489674,0.2,3.051410809214223,1.7935375359963746
2023-04,5,2023-09,2023-05-10T21:59:00+00:00,STATE_FAST_R15,-0.03783171271585548,-0.7377598926894713,6.859205776173314,9.037205859356288,1.7936048570431056,0.5420067469339487,-0.07634511594200992,-0.6,2.9750365355472947,1.1917303034400728
2023-04,6,2023-10,2023-05-10T21:59:00+00:00,STATE_FAST_R15,0.5776413809918688,0.0675675675675613,8.498168498168521,11.273893102777986,2.369584287215578,0.609551497897746,0.9116219897764526,0.3,3.8825283342391597,1.4912812014199206
2023-04,7,2023-11,2023-05-10T21:59:00+00:00,STATE_FAST_R15,0.33401558601480524,0.0675219446319985,7.313540912382349,10.35206123443713,2.703043280232418,0.6770506567210806,0.4371615154878249,0.1,4.318737074542259,1.591231234728274
2023-04,8,2023-12,2023-05-10T21:59:00+00:00,STATE_FAST_R15,0.2979668715432496,-0.4048582995951344,6.879073135409149,10.680873818980874,3.000567110352578,0.2713705871596488,0.5653069683588136,0.0,4.882452179517417,1.591231234728274
2023-04,9,2024-01,2023-05-10T21:59:00+00:00,STATE_FAST_R15,1.2786346030046885,1.4905149051490652,2.3224043715847307,5.740903962509158,4.271096201249388,1.7508864788343605,0.912677038985304,0.2,5.790989490780303,1.7910315009955795
2023-04,10,2024-02,2023-05-10T21:59:00+00:00,STATE_FAST_R15,0.5095677521952112,0.26702269692922,1.9687712152070571,5.6303585516723365,4.779370050653658,2.017553303525868,0.7502150642344346,0.5,6.538404437682555,2.289785652099487
2023-04,11,2024-03,2023-05-10T21:59:00+00:00,STATE_FAST_R15,0.25453573407202834,0.1331557922769732,1.9661016949152728,5.755633389963627,5.03358239117794,2.150620522096385,0.3266674525062865,0.1,6.864539491200602,2.38973568540784
2023-04,12,2024-04,2023-05-10T21:59:00+00:00,STATE_FAST_R15,0.5776651553441849,0.6648936170212671,2.853260869565235,5.769906418945679,5.609585459158159,2.8133134708572713,0.8531807437927195,0.1,7.714101218020358,2.4896857187161934
2023-05,1,2023-06,2023-06-11T21:59:00+00:00,STATE_FAST_R15,0.27849175080710287,0.3387533875338855,9.703703703703706,9.591067447433046,0.27810468100255015,0.33818091073810785,0.5255710179909626,0.5,0.5241947137143147,0.49875415110390736
2023-05,2,2023-07,2023-06-11T21:59:00+00:00,STATE_FAST_R15,0.4372824088190957,0.4726536124240565,8.771929824561415,8.621996618767497,0.7144337883656989,0.8097210232619657,0.9287392347736801,1.0,1.448647684031532,1.4937872364207156
2023-05,3,2023-08,2023-06-11T21:59:00+00:00,STATE_FAST_R15,0.1402937267379582,0.2016129032258007,8.515283842794778,8.299389145069448,0.8546291954016868,1.0111309604320842,0.38250520900178625,0.2,1.8304232020043034,1.6935875026880214
2023-05,4,2023-09,2023-06-11T21:59:00+00:00,STATE_FAST_R15,-0.17522895848181136,-0.7377598926894713,6.859205776173314,7.250984914231486,0.6792465313964529,0.27063615977431604,-0.26538298105666386,-0.6,1.5646874560575916,1.0917802701317196
2023-05,5,2023-10,2023-06-11T21:59:00+00:00,STATE_FAST_R15,0.45137636224312694,0.0675675675675613,8.498168498168521,9.31362663307258,1.1296072456540627,0.33818091073811335,0.7248360018027041,0.3,2.2869091470885285,1.3913311681115674
2023-05,6,2023-11,2023-06-11T21:59:00+00:00,STATE_FAST_R15,0.21680764905898697,0.0675219446319985,7.313540912382349,8.281394474373585,1.3461802060836476,0.4056800695614479,0.2545351163165881,0.1,2.541120871425784,1.4912812014199208
2023-05,7,2023-12,2023-06-11T21:59:00+00:00,STATE_FAST_R15,0.18546534770583095,-0.4048582995951344,6.879073135409149,8.482218939136203,1.531473779168952,1.6132928326584306e-14,0.3850760824430662,0.0,2.925457433791164,1.4912812014199208
2023-05,8,2024-01,2023-06-11T21:59:00+00:00,STATE_FAST_R15,1.1700978307667076,1.4905149051490652,2.3224043715847307,3.5293128879988833,2.6947789014768793,1.4795158916747277,0.7339337350967897,0.2,3.6567109811291276,1.6910814676872263
2023-05,9,2024-02,2023-06-11T21:59:00+00:00,STATE_FAST_R15,0.404625319989314,0.26702269692922,1.9687712152070571,3.313097202359837,3.0985878147362302,1.7461827163662353,0.5734449426427796,0.5,4.228517987054339,2.189835618791134
2023-05,10,2024-03,2023-06-11T21:59:00+00:00,STATE_FAST_R15,0.15259537571449033,0.1331557922769732,1.9661016949152728,3.3304488915896644,3.2510668820131046,1.8792499349367526,0.15198314839818813,0.1,4.380385757953651,2.289785652099487
2023-05,11,2024-04,2023-06-11T21:59:00+00:00,STATE_FAST_R15,0.3735750465472984,0.6648936170212671,2.853260869565235,3.9278443305690165,3.623945869978904,2.5419428836976383,0.5943755245602448,0.1,4.973001839549497,2.38973568540784
2023-05,12,2024-05,2023-06-11T21:59:00+00:00,STATE_FAST_R15,0.4740846860798934,0.0,2.574525745257463,4.18199160821712,4.0969103138136145,2.5419428836976383,0.48788270879214846,0.1,5.459698257561017,2.4896857187161934
2023-06,1,2023-07,2023-07-12T21:59:00+00:00,STATE_FAST_R15,0.3937234990229916,0.4726536124240565,8.771929824561415,8.357503361798807,0.3929504365426322,0.4715401125238579,0.8209120044213005,1.0,0.8175608493574427,0.9950330853168083
2023-06,2,2023-08,2023-07-12T21:59:00+00:00,STATE_FAST_R15,0.06226839036570908,0.2016129032258007,8.515283842794778,7.951504324786248,0.4551994481902741,0.6729500496939764,0.2793514874042404,0.2,1.096522875635811,1.1948333515841139
2023-06,3,2023-09,2023-07-12T21:59:00+00:00,STATE_FAST_R15,-0.24946620490931928,-0.7377598926894713,6.859205776173314,6.826964099947766,0.20542155786957814,-0.0675447509637917,-0.3646199753185503,-0.6,0.7312365414069937,0.5930261190278122
2023-06,4,2023-10,2023-07-12T21:59:00+00:00,STATE_FAST_R15,0.38186957694534013,0.0675675675675613,8.498168498168521,8.806111157150477,0.586563863842336,5.594483210025203e-15,0.6272403906706571,0.3,1.3565179668856628,0.8925770170076601
2023-06,5,2023-11,2023-07-12T21:59:00+00:00,STATE_FAST_R15,0.14992651252547923,0.0675219446319985,7.313540912382349,7.706743735160307,0.7363780987805959,0.0674991588233402,0.15948676204308032,0.1,1.5158776838545207,0.9925270503160134
2023-06,6,2023-12,2023-07-12T21:59:00+00:00,STATE_FAST_R15,0.1227449322091108,-0.4048582995951344,6.879073135409149,7.838948304742672,0.8590477609849064,-0.33818091073809164,0.2915794298443086,0.0,1.8070328453986,0.9925270503160134
2023-06,7,2024-01,2023-07-12T21:59:00+00:00,STATE_FAST_R15,1.1105725178033679,1.4905149051490652,2.3224043715847307,2.854859465034618,1.9634987035247216,1.14133498093662,0.6414572126864029,0.2,2.4464414771529395,1.192327316583319
2023-06,8,2024-02,2023-07-12T21:59:00+00:00,STATE_FAST_R15,0.34773609511488524,0.26702269692922,1.9687712152070571,2.5818965239173486,2.3106315946479112,1.4080018056281278,0.4821900913252883,0.5,2.927472755684669,1.6910814676872263
2023-06,9,2024-03,2023-07-12T21:59:00+00:00,STATE_FAST_R15,0.09792517674197573,0.1331557922769732,1.9661016949152728,2.5431197222717885,2.4085088559669776,1.5410690241986449,0.06196658541874121,0.1,2.9894201497426125,1.7910315009955797
2023-06,10,2024-04,2023-07-12T21:59:00+00:00,STATE_FAST_R15,0.3202164536452932,0.6648936170212671,2.853260869565235,3.0811362119313594,2.7282137085891724,2.203761972959531,0.504649070791043,0.1,3.49280013493878,1.8909815343039331
2023-06,11,2024-05,2023-07-12T21:59:00+00:00,STATE_FAST_R15,0.42120976000709,0.0,2.574525745257463,3.234794684999061,3.148538863445497,2.203761972959531,0.3632040231086767,0.1,3.855346164992317,1.9909315676122865
2023-06,12,2024-06,2023-07-12T21:59:00+00:00,STATE_FAST_R15,0.36099791894885713,-0.264200792602387,1.958136394328148,3.5711745811593825,3.508886748842272,1.9392115541171144,0.5082394551041471,0.1,4.362298442830827,2.09088160092064
2023-07,1,2023-08,2023-08-09T21:59:00+00:00,STATE_FAST_R15,0.14185561211773642,0.2016129032258007,8.515283842794778,8.357223331292504,0.1417550920952563,0.20140993717011857,0.31819406963841407,0.2,0.31768890363050056,0.19980026626730563
2023-07,2,2023-09,2023-08-09T21:59:00+00:00,STATE_FAST_R15,-0.21943938234509908,-0.7377598926894713,6.859205776173314,7.260734516903505,-0.07792541127002806,-0.5390848634876496,-0.32746833889002014,-0.6,-0.010316786247989207,-0.402006966288996
2023-07,3,2023-10,2023-08-09T21:59:00+00:00,STATE_FAST_R15,0.40810636925562255,0.0675675675675613,8.498168498168521,9.276472001872259,0.32935046271175766,-0.47154011252385236,0.6635971971016263,0.3,0.6510882971795637,-0.10245606830914811
2023-07,4,2023-11,2023-08-09T21:59:00+00:00,STATE_FAST_R15,0.17539357395127927,0.0675219446319985,7.313540912382349,8.19985917403313,0.5045904017517286,-0.40404095370051774,0.19474717225877686,0.1,0.8456460829761503,-0.0025060350007947985
2023-07,5,2023-12,2023-08-09T21:59:00+00:00,STATE_FAST_R15,0.14567603859170158,-0.4048582995951344,6.879073135409149,8.35748044263966,0.650160435738716,-0.8097210232619495,0.32614345326558236,0.0,1.1712588420510341,-0.0025060350007947985
2023-07,6,2024-01,2023-08-09T21:59:00+00:00,STATE_FAST_R15,1.1322140143746553,1.4905149051490652,2.3224043715847307,3.3715468368534403,1.7760128799340147,0.6697948684127621,0.6755454357792863,0.2,1.844532694298639,0.19729423126651083
2023-07,7,2024-02,2023-08-09T21:59:00+00:00,STATE_FAST_R15,0.36860401655567393,0.26702269692922,1.9687712152070571,3.1186523688579655,2.143939216677394,0.9364616931042697,0.5157480222254955,0.5,2.3589552916936025,0.6960483823704182
2023-07,8,2024-03,2023-08-09T21:59:00+00:00,STATE_FAST_R15,0.11789494972647388,0.1331557922769732,1.9661016949152728,3.100237307749265,2.2617647248813526,1.0695289116747873,0.0950046925120986,0.1,2.4539148833107554,0.7959984156787715
2023-07,9,2024-04,2023-08-09T21:59:00+00:00,STATE_FAST_R15,0.33969391778634034,0.6648936170212671,2.853260869565235,3.6612990836160297,2.6008829861571896,1.7322218604356732,0.5375284134121469,0.1,2.9900037690229118,0.8959484489871248
2023-07,10,2024-05,2023-08-09T21:59:00+00:00,STATE_FAST_R15,0.44020825843128353,0.0,2.574525745257463,3.8354630984725344,3.0401251621799243,1.7322218604356732,0.3957934947685382,0.1,3.3850160619578613,0.9958984822954781
2023-07,11,2024-06,2023-08-09T21:59:00+00:00,STATE_FAST_R15,0.3749835139529981,-0.264200792602387,1.958136394328148,3.8729558101899606,3.4144073656067184,1.4676714415932566,0.5324325929441127,0.1,3.9160362437784757,1.0958485156038313
2023-07,12,2024-07,2023-08-09T21:59:00+00:00,STATE_FAST_R15,0.5029825917011582,0.6622516556291425,2.150537634408578,3.993820410293538,3.9161292256101854,2.127739844728466,0.929771863243295,1.1,4.84151233515609,2.189842519437268
2023-08,1,2023-09,2023-09-10T21:59:00+00:00,STATE_FAST_R15,-0.17557433016856358,-0.7377598926894713,6.859205776173314,7.757206973094719,-0.17572864254403261,-0.7404948006577682,-0.27887236443748725,-0.6,-0.27926193785936493,-0.6018072325563016
2023-08,2,2023-10,2023-09-10T21:59:00+00:00,STATE_FAST_R15,0.4247245088700276,0.0675675675675613,8.498168498168521,9.800444222739053,0.24809645755747797,-0.6729500496939709,0.7108016850577357,0.3,0.42902545939035586,-0.30225633457645373
2023-08,3,2023-11,2023-09-10T21:59:00+00:00,STATE_FAST_R15,0.19287355275640444,0.0675219446319985,7.313540912382349,8.737639846646916,0.44078424809622563,-0.6054508908706363,0.2402390617479214,0.1,0.6689764084515449,-0.20230630126810042
2023-08,4,2023-12,2023-09-10T21:59:00+00:00,STATE_FAST_R15,0.1635882117572769,-0.4048582995951344,6.879073135409149,8.915521807179116,0.6042388000862673,-1.0111309604320682,0.37049925982046755,0.0,1.038791010344979,-0.20230630126810042
2023-08,5,2024-01,2023-09-10T21:59:00+00:00,STATE_FAST_R15,1.1507187676063444,1.4905149051490652,2.3224043715847307,3.9229225344531535,1.7483871558830177,0.4683849312426436,0.7190958042680758,0.2,1.755313649054292,-0.0025060350007947985
2023-08,6,2024-02,2023-09-10T21:59:00+00:00,STATE_FAST_R15,0.38801722591445853,0.26702269692922,1.9687712152070571,3.688730654324949,2.135653536605169,0.7350517559341512,0.5584625593465935,0.5,2.31222258782549,0.4962481161031126
2023-08,7,2024-03,2023-09-10T21:59:00+00:00,STATE_FAST_R15,0.1377775739222621,0.1331557922769732,1.9661016949152728,3.6908018746013127,2.2733362843175597,0.8681189745046682,0.1369296400646655,0.1,2.4490585647504983,0.5961981494114659
2023-08,8,2024-04,2023-09-10T21:59:00+00:00,STATE_FAST_R15,0.36011760274828614,0.6648936170212671,2.853260869565235,4.276298090529449,2.6328070161589765,1.5308119232655544,0.5791479206192957,0.1,3.0265358709158074,0.6961481827198192
2023-08,9,2024-05,2023-09-10T21:59:00+00:00,STATE_FAST_R15,0.46094058907871416,0.0,2.574525745257463,4.4730557001192555,3.092688527337294,1.5308119232655544,0.43696224956354063,0.1,3.4625462124201474,0.7960982160281724
2023-08,10,2024-06,2023-09-10T21:59:00+00:00,STATE_FAST_R15,0.39603102828154,-0.264200792602387,1.958136394328148,4.532693376990618,3.487937417069515,1.266261504423138,0.5733432900536856,0.1,4.034252145303142,0.8960482493365257
2023-08,11,2024-07,2023-09-10T21:59:00+00:00,STATE_FAST_R15,0.5203606483439184,0.6622516556291425,2.150537634408578,4.582328225662708,4.006948867829911,1.926329907558347,0.98796703917144,1.1,5.017370698265198,1.9900422531699622
2023-08,12,2024-08,2023-09-10T21:59:00+00:00,STATE_FAST_R15,0.20253851343472098,0.263157894736854,2.213279678068404,4.299129043027999,4.209282548547639,2.18914214818531,0.4126785876373257,0.2,5.429200103280611,2.189842519437268
2023-09,1,2023-10,2023-10-09T21:59:00+00:00,STATE_FAST_R15,0.42274559363394676,0.0675675675675613,8.498168498168521,9.4195145242812,0.4218545348410818,0.06754475096379729,0.6524645063025148,0.3,0.6503451702579208,0.2995508979798479
2023-09,2,2023-11,2023-10-09T21:59:00+00:00,STATE_FAST_R15,0.14395758881404322,0.0675219446319985,7.313540912382349,8.307493829867823,0.565708604055876,0.13504390978713188,0.18440032029482398,0.1,0.8345756818818959,0.3995009312882012
2023-09,3,2023-12,2023-10-09T21:59:00+00:00,STATE_FAST_R15,0.12052956252774351,-0.4048582995951344,6.879073135409149,8.438036378365727,0.6861655880196337,-0.27063615977429994,0.31637099610848907,0.0,1.1504472779817845,0.3995009312882012
2023-09,4,2024-01,2023-10-09T21:59:00+00:00,STATE_FAST_R15,1.1092412254801787,1.4905149051490652,2.3224043715847307,3.424897168653348,1.78929985214049,1.2088797319004116,0.6662109561044244,0.2,1.8144488562124872,0.5993011975555068
2023-09,5,2024-02,2023-10-09T21:59:00+00:00,STATE_FAST_R15,0.3497705911724982,0.26702269692922,1.9687712152070571,3.1525127432485625,2.138460168607696,1.4755465565919192,0.5068053702606856,0.5,2.319974290757022,1.0980553486594142
2023-09,6,2024-03,2023-10-09T21:59:00+00:00,STATE_FAST_R15,0.10278321875325247,0.1331557922769732,1.9661016949152728,3.11852464154068,2.241190601577517,1.6086137751624363,0.08639982086009809,0.1,2.4063368084569263,1.1980053819677676
2023-09,7,2024-04,2023-10-09T21:59:00+00:00,STATE_FAST_R15,0.3269273373359858,0.6648936170212671,2.853260869565235,3.666494395696914,2.567584693394849,2.2713067239233222,0.5291268404417727,0.1,2.934068691398378,1.297955415276121
2023-09,8,2024-05,2023-10-09T21:59:00+00:00,STATE_FAST_R15,0.42932445523497176,0.0,2.574525745257463,3.8294148589491943,2.99599018048828,2.2713067239233227,0.38759656723243036,0.1,3.320916038479858,1.3979054485844744
2023-09,9,2024-06,2023-10-09T21:59:00+00:00,STATE_FAST_R15,0.36563384353011097,-0.264200792602387,1.958136394328148,3.857230452854874,3.36095720838884,2.006756305080906,0.5243789604550603,0.1,3.8439249199807906,1.4978554818928278
2023-09,10,2024-07,2023-10-09T21:59:00+00:00,STATE_FAST_R15,0.490840884196592,0.6622516556291425,2.150537634408578,3.876030391025864,3.85059739612063,2.6668247082161156,0.9391771037423512,1.1,4.778719175993422,2.5918494857262644
2023-09,11,2024-08,2023-10-09T21:59:00+00:00,STATE_FAST_R15,0.14941122490589134,0.263157894736854,2.213279678068404,3.8219144644802654,3.999897113511893,2.9296369488430782,0.33784246266721946,0.2,5.115992233114806,2.79164975199357
2023-09,12,2024-09,2023-10-09T21:59:00+00:00,STATE_FAST_R15,-0.1478384803037568,-0.3937007874015741,2.567567567567563,3.927098609101486,3.851949244300952,2.5351591197414445,-0.2921658695096892,-0.7,4.823398725984689,2.089188258297124
2023-10,1,2023-11,2023-11-09T22:59:00+00:00,STATE_FAST_R15,0.02637466563141665,0.0675219446319985,7.313540912382349,7.508495388073823,0.026371188127920647,0.0674991588233346,0.09811226314411288,0.1,0.09806416452107745,0.09995003330835331
2023-10,2,2023-12,2023-11-09T22:59:00+00:00,STATE_FAST_R15,0.05576248100198046,-0.4048582995951344,6.879073135409149,7.568444792390111,0.08211812763574372,-0.3381809107380972,0.23329652299955225,0.0,0.33108897369961887,0.09995003330835331
2023-10,3,2024-01,2023-11-09T22:59:00+00:00,STATE_FAST_R15,1.051538751298759,1.4905149051490652,2.3224043715847307,2.5369565151465983,1.1281666644903665,1.1413349809366145,0.5855179338269221,0.2,0.914899413154215,0.2997502995756589
2023-10,4,2024-02,2023-11-09T22:59:00+00:00,STATE_FAST_R15,0.29381362159760765,0.26702269692922,1.9687712152070571,2.2098846060145285,1.421549497470938,1.408001805628122,0.4283737226284535,0.5,1.3423582274388361,0.7985044506795662
2023-10,5,2024-03,2023-11-09T22:59:00+00:00,STATE_FAST_R15,0.05207679787181235,0.1331557922769732,1.9661016949152728,2.124450393919353,1.4736127400842598,1.5410690241986393,0.009996011820914408,0.1,1.35235373969178,0.8984544839879195
2023-10,6,2024-04,2023-11-09T22:59:00+00:00,STATE_FAST_R15,0.27861874477606874,0.6648936170212671,2.853260869565235,2.617702226346215,1.7518440622900582,2.2037619729595255,0.4537509152788585,0.1,1.805078309036634,0.9984045172962728
2023-10,7,2024-05,2023-11-09T22:59:00+00:00,STATE_FAST_R15,0.382866695208938,0.0,2.574525745257463,2.7314297377071033,2.1339796883867788,2.2037619729595255,0.3134179170822088,0.1,2.1180060960018072,1.0983545506046262
2023-10,8,2024-06,2023-11-09T22:59:00+00:00,STATE_FAST_R15,0.32093045283804955,-0.264200792602387,1.958136394328148,2.713181797588161,2.454396258623997,1.9392115541171089,0.45097336208554584,0.1,2.567965620170665,1.1983045839129796
2023-10,9,2024-07,2023-11-09T22:59:00+00:00,STATE_FAST_R15,0.4472711935533724,0.6622516556291425,2.150537634408578,2.687233353805795,2.9006701671810498,2.5992799572523184,0.8661707983775836,1.1,3.4304066810786082,2.2922985877464157
2023-10,10,2024-08,2023-11-09T22:59:00+00:00,STATE_FAST_R15,0.10715404337545996,0.263157894736854,2.213279678068404,2.590431329339838,3.0077668415899055,2.862092197879281,0.26582949347816215,0.2,3.6958834728772123,2.4920988540137214
2023-10,11,2024-09,2023-11-09T22:59:00+00:00,STATE_FAST_R15,-0.27286436593568336,-0.3937007874015741,2.567567567567563,3.070914467350736,2.734529522250782,2.4676143687776473,-0.41293122215373046,-0.7,3.2820973354660135,1.7896373603172755
2023-10,12,2024-10,2023-11-09T22:59:00+00:00,STATE_FAST_R15,0.4221429078945331,0.3293807641633783,2.8359216745442346,3.2061067318113032,3.1557839066534714,2.7964538627363105,0.6191701822768689,0.4,3.8993585350185276,2.1888394872710206
2023-11,1,2023-12,2023-12-10T22:59:00+00:00,STATE_FAST_R15,-0.07131618900614119,-0.4048582995951344,6.879073135409149,7.227332604465886,-0.07134163109715196,-0.4056800695614318,0.14373142602376265,0.0,0.1436282312799784,0.0
2023-11,2,2024-01,2023-12-10T22:59:00+00:00,STATE_FAST_R15,0.9909502732802304,1.4905149051490652,2.3224043715847307,2.150515620948384,0.9147309273113161,1.07383582211328,0.49908275922916184,0.2,0.6414697008350418,0.19980026626730563
2023-11,3,2024-02,2023-12-10T22:59:00+00:00,STATE_FAST_R15,0.2353467146282161,0.26702269692922,1.9687712152070571,1.7653170461869045,1.1498011353069735,1.3405026468047876,0.3448250893135708,0.5,0.9857016316193548,0.698554417371213
2023-11,4,2024-03,2023-12-10T22:59:00+00:00,STATE_FAST_R15,-0.0018954371723192143,0.1331557922769732,1.9661016949152728,1.6254038934224324,1.1479056801710168,1.4735698653753047,-0.0710124763259969,0.1,0.91466392949137,0.7985044506795663
2023-11,5,2024-04,2023-12-10T22:59:00+00:00,STATE_FAST_R15,0.22472221510140347,0.6648936170212671,2.853260869565235,2.0613611816795476,1.372375772549149,2.1362628141361903,0.37414446975590976,0.1,1.2881102197507992,0.8984544839879196
2023-11,6,2024-05,2023-12-10T22:59:00+00:00,STATE_FAST_R15,0.33228216574103886,0.0,2.574525745257463,2.1229847722047746,1.7041071009873021,2.1362628141361903,0.2353299233251183,0.1,1.5231636758669502,0.9984045172962729
2023-11,7,2024-06,2023-12-10T22:59:00+00:00,STATE_FAST_R15,0.27261748613067854,-0.264200792602387,1.958136394328148,2.055672837146043,1.9763536596384426,1.8717123952937738,0.37390564145639144,0.1,1.8963720277759086,1.0983545506046262
2023-11,8,2024-07,2023-12-10T22:59:00+00:00,STATE_FAST_R15,0.4003717396031535,0.6622516556291425,2.150537634408578,1.982252111212772,2.375926044475611,2.5317807984289833,0.7896901494895322,1.1,2.68296044329525,2.1923485544380625
2023-11,9,2024-08,2023-12-10T22:59:00+00:00,STATE_FAST_R15,0.061906074202979666,0.263157894736854,2.213279678068404,1.8400626129975717,2.4378129647730207,2.7945930390559464,0.1905242351257551,0.2,2.8733034112022904,2.3921488207053683
2023-11,10,2024-09,2023-12-10T22:59:00+00:00,STATE_FAST_R15,-0.31676442205374417,-0.3937007874015741,2.567567567567563,2.271991260215087,2.120545782232246,2.400115209954312,-0.48715443902518474,-0.7,2.3849585070971586,1.6896873270089223
2023-11,11,2024-10,2023-12-10T22:59:00+00:00,STATE_FAST_R15,0.37905800149024,0.3293807641633783,2.8359216745442346,2.5903436266226194,2.498887169232177,2.7289547039129753,0.5036924152221399,0.4,2.8873866357068403,2.0888894539626675
2023-11,12,2024-11,2023-12-10T22:59:00+00:00,STATE_FAST_R15,0.13417873213762727,0.0656598818122189,2.834008097166013,2.667945008518461,2.6329759621528916,2.7945930390559584,0.07014353056791948,0.0,2.9575055771981162,2.0888894539626675
2023-12,1,2024-01,2024-01-10T22:59:00+00:00,STATE_FAST_R15,0.99905147357443,1.4905149051490652,2.3224043715847307,2.1047909536493568,0.9940939458320853,1.4795158916747118,0.5413705465015295,0.2,0.5399104036433998,0.19980026626730563
2023-12,2,2024-02,2024-01-10T22:59:00+00:00,STATE_FAST_R15,0.2763730911692386,0.26702269692922,1.9687712152070571,1.761398751267287,1.2700858287834762,1.7461827163662194,0.38546857725152656,0.5,0.9246379544469756,0.698554417371213
2023-12,3,2024-03,2024-01-10T22:59:00+00:00,STATE_FAST_R15,0.03685369459356265,0.1331557922769732,1.9661016949152728,1.6608691774465483,1.306932734071035,1.8792499349367366,-0.031795677466720046,0.1,0.8928372210829948,0.7985044506795663
2023-12,4,2024-04,2024-01-10T22:59:00+00:00,STATE_FAST_R15,0.25924149338750574,0.6648936170212671,2.853260869565235,2.1321427248756857,1.565838776326348,2.5419428836976223,0.4125248890840514,0.1,1.3045135591022208,0.8984544839879196
2023-12,5,2024-05,2024-01-10T22:59:00+00:00,STATE_FAST_R15,0.36628024120739944,0.0,2.574525745257463,2.228437915350404,1.9314498449916644,2.5419428836976223,0.27284952568042076,0.1,1.576991526174803,0.9984045172962729
2023-12,6,2024-06,2024-01-10T22:59:00+00:00,STATE_FAST_R15,0.3028218695049073,-0.264200792602387,1.958136394328148,2.1918296973287714,2.2338141326125904,2.277392464855206,0.4108300357647515,0.1,1.9869799595975002,1.0983545506046262
2023-12,7,2024-07,2024-01-10T22:59:00+00:00,STATE_FAST_R15,0.42826239894907725,0.6622516556291425,2.150537634408578,2.146678910877044,2.661162098003666,2.9374608679904153,0.8262476932446625,1.1,2.809832913076426,2.1923485544380625
2023-12,8,2024-08,2024-01-10T22:59:00+00:00,STATE_FAST_R15,0.08793475217715953,0.263157894736854,2.213279678068404,2.0307940936779203,2.749058210227929,3.2002731086173783,0.2264510850680706,0.2,3.036027984099728,2.3921488207053683
2023-12,9,2024-09,2024-01-10T22:59:00+00:00,STATE_FAST_R15,-0.2923776185348866,-0.3937007874015741,2.567567567567563,2.488598663251539,2.456252333375925,2.8057952795157446,-0.45179905241378854,-0.7,2.583205235236199,1.6896873270089223
2023-12,10,2024-10,2024-01-10T22:59:00+00:00,STATE_FAST_R15,0.4025786783223171,0.3293807641633783,2.8359216745442346,2.8317150206536588,2.858022832050225,3.1346347734744073,0.5391344527722941,0.4,3.120891560787756,2.0888894539626675
2023-12,11,2024-11,2024-01-10T22:59:00+00:00,STATE_FAST_R15,0.16821620443907487,0.0656598818122189,2.834008097166013,2.935190786091581,3.0260977114976146,3.200273108617391,0.09782365738758572,0.0,3.2186674020167545,2.0888894539626675
2023-12,12,2024-12,2024-01-10T22:59:00+00:00,STATE_FAST_R15,0.11836671960503897,-0.2624671916010568,2.981029810298109,3.19435276877612,3.1443944329320175,2.9374608679904326,0.23136225051837567,0.0,3.449762422181042,2.0888894539626675
2024-01,1,2024-02,2024-02-14T22:59:00+00:00,STATE_FAST_R15,0.30175732593613447,0.26702269692922,1.9687712152070571,1.442670279197329,0.3013029523582391,0.2666668246915076,0.32210992816518885,0.5,0.3215922654668292,0.49875415110390736
2024-01,2,2024-03,2024-02-14T22:59:00+00:00,STATE_FAST_R15,-0.02348086010741728,0.1331557922769732,1.9661016949152728,1.2813335820487362,0.27781933506524925,0.3997340432620249,-0.09246709285552189,0.1,0.229082395423087,0.5987041844122607
2024-01,3,2024-04,2024-02-14T22:59:00+00:00,STATE_FAST_R15,0.21524284150793188,0.6648936170212671,2.853260869565235,1.7061944588944384,0.4928308610363662,1.0624269920229108,0.3535315741625363,0.1,0.5819905156881398,0.698654217720614
2024-01,4,2024-05,2024-02-14T22:59:00+00:00,STATE_FAST_R15,0.31969144401003835,0.0,2.574525745257463,1.7548327628825042,0.8120123784549543,1.0624269920229108,0.21549434048145355,0.1,0.7972530001470194,0.7986042510289673
2024-01,5,2024-06,2024-02-14T22:59:00+00:00,STATE_FAST_R15,0.2638094900760003,-0.264200792602387,1.958136394328148,1.6788311832837175,1.0754745020853322,0.7978765731804942,0.3546425126284731,0.1,1.1512681390683903,0.8985542843373205
2024-01,6,2024-07,2024-02-14T22:59:00+00:00,STATE_FAST_R15,0.39257189502341994,0.6622516556291425,2.150537634408578,1.5977880821842174,1.4672778444029086,1.4579449763157035,0.7708291178550809,1.1,1.9191415485358914,1.9925482881707568
2024-01,7,2024-08,2024-02-14T22:59:00+00:00,STATE_FAST_R15,0.05351911993168863,0.263157894736854,2.213279678068404,1.447630810505013,1.5207826479613762,1.7207572169426664,0.17215855037101482,0.2,2.091152075939689,2.1923485544380625
2024-01,8,2024-09,2024-02-14T22:59:00+00:00,STATE_FAST_R15,-0.3247899172295978,-0.3937007874015741,2.567567567567563,1.869692871173651,1.1954641434376367,1.3262793878410322,-0.5050913939987707,-0.7,1.5847807837701926,1.4898870607416166
2024-01,9,2024-10,2024-02-14T22:59:00+00:00,STATE_FAST_R15,0.37077599470218686,0.3293807641633783,2.8359216745442346,2.1783618045650806,1.5655544583167222,1.6551188817996954,0.48582289359549397,0.4,2.069427366266612,1.889089187695362
2024-01,10,2024-11,2024-02-14T22:59:00+00:00,STATE_FAST_R15,0.13738867955560463,0.0656598818122189,2.834008097166013,2.2497023192535304,1.702848845980353,1.7207572169426786,0.0451533294226973,0.0,2.1145705046411356,1.889089187695362
2024-01,11,2024-12,2024-02-14T22:59:00+00:00,STATE_FAST_R15,0.05416017613723921,-0.2624671916010568,2.981029810298109,2.7209552508860577,1.7569943607876919,1.4579449763157206,0.14648499342493304,0.0,2.260948313459717,1.889089187695362
2024-01,12,2025-01,2024-02-14T22:59:00+00:00,STATE_FAST_R15,1.0664690645759034,1.3157894736842035,2.8037383177569937,2.857892748668562,2.8178167552175406,2.7651531330509904,0.5239767903052718,0.5,2.783557121905302,2.3878433387992692
2024-02,1,2024-03,2024-03-10T22:59:00+00:00,STATE_FAST_R15,-0.04427116662939404,0.1331557922769732,1.9661016949152728,1.789078700971547,-0.04428096920361708,0.13306721857051723,-0.19273501998586165,0.1,-0.1929209929205739,0.09995003330835331
2024-02,2,2024-04,2024-03-10T22:59:00+00:00,STATE_FAST_R15,0.14109258531811122,0.6648936170212671,2.853260869565235,2.1404388090565956,0.09671217405226354,0.7957601673314031,0.25664833489797056,0.1,0.06339856255615967,0.19990006661670662
2024-02,3,2024-05,2024-03-10T22:59:00+00:00,STATE_FAST_R15,0.2574233974980817,0.0,2.574525745257463,2.1258562830456866,0.353804805047756,0.7957601673314031,0.12180608957352579,0.1,0.18513052869752983,0.29985009992505995
2024-02,4,2024-06,2024-03-10T22:59:00+00:00,STATE_FAST_R15,0.20154577849896269,-0.264200792602387,1.958136394328148,1.9862049111861897,0.5551477525284111,0.5312097484889866,0.26327702463789365,0.1,0.44806158647803923,0.39980013323341324
2024-02,5,2024-07,2024-03-10T22:59:00+00:00,STATE_FAST_R15,0.33836274315568643,0.6622516556291425,2.150537634408578,1.8498910425017092,0.8929393369838498,1.191278151624196,0.6810551824361197,1.1,1.1268080645459972,1.4937941370668497
2024-02,6,2024-08,2024-03-10T22:59:00+00:00,STATE_FAST_R15,0.002495954943988757,0.263157894736854,2.213279678068404,1.6474986967137788,0.8954352607794014,1.454090392251159,0.08448498427189005,0.2,1.2112573803433064,1.6935944033341555
2024-02,7,2024-09,2024-03-10T22:59:00+00:00,STATE_FAST_R15,-0.37477636115836854,-0.3937007874015741,2.567567567567563,2.019204674821349,0.5199548534002648,1.0596125631495248,-0.5909270451611137,-0.7,0.6185774524017655,0.9911329096377095
2024-02,8,2024-10,2024-03-10T22:59:00+00:00,STATE_FAST_R15,0.32126035419985444,0.3293807641633783,2.8359216745442346,2.2778452808947405,0.8407002690916503,1.3884520571081878,0.4001384320553724,0.4,1.0179174597936953,1.3903350365914549
2024-02,9,2024-11,2024-03-10T22:59:00+00:00,STATE_FAST_R15,0.08936570058220103,0.0656598818122189,2.834008097166013,2.300171528692348,0.9300260623055451,1.4540903922511712,-0.03935404246039203,0.0,0.9785556715977733,1.3903350365914549
2024-02,10,2024-12,2024-03-10T22:59:00+00:00,STATE_FAST_R15,0.008455535849794117,-0.2624671916010568,2.981029810298109,2.72471107489218,0.9384812406950567,1.1912781516242132,0.06253374527447209,0.0,1.0410698726731438,1.3903350365914549
2024-02,11,2025-01,2024-03-10T22:59:00+00:00,STATE_FAST_R15,0.9978191234540985,1.3157894736842035,2.8037383177569937,2.2260237653467065,1.9313550189901854,2.498486308359483,0.4126724115071043,0.5,1.452893126940964,1.8890891876953622
2024-02,12,2025-02,2024-03-10T22:59:00+00:00,STATE_FAST_R15,0.2509951456835823,0.1948051948051921,2.729693741677764,2.2060162003004304,2.182035697945552,2.69310200390808,0.2781313270907266,0.5,1.7306383845439322,2.3878433387992697
2024-03,1,2024-04,2024-04-09T21:59:00+00:00,STATE_FAST_R15,0.2442954831097595,0.6648936170212671,2.853260869565235,2.4696758664236067,0.2439975667931758,0.6626929487608858,0.37052533364114565,0.1,0.3698405794640186,0.09995003330835331
2024-03,2,2024-05,2024-04-09T21:59:00+00:00,STATE_FAST_R15,0.3217803336355727,0.0,2.574525745257463,2.5208139629243553,0.565261295438688,0.6626929487608858,0.23123848016514528,0.1,0.6008121148957132,0.19990006661670662
2024-03,3,2024-06,2024-04-09T21:59:00+00:00,STATE_FAST_R15,0.26415639063219304,-0.264200792602387,1.958136394328148,2.444594709810719,0.8290694062780513,0.39814252991846927,0.36942616582621424,0.1,0.9695575782089786,0.29985009992505995
2024-03,4,2024-07,2024-04-09T21:59:00+00:00,STATE_FAST_R15,0.39867341707852916,0.6622516556291425,2.150537634408578,2.3691625314394686,1.2269502267720327,1.0582109330536784,0.7848849513491083,1.1,1.7513783308036377,1.3938441037584963
2024-03,5,2024-08,2024-04-09T21:59:00+00:00,STATE_FAST_R15,0.06192406150633831,0.263157894736854,2.213279678068404,2.226451956953818,1.2888551232428411,1.3210231736806415,0.18550333046132061,0.2,1.9367098163228045,1.5936443700258018
2024-03,6,2024-09,2024-04-09T21:59:00+00:00,STATE_FAST_R15,-0.31783588182936295,-0.3937007874015741,2.567567567567563,2.658915919839949,0.9705130703612126,0.9265453445790073,-0.492335478225271,-0.7,1.4431583742592458,0.8911828763293559
2024-03,7,2024-10,2024-04-09T21:59:00+00:00,STATE_FAST_R15,0.3774069567573037,0.3293807641633783,2.8359216745442346,2.9767789055871257,1.3472096338847819,1.2553848385376702,0.4983029663944958,0.4,1.9402239204540577,1.2903850032831012
2024-03,8,2024-11,2024-04-09T21:59:00+00:00,STATE_FAST_R15,0.14424809536080474,0.0656598818122189,2.834008097166013,3.055735711015451,1.4913537916205346,1.321023173680654,0.05725777895859081,0.0,1.997465313400938,1.2903850032831012
2024-03,9,2024-12,2024-04-09T21:59:00+00:00,STATE_FAST_R15,0.06253675626721031,-0.2624671916010568,2.981029810298109,3.5393711627775457,1.553871001806888,1.0582109330536957,0.15834472917383252,0.0,2.1556848094910466,1.2903850032831012
2024-03,10,2025-01,2024-04-09T21:59:00+00:00,STATE_FAST_R15,1.0514348685011423,1.3157894736842035,2.8037383177569937,3.091427126557578,2.599816736811784,2.3654190897889658,0.5080966958567251,0.5,2.6624950498711537,1.7891391543870085
2024-03,11,2025-02,2024-04-09T21:59:00+00:00,STATE_FAST_R15,0.28206703565361674,0.1948051948051921,2.729693741677764,3.1068952466588535,2.881486709882252,2.5600347853375625,0.37698351245908834,0.5,3.038769760306254,2.287893305490916
2024-03,12,2025-03,2024-04-09T21:59:00+00:00,STATE_FAST_R15,0.04713528182505336,0.0648088139987068,2.659574468085101,2.9719164115177663,2.9286108865228444,2.6248226074936296,-0.049882076282452704,0.0,2.988875238777326,2.287893305490916
2024-04,1,2024-05,2024-05-12T21:59:00+00:00,STATE_FAST_R15,0.3886732184034839,0.0,2.574525745257463,2.8408589512104143,0.38791983555057385,0.0,0.30796792099607856,0.1,0.30749467118371837,0.09995003330835331
2024-04,2,2024-06,2024-05-12T21:59:00+00:00,STATE_FAST_R15,0.3002092818492626,-0.264200792602387,1.958136394328148,2.8013536872691414,0.6876793891943533,-0.26455041884241653,0.4433865740345646,0.1,0.7499011828568545,0.19990006661670662
2024-04,3,2024-07,2024-05-12T21:59:00+00:00,STATE_FAST_R15,0.4392180372560442,0.6622516556291425,2.150537634408578,2.7671431606730854,1.1259356791126642,0.39551798429279267,0.856842188385724,1.1,1.6030933138976617,1.293894070450143
2024-04,4,2024-08,2024-05-12T21:59:00+00:00,STATE_FAST_R15,0.09952578734517768,0.263157894736854,2.213279678068404,2.6624422387159052,1.2254119723829646,0.6583302249197557,0.255196200607242,0.2,1.8579644419319985,1.4936943367174487
2024-04,5,2024-09,2024-05-12T21:59:00+00:00,STATE_FAST_R15,-0.27936426117120483,-0.3937007874015741,2.567567567567563,3.1365400929689238,0.9456567609730694,0.2638523958181216,-0.42457331648156643,-0.7,1.4324872536388278,0.7912328430210027
2024-04,6,2024-10,2024-05-12T21:59:00+00:00,STATE_FAST_R15,0.4163181476590131,0.3293807641633783,2.8359216745442346,3.4959865056316595,1.361110702366447,0.5926918897767846,0.5655607794176255,0.4,1.9964547426082015,1.190434969974748
2024-04,7,2024-11,2024-05-12T21:59:00+00:00,STATE_FAST_R15,0.18198702815415785,0.0656598818122189,2.834008097166013,3.614373335937403,1.5429323347640018,0.6583302249197681,0.12328141606457713,0.0,2.1196602295329834,1.190434969974748
2024-04,8,2024-12,2024-05-12T21:59:00+00:00,STATE_FAST_R15,0.09986039898782245,-0.2624671916010568,2.981029810298109,4.139460310781182,1.6427429064244805,0.39551798429281004,0.22368310926258006,0.0,2.343093540563665,1.190434969974748
2024-04,9,2025-01,2024-05-12T21:59:00+00:00,STATE_FAST_R15,1.0883030738049706,1.3157894736842035,2.8037383177569937,3.726750580360256,2.725166580985398,1.70272614102808,0.5730595722557302,0.5,2.9145173726544824,1.6891891210786554
2024-04,10,2025-02,2024-05-12T21:59:00+00:00,STATE_FAST_R15,0.3184502713686499,0.1948051948051921,2.729693741677764,3.7799526705724653,3.043110873387055,1.897341836576677,0.4413793453949419,0.5,3.354925496216402,2.187943272182563
2024-04,11,2025-03,2024-05-12T21:59:00+00:00,STATE_FAST_R15,0.06032350052794927,0.0648088139987068,2.659574468085101,3.704467865057267,3.1034161866052052,1.962129658732744,0.0005718998886540084,0.0,3.355497394469715,2.187943272182563
2024-04,12,2025-04,2024-05-12T21:59:00+00:00,STATE_FAST_R15,0.3019807210136497,-0.1295336787564882,1.8494055482166376,3.4635735732007067,3.40494186170998,1.8325120125880643,0.453631244105263,0.2,3.8081028331262794,2.3877435384498686
2024-05,1,2024-06,2024-06-10T21:59:00+00:00,STATE_FAST_R15,0.11153860764999884,-0.264200792602387,1.958136394328148,2.5551005862579785,0.11147644956090086,-0.26455041884241653,0.32113366206143584,0.1,0.3206191291814584,0.09995003330835331
2024-05,2,2024-07,2024-06-10T21:59:00+00:00,STATE_FAST_R15,0.34191892468946417,0.6622516556291425,2.150537634408578,2.4216562253430776,0.4528121605290141,0.39551798429279267,0.7387827577788464,1.1,1.0566862540274855,1.1939440371417898
2024-05,3,2024-08,2024-06-10T21:59:00+00:00,STATE_FAST_R15,0.012872290589197519,0.263157894736854,2.213279678068404,2.2287339201712366,0.4656836227099758,0.6583302249197557,0.14157614741415692,0.2,1.1981622769045597,1.3937443034090955
2024-05,4,2024-09,2024-06-10T21:59:00+00:00,STATE_FAST_R15,-0.33296170020735394,-0.3937007874015741,2.567567567567563,2.6456296769653944,0.13216637150946475,0.2638523958181216,-0.5344550523560516,-0.7,0.6622739042841406,0.6912828097126495
2024-05,5,2024-10,2024-06-10T21:59:00+00:00,STATE_FAST_R15,0.32830031194365117,0.3293807641633783,2.8359216745442346,2.9130797347057915,0.45992895456798844,0.5926918897767846,0.4569844449424379,0.4,1.1182173455902773,1.090484936666395
2024-05,6,2024-11,2024-06-10T21:59:00+00:00,STATE_FAST_R15,0.11044990252041524,0.0656598818122189,2.834008097166013,2.95722840819311,0.5703179060596759,0.6583302249197681,0.017092609212765862,0.0,1.135308494183031,1.090484936666395
2024-05,7,2024-12,2024-06-10T21:59:00+00:00,STATE_FAST_R15,0.02935307452271238,-0.2624671916010568,2.981029810298109,3.406097688955475,0.5996666734103063,0.39551798429281004,0.11891739088778043,0.0,1.2541552343466518,1.090484936666395
2024-05,8,2025-01,2024-06-10T21:59:00+00:00,STATE_FAST_R15,1.0178952814386897,1.3157894736842035,2.8037383177569937,2.9245576058769043,1.6124162896914298,1.70272614102808,0.46915658459764314,0.5,1.7222147095423819,1.5892390877703022
2024-05,9,2025-02,2024-06-10T21:59:00+00:00,STATE_FAST_R15,0.2506256914155137,0.1948051948051921,2.729693741677764,2.9077260046867446,1.8627284386902538,1.897341836576677,0.3385934748865422,0.5,2.060236247386794,2.0879932388742097
2024-05,10,2025-03,2024-06-10T21:59:00+00:00,STATE_FAST_R15,0.0037200268463580544,0.0648088139987068,2.659574468085101,2.774703728710818,1.866448396345329,1.962129658732744,-0.10098144990554232,0.0,1.9592037768646622,2.0879932388742097
2024-05,11,2025-04,2024-06-10T21:59:00+00:00,STATE_FAST_R15,0.2577710366763328,-0.1295336787564882,1.8494055482166376,2.359048368904787,2.1238877733111035,1.8325120125880643,0.30137075904502975,0.2,2.2601213245736362,2.2877935051415155
2024-05,12,2025-05,2024-06-10T21:59:00+00:00,STATE_FAST_R15,0.33734229421916523,0.5188067444876765,2.377807133421391,2.491186491880019,2.4606623448338207,2.3499775915898127,0.20936685312437572,0.2,2.469269310738746,2.487593771408821
2024-06,1,2024-07,2024-07-09T21:59:00+00:00,STATE_FAST_R15,0.35578234173632867,0.6622516556291425,2.150537634408578,2.159922718419034,0.35515093354558624,0.6600684031352093,0.7055570331524553,1.1,0.7030796257063942,1.0939940038334364
2024-06,2,2024-08,2024-07-09T21:59:00+00:00,STATE_FAST_R15,-0.01416517225381849,0.263157894736854,2.213279678068404,1.9399275419280424,0.3409847579364904,0.9228806437621723,0.10978976414617884,0.2,0.8128091649674922,1.2937942701007419
2024-06,3,2024-09,2024-07-09T21:59:00+00:00,STATE_FAST_R15,-0.3539614219282865,-0.3937007874015741,2.567567567567563,2.33407931865403,-0.013604589613730456,0.5284028146605382,-0.5650396558183576,-0.7,0.24616712115002204,0.5913327764042959
2024-06,4,2024-10,2024-07-09T21:59:00+00:00,STATE_FAST_R15,0.30618843382031696,0.3293807641633783,2.8359216745442346,2.578104903044369,0.29211604208230485,0.8572423086192011,0.4268926216786922,0.4,0.6721511411942478,0.9905349033580413
2024-06,5,2024-11,2024-07-09T21:59:00+00:00,STATE_FAST_R15,0.09180880032603855,0.0656598818122189,2.834008097166013,2.6030010889669777,0.38388272390627987,0.9228806437621846,-0.01223212453567868,0.0,0.6599182684732026,0.9905349033580413
2024-06,6,2024-12,2024-07-09T21:59:00+00:00,STATE_FAST_R15,0.01220662778077114,-0.2624671916010568,2.981029810298109,3.032661737740833,0.3960886067388635,0.6600684031352265,0.09007157891336916,0.0,0.7499493072815141,0.9905349033580413
2024-06,7,2025-01,2024-07-09T21:59:00+00:00,STATE_FAST_R15,1.0012096463875573,1.3157894736842035,2.8037383177569937,2.5359214930037903,1.3923193545743162,1.9672765598704967,0.440618310219662,0.5,1.1895997370887268,1.4892890544619486
2024-06,8,2025-02,2024-07-09T21:59:00+00:00,STATE_FAST_R15,0.23472798895992525,0.1948051948051921,2.729693741677764,2.502896002150351,1.6267722877281225,2.1618922554190934,0.3104186210847407,0.5,1.4995375543180545,1.988043205565856
2024-06,9,2025-03,2024-07-09T21:59:00+00:00,STATE_FAST_R15,-0.01174434738134044,0.0648088139987068,2.659574468085101,2.354566671784446,1.6150272506443037,2.2266800775751605,-0.1287729477102168,0.0,1.3706816229995853,1.988043205565856
2024-06,10,2025-04,2024-07-09T21:59:00+00:00,STATE_FAST_R15,0.24267287195648302,-0.1295336787564882,1.8494055482166376,1.9252588977618588,1.8574061474893777,2.097062431430481,0.27367610595653885,0.2,1.6439839177672193,2.1878434718331614
2024-06,11,2025-05,2024-07-09T21:59:00+00:00,STATE_FAST_R15,0.3303465114232422,0.5188067444876765,2.377807133421391,2.2619654347897233,2.1872082135326174,2.6145280104322293,0.18275201537262933,0.2,1.8265691448193295,2.387643738100467
2024-06,12,2025-06,2024-07-09T21:59:00+00:00,STATE_FAST_R15,0.2517464558296192,0.2580645161290418,2.913907284768222,2.4686162918042722,2.4386383187951153,2.8722601118622832,0.3172207132029963,0.3,2.1432877746459966,2.687194636080315
2024-07,1,2024-08,2024-08-11T21:59:00+00:00,STATE_FAST_R15,-0.08066820460660826,0.263157894736854,2.213279678068404,1.405105130192236,-0.08070075891127333,0.262812240626963,0.04723565251465379,0.2,0.047224499992151,0.19980026626730563
2024-07,2,2024-09,2024-08-11T21:59:00+00:00,STATE_FAST_R15,-0.3939512480937134,-0.3937007874015741,2.567567567567563,1.7563358873483406,-0.4754300389843945,-0.13166558847467108,-0.6247847066083685,-0.7,-0.579520154163949,-0.5026612274291403
2024-07,3,2024-10,2024-08-11T21:59:00+00:00,STATE_FAST_R15,0.26881540319485264,0.3293807641633783,2.8359216745442346,1.9609800378605948,-0.2069752981950317,0.1971739054839919,0.36848057941447726,0.4,-0.21171680131409892,-0.10345910047539497
2024-07,4,2024-11,2024-08-11T21:59:00+00:00,STATE_FAST_R15,0.05581850029752921,0.0656598818122189,2.834008097166013,1.949055143239728,-0.15117237062767297,0.26281224062697534,-0.06885227133793759,0.0,-0.2805927867141168,-0.10345910047539497
2024-07,5,2024-12,2024-08-11T21:59:00+00:00,STATE_FAST_R15,-0.020925310510564912,-0.2624671916010568,2.981029810298109,2.3420623201684445,-0.17209987078680355,1.730386667286865e-14,0.034623962452304834,0.0,-0.24597481697245543,-0.10345910047539497
2024-07,6,2025-01,2024-08-11T21:59:00+00:00,STATE_FAST_R15,0.9690150357059122,1.3157894736842035,2.8037383177569937,1.8161868510333172,0.7922503253435649,1.3072081567352873,0.38596432691911525,0.5,0.13924657865796514,0.3952950506285124
2024-07,7,2025-02,2024-08-11T21:59:00+00:00,STATE_FAST_R15,0.20373632080264112,0.1948051948051921,2.729693741677764,1.75192267599837,0.9957793851669876,1.5018238522838843,0.256624729961839,0.5,0.39554258962238703,0.8940492017324198
2024-07,8,2025-03,2024-08-11T21:59:00+00:00,STATE_FAST_R15,-0.04162132566507602,0.0648088139987068,2.659574468085101,1.5743200862301479,0.9541493954240081,1.5666116744399514,-0.18170267570015664,0.0,0.21367463436852122,0.8940492017324198
2024-07,9,2025-04,2024-08-11T21:59:00+00:00,STATE_FAST_R15,0.21338740104083542,-0.1295336787564882,1.8494055482166376,1.1187348741958671,1.1673094489134699,1.4369940282952718,0.2210380263559161,0.2,0.43446873106436584,1.0938494679997253
2024-07,10,2025-05,2024-08-11T21:59:00+00:00,STATE_FAST_R15,0.3016961610334958,0.5188067444876765,2.377807133421391,1.423806215396955,1.4685514203647752,1.9544596072970204,0.13056525197613242,0.2,0.5649488207355724,1.293649734267031
2024-07,11,2025-06,2024-08-11T21:59:00+00:00,STATE_FAST_R15,0.19615443347395034,0.2580645161290418,2.913907284768222,1.8919528549272522,1.664513722238609,2.2121917087270746,0.23278567692600602,0.3,0.7974639715540149,1.5932006322468788
2024-07,12,2025-07,2024-08-11T21:59:00+00:00,STATE_FAST_R15,0.33350735061235165,0.4504504504504458,2.697368421052633,2.0175490191782357,1.9974661705041936,2.6616306675110013,0.6783559927577452,0.9,1.4735294826259104,2.489174769394069
2024-08,1,2024-09,2024-09-09T21:59:00+00:00,STATE_FAST_R15,-0.36384156274878077,-0.3937007874015741,2.567567567567563,2.40353895104013,-0.3645050760764673,-0.3944778291016341,-0.4709618616959354,-0.7,-0.47207438147539615,-0.702461493696446
2024-08,2,2024-10,2024-09-09T21:59:00+00:00,STATE_FAST_R15,0.3723229129011625,0.3293807641633783,2.8359216745442346,2.7154084871446704,0.007126430711504794,-0.06563833514297109,0.5178712097367257,0.4,0.04446048701076144,-0.3032593667427006
2024-08,3,2024-11,2024-09-09T21:59:00+00:00,STATE_FAST_R15,0.14803784194242348,0.0656598818122189,2.834008097166013,2.798054915488576,0.15505480466340996,1.235990476633475e-14,0.07513273511086455,0.0,0.119565011611534,-0.3032593667427006
2024-08,4,2024-12,2024-09-09T21:59:00+00:00,STATE_FAST_R15,0.06876443526900122,-0.2624671916010568,2.981029810298109,3.2869090410667665,0.2237956080275652,-0.2628122406269457,0.17495053542275116,0.0,0.29436268684557215,-0.3032593667427006
2024-08,5,2025-01,2024-09-09T21:59:00+00:00,STATE_FAST_R15,1.0528389715492847,1.3157894736842035,2.8037383177569937,2.8414861915972045,1.2711308268088175,1.0443959161083243,0.5237271383845304,0.5,0.8167231443616385,0.19549478436120676
2024-08,6,2025-02,2024-09-09T21:59:00+00:00,STATE_FAST_R15,0.28312704703834046,0.1948051948051921,2.729693741677764,2.858004038191472,1.5538578241447185,1.2390116116569212,0.39176797023507354,0.5,1.2077257023263215,0.6942489354651141
2024-08,7,2025-03,2024-09-09T21:59:00+00:00,STATE_FAST_R15,0.034280284768264425,0.0648088139987068,2.659574468085101,2.7564379058735535,1.588132234565821,1.3037994338129884,-0.04909536444183605,0.0,1.158618282164409,0.6942489354651141
2024-08,8,2025-04,2024-09-09T21:59:00+00:00,STATE_FAST_R15,0.28757160050375363,-0.1295336787564882,1.8494055482166376,2.3712761581414243,1.8752911389510674,1.1741817876683087,0.35261806212561986,0.2,1.5106161044255608,0.8940492017324198
2024-08,9,2025-05,2024-09-09T21:59:00+00:00,STATE_FAST_R15,0.37382468375666156,0.5188067444876765,2.377807133421391,2.753965257497254,2.248418834705559,1.6916473666700576,0.26077780294113656,0.2,1.7710544720407577,1.0938494679997253
2024-08,10,2025-06,2024-09-09T21:59:00+00:00,STATE_FAST_R15,0.2670506480964234,0.2580645161290418,2.913907284768222,3.3012932231261907,2.5151135361231884,1.9493794681001115,0.36213118695111746,0.3,2.132531542706137,1.393400365979573
2024-08,11,2025-07,2024-09-09T21:59:00+00:00,STATE_FAST_R15,0.43442827852023724,0.4504504504504458,2.697368421052633,3.0674970473529473,2.9486008990821255,2.3988184268840382,0.8842509440737186,0.9,3.0128958828700876,2.2893745031267634
2024-08,12,2025-08,2024-09-09T21:59:00+00:00,STATE_FAST_R15,0.07621328718274746,0.0640614990390808,2.493438320209967,3.0709965398189425,3.024785158686802,2.4628594153039627,0.20575822513153574,0.3,3.218442715687294,2.588925401106611
2024-09,1,2024-10,2024-10-09T21:59:00+00:00,STATE_FAST_R15,0.33348783827726447,0.3293807641633783,2.8359216745442346,2.7663376923781273,0.3329330007873694,0.32883949395866297,0.5146483656435913,0.4,0.513328577185409,0.39920212695374535
2024-09,2,2024-11,2024-10-09T21:59:00+00:00,STATE_FAST_R15,0.17362823191922488,0.0656598818122189,2.834008097166013,2.8753056605933978,0.5064106731427438,0.3944778291016464,0.07204736731196307,0.0,0.5853500028411283,0.39920212695374535
2024-09,3,2024-12,2024-10-09T21:59:00+00:00,STATE_FAST_R15,0.08485971073940693,-0.2624671916010568,2.981029810298109,3.3811525236081907,0.591234398386303,0.13166558847468834,0.1719608134997116,0.0,0.7571631330146692,0.39920212695374535
2024-09,4,2025-01,2024-10-09T21:59:00+00:00,STATE_FAST_R15,1.0689328659414912,1.3157894736842035,2.8037383177569937,2.9517169538185963,1.6544945660534758,1.4388737452099585,0.5208062609181927,0.5,1.2766178885778834,0.8979562780576527
2024-09,5,2025-02,2024-10-09T21:59:00+00:00,STATE_FAST_R15,0.29394209962998163,0.1948051948051921,2.729693741677764,2.9793571355340904,1.9480055006042674,1.6334894407585554,0.38891424682496434,0.5,1.66477781907583,1.39671042916156
2024-09,6,2025-03,2024-10-09T21:59:00+00:00,STATE_FAST_R15,0.041618237925929245,0.0648088139987068,2.659574468085101,2.8852177026335184,1.9896150805436739,1.6982772629146226,-0.05188612253317749,0.0,1.6128782310360739,1.39671042916156
2024-09,7,2025-04,2024-10-09T21:59:00+00:00,STATE_FAST_R15,0.29328289468892715,-0.1295336787564882,1.8494055482166376,2.5054105156984807,2.282468739995241,1.5686596167699427,0.3498565965695094,0.2,1.962124253090496,1.5965106954288655
2024-09,8,2025-05,2024-10-09T21:59:00+00:00,STATE_FAST_R15,0.3777934135516967,0.5188067444876765,2.377807133421391,2.892669205160918,2.6595503065410786,2.0861251957716918,0.25805124207778074,0.2,2.2198431146358546,1.7963109616961712
2024-09,9,2025-06,2024-10-09T21:59:00+00:00,STATE_FAST_R15,0.269825244878794,0.2580645161290418,2.913907284768222,3.443598408698282,2.929012176610551,2.3438572972017457,0.359427797979258,0.3,2.5786265145409084,2.095861859676019
2024-09,10,2025-07,2024-10-09T21:59:00+00:00,STATE_FAST_R15,0.43622835813045213,0.4504504504504458,2.697368421052633,3.211329978051104,3.364291816889036,2.7932962559856724,0.8815543415513374,0.9,3.4563178521921443,2.9918359968232093
2024-09,11,2025-08,2024-10-09T21:59:00+00:00,STATE_FAST_R15,0.12041184094224028,0.0640614990390808,2.493438320209967,3.06438657061596,3.4846312209166648,2.857337244405597,0.20145933456870938,0.3,3.6575745295789908,3.291386894803057
2024-09,12,2025-09,2024-10-09T21:59:00+00:00,STATE_FAST_R15,-0.28372534939023963,-0.5761843790012655,2.305665349143618,3.2522694835837482,3.2005026082028545,2.2794865193111913,-0.47659539333491496,-0.7,3.179839798938524,2.588925401106611
2024-10,1,2024-11,2024-11-10T22:59:00+00:00,STATE_FAST_R15,0.14366789780542735,0.0656598818122189,2.834008097166013,2.803863378116025,0.14356479422048316,0.06563833514298344,-0.008152199219290638,0.0,-0.00815253152911169,0.0
2024-10,2,2024-12,2024-11-10T22:59:00+00:00,STATE_FAST_R15,0.033261273465258576,-0.2624671916010568,2.981029810298109,3.2560981353862797,0.17682053735045172,-0.19717390548397462,0.09474836456638817,0.0,0.08655097510687065,0.0
2024-10,3,2025-01,2024-11-10T22:59:00+00:00,STATE_FAST_R15,1.0175745770540259,1.3157894736842035,2.8037383177569937,2.774930284621088,1.18925268028406,1.1100342512512955,0.4457872873204233,0.5,0.5313475740503439,0.49875415110390736
2024-10,4,2025-02,2024-11-10T22:59:00+00:00,STATE_FAST_R15,0.24684510916472846,0.1948051948051921,2.729693741677764,2.7542480092325423,1.4357936273458847,1.3046499467998924,0.31596105541274677,0.5,0.8468105214628041,0.9975083022078147
2024-10,5,2025-03,2024-11-10T22:59:00+00:00,STATE_FAST_R15,-0.006397489360569261,0.0648088139987068,2.659574468085101,2.6110417715141025,1.4293959333372364,1.3694377689559594,-0.12295198433210912,0.0,0.7237828891649649,0.9975083022078147
2024-10,6,2025-04,2024-11-10T22:59:00+00:00,STATE_FAST_R15,0.24882549913216384,-0.1295336787564882,1.8494055482166376,2.1869298344674117,1.6779123743950075,1.2398201228112797,0.2797637392526942,0.2,1.0031560180232268,1.1973085684751203
2024-10,7,2025-05,2024-11-10T22:59:00+00:00,STATE_FAST_R15,0.3355286476362015,0.5188067444876765,2.377807133421391,2.5297962582019546,2.012879380625515,1.7572857018130286,0.18902852328632025,0.2,1.1920061072219634,1.397108834742426
2024-10,8,2025-06,2024-11-10T22:59:00+00:00,STATE_FAST_R15,0.22930878137665198,0.2580645161290418,2.913907284768222,3.037131001329875,2.241925650647218,2.0150178032430826,0.2911409186029161,0.3,1.4827240314600258,1.6966597327222739
2024-10,9,2025-07,2024-11-10T22:59:00+00:00,STATE_FAST_R15,0.39730414719549517,0.4504504504504458,2.697368421052633,2.765932705186585,2.638442629196092,2.4644567620270097,0.8135600586830766,0.9,2.2929925307879744,2.592633869869464
2024-10,10,2025-08,2024-11-10T22:59:00+00:00,STATE_FAST_R15,0.08233259161120411,0.0640614990390808,2.493438320209967,2.580593630270205,2.7207413461210854,2.5284977504469337,0.13443823622395404,0.3,2.427340479726497,2.892184767849312
2024-10,11,2025-09,2024-11-10T22:59:00+00:00,STATE_FAST_R15,-0.32360979813047397,-0.5761843790012655,2.305665349143618,2.6527775718923725,2.3966067990849735,1.950647025352528,-0.5726489647825918,-0.7,1.853045594186363,2.189723274152866
2024-10,12,2025-10,2024-11-10T22:59:00+00:00,STATE_FAST_R15,0.34177851267583736,0.5151320025756467,2.4950755088640726,2.775624767851391,2.737802576400857,2.464456762027014,0.4463131365338728,0.4,2.298365707207634,2.5889254011066116
2024-11,1,2024-12,2024-12-09T22:59:00+00:00,STATE_FAST_R15,0.07577506965257244,-0.2624671916010568,2.981029810298109,3.3977842658630255,0.07574637484142863,-0.26281224062695807,0.07898153738514924,0.0,0.07895036338230185,0.0
2024-11,2,2025-01,2024-12-09T22:59:00+00:00,STATE_FAST_R15,1.0140301735623356,1.3157894736842035,2.8037383177569937,2.9123451533644156,1.0846697563647327,1.044395916108312,0.4305484877058981,0.5,0.5085746429134727,0.49875415110390736
2024-11,3,2025-02,2024-12-09T22:59:00+00:00,STATE_FAST_R15,0.243701407106491,0.1948051948051921,2.729693741677764,2.888408583163137,1.3280746931626122,1.239011611656909,0.30120800953524535,0.5,0.8093299299867327,0.9975083022078147
2024-11,4,2025-03,2024-12-09T22:59:00+00:00,STATE_FAST_R15,-0.01006128432106232,0.0648088139987068,2.659574468085101,2.741250761395561,1.3180129026603864,1.3037994338129761,-0.1372692648162369,0.0,0.6719663646081753,0.9975083022078147
2024-11,5,2025-04,2024-12-09T22:59:00+00:00,STATE_FAST_R15,0.24637034488031767,-0.1295336787564882,1.8494055482166376,2.314094849264915,1.564080253363016,1.1741817876682963,0.2656869013179552,0.2,0.9373009421925045,1.1973085684751203
2024-11,6,2025-05,2024-12-09T22:59:00+00:00,STATE_FAST_R15,0.3315553584509812,0.5188067444876765,2.377807133421391,2.653322713188272,1.8950871789401174,1.6916473666700453,0.1752027443461382,0.2,1.1123503855627366,1.397108834742426
2024-11,7,2025-06,2024-12-09T22:59:00+00:00,STATE_FAST_R15,0.22475671037830952,0.2580645161290418,2.913907284768222,3.1565834555235006,2.1195916892444933,1.9493794681000993,0.27749190077446734,0.3,1.3894579883286375,1.6966597327222739
2024-11,8,2025-07,2024-12-09T22:59:00+00:00,STATE_FAST_R15,0.3925537164744747,0.4504504504504458,2.697368421052633,2.880202612550022,2.5113769240963,2.398818426884026,0.7999934202027742,0.9,2.186268425669499,2.592633869869464
2024-11,9,2025-08,2024-12-09T22:59:00+00:00,STATE_FAST_R15,0.07697679604518404,0.0640614990390808,2.493438320209967,2.6891618598127534,2.588324108201078,2.4628594153039503,0.12108494323408683,0.3,2.3072801202089934,2.892184767849312
2024-11,10,2025-09,2024-12-09T22:59:00+00:00,STATE_FAST_R15,-0.3295864900327502,-0.5761843790012655,2.305665349143618,2.755260525379906,2.258193285535981,1.8850086902095446,-0.5858110899388445,-0.7,1.719746426340279,2.189723274152866
2024-11,11,2025-10,2024-12-09T22:59:00+00:00,STATE_FAST_R15,0.3639402215332359,0.5151320025756467,2.4950755088640726,2.7906556012650343,2.621472847098007,2.3988184268840307,0.4414673910070519,0.4,2.1602422085684716,2.5889254011066116
2024-11,12,2025-11,2024-12-09T22:59:00+00:00,STATE_FAST_R15,0.11229967748622674,-0.3203074951953821,2.099737532808387,2.7714181851970987,2.733709515664547,2.077996849174521,-0.008453932087441976,-0.1,2.15178791911605,2.4888753677482582
2024-12,1,2025-01,2025-01-12T22:59:00+00:00,STATE_FAST_R15,1.0212966392165854,1.3157894736842035,2.8037383177569937,2.779026129217618,1.0161166439809304,1.30720815673527,0.4406159774832179,0.5,0.43964810730411535,0.49875415110390736
2024-12,2,2025-02,2025-01-12T22:59:00+00:00,STATE_FAST_R15,0.24930055540012352,0.1948051948051921,2.729693741677764,2.760859992453087,1.265106961056706,1.501823852283867,0.31088374991473783,0.5,0.7500496129100023,0.9975083022078147
2024-12,3,2025-03,2025-01-12T22:59:00+00:00,STATE_FAST_R15,-0.004778805289181759,0.0648088139987068,2.659574468085101,2.6193057015045915,1.2603280415789866,1.566611674439934,-0.12793752431773914,0.0,0.6220301786718174,0.9975083022078147
2024-12,4,2025-04,2025-01-12T22:59:00+00:00,STATE_FAST_R15,0.25090441386907736,-0.1295336787564882,1.8494055482166376,2.197278884916237,1.5109182158411765,1.4369940282952545,0.2748139619789779,0.2,0.8964672174827157,1.1973085684751203
2024-12,5,2025-05,2025-01-12T22:59:00+00:00,STATE_FAST_R15,0.33672015930629534,0.5188067444876765,2.377807133421391,2.5413977251842255,1.847072742196855,1.954459607297003,0.18412787624336793,0.2,1.0804257861484743,1.397108834742426
2024-12,6,2025-06,2025-01-12T22:59:00+00:00,STATE_FAST_R15,0.22979653314999116,0.2580645161290418,2.913907284768222,3.049291346709392,2.076605646909035,2.2121917087270573,0.2862710345101617,0.3,1.3662878454650673,1.6966597327222739
2024-12,7,2025-07,2025-01-12T22:59:00+00:00,STATE_FAST_R15,0.39748753104576234,0.4504504504504458,2.697368421052633,2.7782487764946078,2.473305283432983,2.661630667510984,0.8086935623992769,0.9,2.1717290043607536,2.592633869869464
2024-12,8,2025-08,2025-01-12T22:59:00+00:00,STATE_FAST_R15,0.08172254165020044,0.0640614990390808,2.493438320209967,2.5922621364571103,2.5549944503959723,2.7256716559309084,0.12962737184039586,0.3,2.301272432458379,2.892184767849312
2024-12,9,2025-09,2025-01-12T22:59:00+00:00,STATE_FAST_R15,-0.32504008429191006,-0.5761843790012655,2.305665349143618,2.662981126195554,2.2294249633299916,2.147820930836503,-0.5774077075685285,-0.7,1.7221912817504403,2.189723274152866
2024-12,10,2025-10,2025-01-12T22:59:00+00:00,STATE_FAST_R15,0.3685760817108538,0.5151320025756467,2.4950755088640726,2.703088102985039,2.5973234678154835,2.6616306675109893,0.4498939708478744,0.4,2.1710762548215246,2.5889254011066116
2024-12,11,2025-11,2025-01-12T22:59:00+00:00,STATE_FAST_R15,0.0809218037404261,-0.3203074951953821,2.099737532808387,2.718752283027072,2.678212547517038,2.3408090898014793,-4.694028134023582e-05,-0.1,2.1710293145291675,2.4888753677482582
2024-12,12,2025-12,2025-01-12T22:59:00+00:00,STATE_FAST_R15,0.030967853656930385,-0.2570694087403624,2.1052631578947296,2.746207432171603,2.7091756071238855,2.083408690284192,0.10024046619927698,0.2,2.2712195735222824,2.688675634015564
2025-01,1,2025-02,2025-02-05T22:59:00+00:00,STATE_FAST_R15,0.2925242696948278,0.1948051948051921,2.729693741677764,2.6353443035312707,0.29209725000782055,0.19461569554859698,0.28603174404271925,0.5,0.2856234516283653,0.49875415110390736
2025-01,2,2025-03,2025-02-05T22:59:00+00:00,STATE_FAST_R15,-0.017402652241217488,0.0648088139987068,2.659574468085101,2.4810236125606937,0.27469308332937387,0.2594035177046641,-0.15170692900662178,0.0,0.13380133114315687,0.49875415110390736
2025-01,3,2025-04,2025-02-05T22:59:00+00:00,STATE_FAST_R15,0.2412411196714469,-0.1295336787564882,1.8494055482166376,2.0497278546810467,0.5156436837525012,0.12978587155998442,0.2517309584003309,0.2,0.38521597789143014,0.698554417371213
2025-01,4,2025-05,2025-02-05T22:59:00+00:00,STATE_FAST_R15,0.3253561957454317,0.5188067444876765,2.377807133421391,2.381752966997603,0.8404717414705231,0.6472514505617332,0.16169099109613372,0.2,0.5467763898420824,0.8983546836385187
2025-01,5,2025-06,2025-02-05T22:59:00+00:00,STATE_FAST_R15,0.22086737083055308,0.2580645161290418,2.913907284768222,2.8796898088880014,1.0610955588776882,0.9049835519917871,0.26431198071104683,0.3,0.8107396807215843,1.1979055816183666
2025-01,6,2025-07,2025-02-05T22:59:00+00:00,STATE_FAST_R15,0.38835725959258505,0.4504504504504458,2.697368421052633,2.5997619308485485,1.448700658414738,1.354422510775714,0.7870227710838062,0.9,1.594681581802591,2.093879718765557
2025-01,7,2025-08,2025-02-05T22:59:00+00:00,STATE_FAST_R15,0.07222567871330048,0.0640614990390808,2.493438320209967,2.404380094486358,1.5209002669368703,1.4184634991956384,0.10842251353745207,0.3,1.7030453605834668,2.393430616745405
2025-01,8,2025-09,2025-02-05T22:59:00+00:00,STATE_FAST_R15,-0.33460240174026296,-0.5761843790012655,2.305665349143618,2.465138636828286,1.1857368194958384,0.8406127741012329,-0.5982086772451843,-0.7,1.1030402473571224,1.690969123048959
2025-01,9,2025-10,2025-02-05T22:59:00+00:00,STATE_FAST_R15,0.3587681572839897,0.5151320025756467,2.4950755088640726,2.495151612960936,1.5438629389862981,1.3544225107757193,0.42908349835623094,0.4,1.5312058073484756,2.0901712500027045
2025-01,10,2025-11,2025-02-05T22:59:00+00:00,STATE_FAST_R15,0.07102489541027465,-0.3203074951953821,2.099737532808387,2.5006468835941162,1.6148626236542951,1.0336009330662095,-0.020600591607811265,-0.1,1.5106030935273274,1.9901212166443512
2025-01,11,2025-12,2025-02-05T22:59:00+00:00,STATE_FAST_R15,-0.029435933146186484,-0.2570694087403624,2.1052631578947296,2.7401340060759627,1.5854223572869375,0.7762005335489218,0.051527480380496024,0.2,1.5621173030602116,2.189921482911657
2025-01,12,2026-01,2025-02-05T22:59:00+00:00,STATE_FAST_R15,1.0067605228066385,0.8376288659793785,1.62337662337662,2.620905987704497,2.5871488055304774,1.6103407566578718,0.42884011857648774,0.4,1.9900405228188665,2.5891236098654025
2025-02,1,2025-03,2025-03-04T22:59:00+00:00,STATE_FAST_R15,0.006370779247178174,0.0648088139987068,2.659574468085101,2.7353320545148017,0.006370576321655671,0.0647878221560671,-0.1211633005847561,0.0,-0.12123676265717549,0.0
2025-02,2,2025-04,2025-03-04T22:59:00+00:00,STATE_FAST_R15,0.2638403584263627,-0.1295336787564882,1.8494055482166376,2.326030080282885,0.2698634870782834,-0.06482982398861258,0.28122791569338623,0.2,0.1595964471755933,0.19980026626730563
2025-02,3,2025-05,2025-03-04T22:59:00+00:00,STATE_FAST_R15,0.3435296399367166,0.5188067444876765,2.377807133421391,2.6775503229792172,0.6128044118362428,0.45263575501313613,0.19022624022850154,0.2,0.34964198641591127,0.39960053253461125
2025-02,4,2025-06,2025-03-04T22:59:00+00:00,STATE_FAST_R15,0.24016216651928637,0.2580645161290418,2.913907284768222,3.1967896886614757,0.8526786499290142,0.7103678564431902,0.2921275328361241,0.3,0.6413436559492149,0.6991514305144592
2025-02,5,2025-07,2025-03-04T22:59:00+00:00,STATE_FAST_R15,0.40494567260054604,0.4504504504504458,2.697368421052633,2.933005092355444,1.2568066242865477,1.159806815227117,0.8143810690069136,0.9,1.4524265367753328,1.5951255676616496
2025-02,6,2025-08,2025-03-04T22:59:00+00:00,STATE_FAST_R15,0.08736445826996651,0.0640614990390808,2.493438320209967,2.7525305584289725,1.3441329420262322,1.2238478036470415,0.13511804168039074,0.3,1.5874533761743665,1.8946764656414974
2025-02,7,2025-09,2025-03-04T22:59:00+00:00,STATE_FAST_R15,-0.32028439875779374,-0.5761843790012655,2.305665349143618,2.828265926344895,1.0233345349689709,0.645997078552636,-0.5720817324829596,-0.7,1.0137289882646177,1.1922149719450514
2025-02,8,2025-10,2025-03-04T22:59:00+00:00,STATE_FAST_R15,0.37330290643526975,0.5151320025756467,2.4950755088640726,2.8732820292171453,1.3959423953189347,1.159806815227122,0.45517319749135143,0.4,1.4678694053313164,1.5914170988987968
2025-02,9,2025-11,2025-03-04T22:59:00+00:00,STATE_FAST_R15,0.08500425737144258,-0.3203074951953821,2.099737532808387,2.893169165372881,1.4809105445323865,0.8389852375176122,0.005127580117093154,-0.1,1.4729968539925138,1.4913670655404434
2025-02,10,2025-12,2025-03-04T22:59:00+00:00,STATE_FAST_R15,-0.015660100150039213,-0.2570694087403624,2.1052631578947296,3.1477850867499213,1.4652492180606331,0.5815848380003246,0.07707830641200357,0.2,1.5500454703333437,1.691167331807749
2025-02,11,2026-01,2025-03-04T22:59:00+00:00,STATE_FAST_R15,1.0204143145922866,0.8376288659793785,1.62337662337662,2.8470689438046874,2.480492453654613,1.4157250611092747,0.4643650073905695,0.4,2.013335629618002,2.0903694587614945
2025-02,12,2026-02,2025-03-04T22:59:00+00:00,STATE_FAST_R15,0.250215134812085,-0.0638977635782689,1.3609850939727857,2.768011940475707,2.7303950715993652,1.3518068742095604,0.3228137962504022,0.5,2.3356295007593237,2.589123609865402
2025-03,1,2025-04,2025-04-03T21:59:00+00:00,STATE_FAST_R15,0.2366449718694663,-0.1295336787564882,1.8494055482166376,2.183154645435351,0.23636540861729682,-0.1296176461446797,0.3470509110302385,0.2,0.34645007908320585,0.19980026626730563
2025-03,2,2025-05,2025-04-03T21:59:00+00:00,STATE_FAST_R15,0.36675542420954965,0.5188067444876765,2.377807133421391,2.5579169077259176,0.6024499250143988,0.38784793285706903,0.25348211792064845,0.2,0.5996114729544035,0.39960053253461125
2025-03,3,2025-06,2025-04-03T21:59:00+00:00,STATE_FAST_R15,0.26619322822625446,0.2580645161290418,2.913907284768222,3.103318923339022,0.868289486552375,0.6455800342871231,0.35343984325252387,0.3,0.9524281854229413,0.6991514305144592
2025-03,4,2025-07,2025-04-03T21:59:00+00:00,STATE_FAST_R15,0.4300607344793744,0.4504504504504458,2.697368421052633,2.8654973546708855,1.2974281026890022,1.0950189930710497,0.8743979941233028,0.9,1.8230254598277762,1.5951255676616496
2025-03,5,2025-08,2025-04-03T21:59:00+00:00,STATE_FAST_R15,0.11445330887414225,0.0640614990390808,2.493438320209967,2.712933127641974,1.411815963696989,1.1590599814909741,0.19344758237142204,0.3,2.0162861733203137,1.8946764656414974
2025-03,6,2025-09,2025-04-03T21:59:00+00:00,STATE_FAST_R15,-0.29338759453653984,-0.5761843790012655,2.305665349143618,2.8163750018207847,1.117997144110239,0.5812092563965686,-0.5151832847439312,-0.7,1.4997712439158981,1.1922149719450514
2025-03,7,2025-10,2025-04-03T21:59:00+00:00,STATE_FAST_R15,0.40154185098289585,0.5151320025756467,2.4950755088640726,2.890324838912021,1.518734967422402,1.095018993071055,0.5118357698453888,0.4,2.010301587017394,1.5914170988987968
2025-03,8,2025-11,2025-04-03T21:59:00+00:00,STATE_FAST_R15,0.11287198620901773,-0.3203074951953821,2.099737532808387,2.9388696520222592,1.631543301097816,0.7741974153615452,0.060880273239776114,-0.1,2.071163335736959,1.4913670655404434
2025-03,9,2025-12,2025-04-03T21:59:00+00:00,STATE_FAST_R15,0.012370153829012041,-0.2570694087403624,2.1052631578947296,3.2225286205179304,1.6439126898863898,0.5167970158442575,0.13234591563168835,0.2,2.203421751355013,1.691167331807749
2025-03,10,2026-01,2025-04-03T21:59:00+00:00,STATE_FAST_R15,1.0489517539524933,0.8376288659793785,1.62337662337662,2.9506690781393523,2.6874011168274348,1.3509372389532075,0.5194247148370491,0.4,2.721502109291981,2.0903694587614945
2025-03,11,2026-02,2025-04-03T21:59:00+00:00,STATE_FAST_R15,0.23901838097112565,-0.0638977635782689,1.3609850939727857,2.9960983505353544,2.9261343032209233,1.2870190520534932,0.3975005357325374,0.5,3.1182146990145125,2.589123609865402
2025-03,12,2026-03,2025-04-03T21:59:00+00:00,STATE_FAST_R15,0.028076326292878144,0.5754475703324768,1.8782383419689104,2.9982762730609718,2.954206688850889,1.8608172473556328,-0.06332947271939078,0.2,3.054865164714171,2.7889238761327078
2025-04,1,2025-05,2025-05-05T21:59:00+00:00,STATE_FAST_R15,0.32621775461269314,0.5188067444876765,2.377807133421391,2.5073294175548955,0.3256868188533619,0.5174655790017487,0.27111067585051773,0.2,0.2707438337402205,0.19980026626730563
2025-04,2,2025-06,2025-05-05T21:59:00+00:00,STATE_FAST_R15,0.2650112173471442,0.2580645161290418,2.913907284768222,3.0512475519332605,0.5903475006430297,0.7751976804318028,0.37040747746436414,0.3,0.6404669920334484,0.49935116424715353
2025-04,3,2025-07,2025-05-05T21:59:00+00:00,STATE_FAST_R15,0.429790399172056,0.4504504504504458,2.697368421052633,2.813269341716531,1.0192169387375616,1.2246366392157295,0.890908096588996,0.9,1.5274299170275079,1.3953253013943439
2025-04,4,2025-08,2025-05-05T21:59:00+00:00,STATE_FAST_R15,0.11558744273293417,0.0640614990390808,2.493438320209967,2.661945555917896,1.1347376306180255,1.288677627635654,0.20941269063115597,0.3,1.7366236449208974,1.6948761993741916
2025-04,5,2025-09,2025-05-05T21:59:00+00:00,STATE_FAST_R15,-0.292922897071876,-0.5761843790012655,2.305665349143618,2.765815033772758,0.8413848747862869,0.7108269025412484,-0.49967547186259714,-0.7,1.2356956209666352,0.9924147056777457
2025-04,6,2025-10,2025-05-05T21:59:00+00:00,STATE_FAST_R15,0.40342175532340957,0.5151320025756467,2.4950755088640726,2.8416540626246807,1.2439950664969266,1.2246366392157346,0.5272253283270084,0.4,1.7615359823577257,1.391616832631491
2025-04,7,2025-11,2025-05-05T21:59:00+00:00,STATE_FAST_R15,0.11588565925838665,-0.3203074951953821,2.099737532808387,2.893273189858199,1.3598136301563197,0.9038150615062249,0.07597910679191543,-0.1,1.837486239638439,1.2915667992731377
2025-04,8,2025-12,2025-05-05T21:59:00+00:00,STATE_FAST_R15,0.016375209143799023,-0.2570694087403624,2.1052631578947296,3.1809382895340987,1.376187498709094,0.6464146619889372,0.1472780641687499,0.2,1.984655956034884,1.4913670655404432
2025-04,9,2026-01,2025-05-05T21:59:00+00:00,STATE_FAST_R15,1.0537228675839467,0.8376288659793785,1.62337662337662,2.9140472308723906,2.4243974006541427,1.4805548850978871,0.53427206241704,0.4,2.5175058485240367,1.8905691924941885
2025-04,10,2026-02,2025-05-05T21:59:00+00:00,STATE_FAST_R15,0.24439578527798733,-0.0638977635782689,1.3609850939727857,2.9649836877096627,2.6684950251289696,1.416636698198173,0.4122159937968916,0.5,2.9288745598177885,2.389323343598096
2025-04,11,2026-03,2025-05-05T21:59:00+00:00,STATE_FAST_R15,0.06425519504145018,0.5754475703324768,1.8782383419689104,2.964414023233423,2.73272958535879,1.9904348935003127,-0.039522910715775246,0.2,2.88934383674114,2.5891236098654016
2025-04,12,2026-04,2025-05-05T21:59:00+00:00,STATE_FAST_R15,0.28829794599817,0.4450095359186168,2.464332036316472,3.066696086159547,3.0206127498417854,2.434457189773769,0.35287931682498513,0.3,3.241601995368537,2.8886745078452494
2025-05,1,2025-06,2025-06-03T21:59:00+00:00,STATE_FAST_R15,0.2253107698943306,0.2580645161290418,2.913907284768222,2.6170371062385085,0.22505732579901455,0.2577321014300541,0.31594206388014534,0.3,0.31544401569491554,0.2995508979798479
2025-05,2,2025-07,2025-06-03T21:59:00+00:00,STATE_FAST_R15,0.39735285934170933,0.4504504504504458,2.697368421052633,2.3469941739482563,0.621622823712836,0.7071710602139809,0.8382690619705152,0.9,1.150219114857689,1.1955250351270383
2025-05,3,2025-08,2025-06-03T21:59:00+00:00,STATE_FAST_R15,0.08713252486684196,0.0640614990390808,2.493438320209967,2.1673103510681977,0.7087174102313907,0.7712120486339054,0.1588049171463558,0.3,1.3088980703334137,1.4950759331068864
2025-05,4,2025-09,2025-06-03T21:59:00+00:00,STATE_FAST_R15,-0.3219517031809333,-0.5761843790012655,2.305665349143618,2.2409042001813875,0.3862463274873866,0.19336132353949975,-0.5485940503254102,-0.7,0.7587937166923836,0.7926144394104404
2025-05,5,2025-10,2025-06-03T21:59:00+00:00,STATE_FAST_R15,0.3769716766627931,0.5151320025756467,2.4950755088640726,2.2894018375493417,0.7625092465769222,0.707171060213986,0.4788777579174285,0.4,1.2365285025814239,1.1918165663641858
2025-05,6,2025-11,2025-06-03T21:59:00+00:00,STATE_FAST_R15,0.0905233349719081,-0.3203074951953821,2.099737532808387,2.3148178269539432,0.852991633887554,0.3863494825044762,0.028705404339356155,-0.1,1.2652297877078609,1.0917665330058324
2025-05,7,2025-12,2025-06-03T21:59:00+00:00,STATE_FAST_R15,-0.00857072492982485,-0.2570694087403624,2.1052631578947296,2.5752751493170125,0.8444205416501125,0.12894908298718846,0.10065665175944105,0.2,1.3658358146282488,1.2915667992731379
2025-05,8,2026-01,2025-06-03T21:59:00+00:00,STATE_FAST_R15,1.0290917988803248,0.8376288659793785,1.62337662337662,2.2850134533814965,1.8682532407476558,0.9630893060961386,0.4880213933645071,0.4,1.8526702437839198,1.6907689262268832
2025-05,9,2026-02,2025-06-03T21:59:00+00:00,STATE_FAST_R15,0.22008516619632637,-0.0638977635782689,1.3609850939727857,2.310820801465221,2.0880965743022646,0.8991711191964245,0.3664616636693127,0.5,2.2184620726582502,2.1895230773307905
2025-05,10,2026-03,2025-06-03T21:59:00+00:00,STATE_FAST_R15,0.04034929951952643,0.5754475703324768,1.8782383419689104,2.2858122791642197,2.128437735680981,1.472969314498564,-0.08472083238493706,0.2,2.1337053318934283,2.3893233435980963
2025-05,11,2026-04,2025-06-03T21:59:00+00:00,STATE_FAST_R15,0.24140919570249683,0.4450095359186168,2.464332036316472,2.6657263280398946,2.369556007501893,1.9169916107720204,0.2761545608723884,0.3,2.4094792866048627,2.688874241577944
2025-05,12,2026-05,2025-06-03T21:59:00+00:00,STATE_FAST_R15,0.3502906081578762,0.18987341772152,2.129032258064519,2.756543110760393,2.719234527085004,2.1066849967719876,0.21616087044095625,0.2,2.6254068655657097,2.88867450784525
2025-06,1,2025-07,2025-07-03T21:59:00+00:00,STATE_FAST_R15,0.4690514839174224,0.4504504504504458,2.697368421052633,2.671280480124288,0.46795486524500857,0.44943895878392676,0.8328131803305746,0.9,0.829364425921365,0.8959741371471904
2025-06,2,2025-08,2025-07-03T21:59:00+00:00,STATE_FAST_R15,0.09504753872592753,0.0640614990390808,2.493438320209967,2.4991324461302638,0.5629572623995507,0.5134799472038513,0.15359104734669066,0.3,0.982837642854811,1.1955250351270383
2025-06,3,2025-09,2025-07-03T21:59:00+00:00,STATE_FAST_R15,-0.3180473709664406,-0.5761843790012655,2.305665349143618,2.5769830400433666,0.24440304582414585,-0.06437077789055437,-0.5536080557452258,-0.7,0.42769149843080656,0.4930635414305924
2025-06,4,2025-10,2025-07-03T21:59:00+00:00,STATE_FAST_R15,0.38120762823812093,0.5151320025756467,2.4950755088640726,2.629970941660242,0.6248859190800551,0.44943895878393186,0.47394373056168887,0.4,0.9005156517443156,0.8922656683843377
2025-06,5,2025-11,2025-07-03T21:59:00+00:00,STATE_FAST_R15,0.09286363982124292,-0.3203074951953821,2.099737532808387,2.6578718309090377,0.7177064672988507,0.12861738107442208,0.02389843433778639,-0.1,0.9244112308611759,0.7922156350259844
2025-06,6,2025-12,2025-07-03T21:59:00+00:00,STATE_FAST_R15,-0.007656854538807913,-0.2570694087403624,2.1052631578947296,2.920143076113975,0.7100493196079715,-0.12878301844286566,0.09593024581808306,0.2,1.0202954930247508,0.99201590129329
2025-06,7,2026-01,2025-07-03T21:59:00+00:00,STATE_FAST_R15,1.029251043211534,0.8376288659793785,1.62337662337662,2.6290672584724195,1.7340396408348162,0.7053572046660844,0.483344174962788,0.4,1.5024753104258197,1.3912180282470352
2025-06,8,2026-02,2025-07-03T21:59:00+00:00,STATE_FAST_R15,0.21962277637501468,-0.0638977635782689,1.3609850939727857,2.6544877904368254,1.9534215989204036,0.6414390177663701,0.3618440200479649,0.5,1.8636662499473169,1.8899721793509425
2025-06,9,2026-03,2025-07-03T21:59:00+00:00,STATE_FAST_R15,0.03961317758067834,0.5754475703324768,1.8782383419689104,2.628640090514124,1.9930269325533145,1.2152372130685096,-0.08927477853264683,0.2,1.7743515977510769,2.089772445618248
2025-06,10,2026-04,2025-07-03T21:59:00+00:00,STATE_FAST_R15,0.2401874961388108,0.4450095359186168,2.464332036316472,3.008572044272315,2.2329264395760005,1.659259509341966,0.27161864243876443,0.3,2.045602023368225,2.389323343598096
2025-06,11,2026-05,2025-07-03T21:59:00+00:00,STATE_FAST_R15,0.38787157923384497,0.18987341772152,2.129032258064519,2.874393726403279,2.620047736462159,1.8489528953419332,0.21087449722438512,0.2,2.256254492403807,2.5891236098654016
2025-06,12,2026-06,2025-07-03T21:59:00+00:00,STATE_FAST_R15,0.2424174424917309,-0.3158559696778251,1.544401544401539,2.903525555042672,2.862171821875269,1.5325970478226754,0.31312082651804235,0.3,2.568886116592084,2.8886745078452494
2025-07,1,2025-08,2025-08-04T21:59:00+00:00,STATE_FAST_R15,0.10471267786366258,0.0640614990390808,2.493438320209967,2.5679949257156975,0.10465789238069778,0.06404098841992446,0.15077622114295636,0.3,0.15066266792514954,0.2995508979798479
2025-07,2,2025-09,2025-08-04T21:59:00+00:00,STATE_FAST_R15,-0.3096706246079309,-0.5761843790012655,2.305665349143618,2.654523643067494,-0.20549320388207207,-0.5138097366744812,-0.5562928690470149,-0.7,-0.40718327233025725,-0.40291059571659804
2025-07,3,2025-10,2025-08-04T21:59:00+00:00,STATE_FAST_R15,0.38589383620673434,0.5151320025756467,2.4950755088640726,2.7123464108951336,0.17965797203426523,5.117434254131581e-15,0.4713201959378405,0.4,0.06302968769336459,-0.0037084687628526902
2025-07,4,2025-11,2025-08-04T21:59:00+00:00,STATE_FAST_R15,0.09778627370496094,-0.3203074951953821,2.099737532808387,2.7453225297446657,0.2773964661080111,-0.32082157770950465,0.02135754825983793,-0.1,0.08438495555355002,-0.10375850212120603
2025-07,5,2025-12,2025-08-04T21:59:00+00:00,STATE_FAST_R15,-0.0037232221078148248,-0.2570694087403624,2.1052631578947296,3.01186945395303,0.2736731746865615,-0.5782219772267924,0.09344428852980713,0.2,0.17778561208701976,0.09604176414609959
2025-07,6,2026-01,2025-08-04T21:59:00+00:00,STATE_FAST_R15,1.0320952401425716,0.8376288659793785,1.62337662337662,2.7234260286760597,1.3004786775238826,0.2559182458821577,0.4808941786060015,0.4,0.6575271883592394,0.49524389109984496
2025-07,7,2026-02,2025-08-04T21:59:00+00:00,STATE_FAST_R15,0.2214920352247496,-0.0638977635782689,1.3609850939727857,2.7507863660952268,1.521725780743537,0.1920000589824434,0.35943340816034536,0.5,1.0163161783528918,0.9939980422037523
2025-07,8,2026-03,2025-08-04T21:59:00+00:00,STATE_FAST_R15,0.040643678173790186,0.5754475703324768,1.8782383419689104,2.7259725805288233,1.5623612016117556,0.7657982542845829,-0.09164554823566257,0.2,0.9246286099096107,1.193798308471058
2025-07,9,2026-04,2025-08-04T21:59:00+00:00,STATE_FAST_R15,0.24088759762776113,0.4450095359186168,2.464332036316472,3.1069849787156416,1.8029591301573964,1.2098205505580395,0.2692625983012832,0.3,1.1935293459043608,1.493349206450906
2025-07,10,2026-05,2025-08-04T21:59:00+00:00,STATE_FAST_R15,0.3881070599538728,0.18987341772152,2.129032258064519,2.972920012701819,2.190314997654665,1.3995139365580065,0.20853850041616,0.2,1.4018507066172594,1.6931494727182117
2025-07,11,2026-06,2025-08-04T21:59:00+00:00,STATE_FAST_R15,0.24168875004334298,-0.3158559696778251,1.544401544401539,2.9561008125763455,2.4317121501829395,1.0831580890387487,0.30750356347918334,0.3,1.708882444894099,1.9927003706980595
2025-07,12,2026-07,2025-08-04T21:59:00+00:00,STATE_FAST_R15,0.410837144460776,0.6337135614702172,1.7296604740550945,2.882469368866513,2.841707663216243,1.714872129164898,0.8327922160170498,1.0,2.538226079651315,2.987733456014868
2025-08,1,2025-09,2025-09-03T21:59:00+00:00,STATE_FAST_R15,-0.3453880977089145,-0.5761843790012655,2.305665349143618,2.602998009503435,-0.3459859393787006,-0.5778507250944056,-0.5482316245170819,-0.7,-0.5497399292827377,-0.702461493696446
2025-08,2,2025-10,2025-09-03T21:59:00+00:00,STATE_FAST_R15,0.3861587951704258,0.5151320025756467,2.4950755088640726,2.661062717548364,0.03942917662314062,-0.06404098841991937,0.47908465113999205,0.4,-0.07179923642680414,-0.3032593667427006
2025-08,3,2025-11,2025-09-03T21:59:00+00:00,STATE_FAST_R15,0.09874982219184258,-0.3203074951953821,2.099737532808387,2.695010911650563,0.13813027325303412,-0.38486256612942915,0.028784520128398855,-0.1,-0.04301885824659285,-0.4033094001010539
2025-08,4,2025-12,2025-09-03T21:59:00+00:00,STATE_FAST_R15,-0.0027991942827906152,-0.2570694087403624,2.1052631578947296,2.9623787426679375,0.13533103979206923,-0.6422629656467169,0.1006342711803305,0.2,0.05756481059707398,-0.2035091338337483
2025-08,5,2026-01,2025-09-03T21:59:00+00:00,STATE_FAST_R15,1.0344098616578314,0.8376288659793785,1.62337662337662,2.676426135138295,1.1644274928432272,0.19187725746223325,0.4879173692424583,0.4,0.5442957207716278,0.19569299311999705
2025-08,6,2026-02,2025-09-03T21:59:00+00:00,STATE_FAST_R15,0.22417847289260104,-0.0638977635782689,1.3609850939727857,2.706526929406271,1.388355060710686,0.12795907056251893,0.36629259881081055,0.5,0.9099191019413237,0.6944471442239044
2025-08,7,2026-03,2025-09-03T21:59:00+00:00,STATE_FAST_R15,0.043197269845747836,0.5754475703324768,1.8782383419689104,2.684344838940702,1.4315430032218293,0.7017572658646584,-0.08494103610890907,0.2,0.8249419704930541,0.89424741049121
2025-08,8,2026-04,2025-09-03T21:59:00+00:00,STATE_FAST_R15,0.24384722837039682,0.4450095359186168,2.464332036316472,3.0682458582907857,1.6750934066732721,1.1457795621381148,0.2758918927766647,0.3,1.1004539801379896,1.193798308471058
2025-08,9,2026-05,2025-09-03T21:59:00+00:00,STATE_FAST_R15,0.39107778467498405,0.18987341772152,2.129032258064519,2.9372773334985802,2.06540847008881,1.3354729481380818,0.21508427878733946,0.2,1.315307283825213,1.3935985747383635
2025-08,10,2026-06,2025-09-03T21:59:00+00:00,STATE_FAST_R15,0.24486986617165785,-0.3158559696778251,1.544401544401539,2.9237300807310667,2.3099790185300453,1.019117100618824,0.313992142568413,0.3,1.6288075005356886,1.6931494727182113
2025-08,11,2026-07,2025-09-03T21:59:00+00:00,STATE_FAST_R15,0.4104419477157818,0.6337135614702172,1.7296604740550945,2.8827364931669384,2.719580951015728,1.6508311407449738,0.8885507631662413,1.0,2.5134338810309345,2.6881825580350194
2025-09,1,2025-10,2025-10-05T21:59:00+00:00,STATE_FAST_R15,0.4107760764640962,0.5151320025756467,2.4950755088640726,2.488033395215053,0.4099346948816108,0.5138097366744863,0.5331520034348818,0.4,0.5317357796612061,0.39920212695374535
2025-09,2,2025-11,2025-10-05T21:59:00+00:00,STATE_FAST_R15,0.11757318507292708,-0.3203074951953821,2.099737532808387,2.5412034074302663,0.5274388168131531,0.19298815896497645,0.08056945702608699,-0.1,0.6122727969234574,0.299152093595392
2025-09,3,2025-12,2025-10-05T21:59:00+00:00,STATE_FAST_R15,0.016710509434835416,-0.2570694087403624,2.1052631578947296,2.828228929544741,0.5441479301978832,-0.06441224055231129,0.15082317366257336,0.2,0.7629823466705783,0.49895235986269765
2025-09,4,2026-01,2025-10-05T21:59:00+00:00,STATE_FAST_R15,1.054031228186489,0.8376288659793785,1.62337662337662,2.562563163803201,1.59266297689497,0.7697279825566389,0.5369888287617879,0.4,1.2985345312057173,0.898154486816443
2025-09,5,2026-02,2025-10-05T21:59:00+00:00,STATE_FAST_R15,0.2442395649332189,-0.0638977635782689,1.3609850939727857,2.6131657444346112,1.8366047617687187,0.7058097956569245,0.4142566508314166,0.5,1.7119355015017037,1.3969086379203504
2025-09,6,2026-03,2025-10-05T21:59:00+00:00,STATE_FAST_R15,0.06384574712134314,0.5754475703324768,1.8782383419689104,2.612178151071058,1.900430136163886,1.279607990959064,-0.03802725831401244,0.2,1.6739010109922883,1.5967089041876559
2025-09,7,2026-04,2025-10-05T21:59:00+00:00,STATE_FAST_R15,0.2650710877812457,0.4450095359186168,2.464332036316472,3.0176158755028992,2.1651505301258256,1.7236302872325204,0.3223049811890934,0.3,1.9956877030261293,1.8962598021675037
2025-09,8,2026-05,2025-10-05T21:59:00+00:00,STATE_FAST_R15,0.41270788798685715,0.18987341772152,2.129032258064519,2.908879494741685,2.577009115067189,1.9133236732324876,0.2609334595447055,0.2,2.256281322262299,2.0960600684348094
2025-09,9,2026-06,2025-10-05T21:59:00+00:00,STATE_FAST_R15,0.2668455560141246,-0.3158559696778251,1.544401544401539,2.9178927045990046,2.843499270434319,1.5969678257132296,0.35945754339644914,0.3,2.6150943610497537,2.395610966414657
2025-09,10,2026-07,2025-10-05T21:59:00+00:00,STATE_FAST_R15,0.43277992581435537,0.6337135614702172,1.7296604740550945,2.899788125173268,3.2753453971549926,2.228681865839379,0.9339313823499528,1.0,3.544691568844405,3.3906440517314653
2025-10,1,2025-11,2025-11-04T22:59:00+00:00,STATE_FAST_R15,0.045254860860739314,-0.3203074951953821,2.099737532808387,2.193866828742375,0.04524462393693566,-0.3208215777095098,0.012207827484671986,-0.1,0.012207082390051801,-0.10005003335835334
2025-10,2,2025-12,2025-11-04T22:59:00+00:00,STATE_FAST_R15,-0.04439096878924481,-0.2570694087403624,2.1052631578947296,2.4173138285328974,0.0008437994403367077,-0.5782219772267975,0.08505028463847136,0.2,0.09722121976805105,0.09975023290895228
2025-10,3,2026-01,2025-11-04T22:59:00+00:00,STATE_FAST_R15,1.0027483867201574,0.8376288659793785,1.62337662337662,2.1008692998827083,0.9985980227043034,0.2559182458821526,0.4730798963366054,0.4,0.5691856099365308,0.49895235986269765
2025-10,4,2026-02,2025-11-04T22:59:00+00:00,STATE_FAST_R15,0.1941041288215307,-0.0638977635782689,1.3609850939727857,2.100154897112732,1.1925140128789546,0.1920000589824383,0.35211775345876134,0.5,0.9206848802678276,0.997706510966605
2025-10,5,2026-03,2025-11-04T22:59:00+00:00,STATE_FAST_R15,0.018727783160580373,0.5754475703324768,1.8782383419689104,2.0531365652720464,1.2112400426091403,0.7657982542845778,-0.09853873362550146,0.2,0.8220975653152985,1.1975067772339107
2025-10,6,2026-04,2025-11-04T22:59:00+00:00,STATE_FAST_R15,0.22405199951994675,0.4450095359186168,2.464332036316472,2.4144498628048705,1.4350414199162171,1.2098205505580342,0.2626573094922096,0.3,1.0844105333232867,1.4970576752137585
2025-10,7,2026-05,2025-11-04T22:59:00+00:00,STATE_FAST_R15,0.3741040817782879,0.18987341772152,2.129032258064519,2.267018311684933,1.808447472736054,1.3995139365580012,0.2021872989686626,0.2,1.2863937088674122,1.6968579414810643
2025-10,8,2026-06,2025-11-04T22:59:00+00:00,STATE_FAST_R15,0.2304257844163124,-0.3158559696778251,1.544401544401539,2.2388257598356733,2.0386081840614847,1.0831580890387433,0.30134635738295856,0.3,1.5872869282298696,1.996408839460912
2025-10,9,2026-07,2025-11-04T22:59:00+00:00,STATE_FAST_R15,0.39782668796027787,0.6337135614702172,1.7296604740550945,2.1852651071961593,2.435645634160252,1.7148721291648932,0.8760448964841298,1.0,2.459516816013161,2.99144192477772
2025-11,1,2025-12,2025-12-03T22:59:00+00:00,STATE_FAST_R15,-0.02602098014379564,-0.2570694087403624,2.1052631578947296,2.684929634230925,-0.026024366188234567,-0.2574003995172877,0.06016377867051559,0.2,0.060145687525043484,0.19980026626730563
2025-11,2,2026-01,2025-12-03T22:59:00+00:00,STATE_FAST_R15,0.9716347692972732,0.8376288659793785,1.62337662337662,2.3361241638610712,0.9409203878917466,0.5767398235916624,0.449037637401478,0.4,0.5081781588535385,0.599002393221051
2025-11,3,2026-02,2025-12-03T22:59:00+00:00,STATE_FAST_R15,0.16943721101815068,-0.0638977635782689,1.3609850939727857,2.310214026767935,1.1102142160073218,0.512821636691948,0.3288561254879453,0.5,0.8364947351552275,1.0977565443249584
2025-11,4,2026-03,2025-12-03T22:59:00+00:00,STATE_FAST_R15,-0.004553581539554985,0.5754475703324768,1.8782383419689104,2.2392951731066058,1.1056605307890952,1.0866198319940876,-0.1210972471691338,0.2,0.7153241060213923,1.2975568105922641
2025-11,5,2026-04,2025-12-03T22:59:00+00:00,STATE_FAST_R15,0.20148214690620658,0.4450095359186168,2.464332036316472,2.578162367318345,1.3069399746456636,1.530642128267544,0.24049789104423916,0.3,0.9555332637267154,1.597107708572112
2025-11,6,2026-05,2025-12-03T22:59:00+00:00,STATE_FAST_R15,0.3539829891296523,0.18987341772152,2.129032258064519,2.409961823691879,1.6602979185937994,1.7203355142675112,0.1804255397037985,0.2,1.1357962320710888,1.7969079748394177
2025-11,7,2026-06,2025-12-03T22:59:00+00:00,STATE_FAST_R15,0.21237025569207485,-0.3158559696778251,1.544401544401539,2.3632868006950125,1.8724429874219473,1.4039796667482534,0.27987080378857937,0.3,1.4152761267161245,2.0964588728192655
2025-11,8,2026-07,2025-12-03T22:59:00+00:00,STATE_FAST_R15,0.38156774105259855,0.6337135614702172,1.7296604740550945,2.293092386373507,2.253284605284585,2.0356937068744028,0.8546938980069294,1.0,2.266338195767859,3.091491958136074
2025-12,1,2026-01,2026-01-06T22:59:00+00:00,STATE_FAST_R15,0.8525384468998551,0.8376288659793785,1.62337662337662,1.576684825985745,0.8489248614939302,0.8341402231089501,0.4174949230686498,0.4,0.4166258311181778,0.39920212695374535
2025-12,2,2026-02,2026-01-06T22:59:00+00:00,STATE_FAST_R15,0.13117630376170564,-0.0638977635782689,1.3609850939727857,1.5121783697998679,0.9800152043076774,0.7702220362092358,0.29855112123788735,0.5,0.7147321735376396,0.8979562780576527
2025-12,3,2026-03,2026-01-06T22:59:00+00:00,STATE_FAST_R15,-0.037107400110947375,0.5754475703324768,1.8782383419689104,1.408788006813169,0.9429009176973618,1.3440202315113754,-0.15031065815561725,0.2,0.5643084355840491,1.0977565443249584
2025-12,4,2026-04,2026-01-06T22:59:00+00:00,STATE_FAST_R15,0.17015096694321175,0.4450095359186168,2.464332036316472,1.7130887458014414,1.1129072918769034,1.7880425277848315,0.2119460376918346,0.3,0.7760301845195946,1.3973074423048062
2025-12,5,2026-05,2026-01-06T22:59:00+00:00,STATE_FAST_R15,0.32713599543814914,0.18987341772152,2.129032258064519,1.5191407221484654,1.4395093616426484,1.9777359137847987,0.1525042893116875,0.2,0.9284183041341725,1.597107708572112
2025-12,6,2026-06,2026-01-06T22:59:00+00:00,STATE_FAST_R15,0.18886159684052437,-0.3158559696778251,1.544401544401539,1.4490673476469638,1.6281928392000549,1.6613800662655407,0.25241312081641365,0.3,1.1805133980813984,1.8966586065519597
2025-12,7,2026-07,2026-01-06T22:59:00+00:00,STATE_FAST_R15,0.35994304272706934,0.6337135614702172,1.7296604740550945,1.3576601706714961,1.9874896372347006,2.29309410639169,0.8274741040950662,1.0,2.004582704860911,2.8916916918687683
2026-01,1,2026-02,2026-02-04T22:59:00+00:00,STATE_FAST_R15,0.16335787854962575,-0.0638977635782689,1.3609850939727857,1.6054078698728393,0.16322459470057404,-0.0639181868997143,0.37750474784282584,0.5,0.37679398687893506,0.49875415110390736
2026-01,2,2026-03,2026-02-04T22:59:00+00:00,STATE_FAST_R15,-0.01707617268247447,0.5754475703324768,1.8782383419689104,1.5222621809061445,0.14614696387373297,0.5098800084024252,-0.0746419192940456,0.2,0.3021241966345054,0.698554417371213
2026-01,3,2026-04,2026-02-04T22:59:00+00:00,STATE_FAST_R15,0.19825141646874478,0.4450095359186168,2.464332036316472,1.85546863925399,0.3442021215695414,0.9539023046758817,0.28553561785155046,0.3,0.5872529358789618,0.998105315351061
2026-01,4,2026-05,2026-02-04T22:59:00+00:00,STATE_FAST_R15,0.3530208159572427,0.18987341772152,2.129032258064519,1.6874781507955985,0.696601281664423,1.1435956906758487,0.22416842655758876,0.2,0.8111704798822506,1.1979055816183666
2026-01,5,2026-06,2026-02-04T22:59:00+00:00,STATE_FAST_R15,0.21734634199364516,-0.3158559696778251,1.544401544401539,1.6461794436769575,0.9137117681831829,0.8272398431565908,0.3226418375354945,0.3,1.133292945482027,1.4974564795982146
2026-01,6,2026-07,2026-02-04T22:59:00+00:00,STATE_FAST_R15,0.39089237099666063,0.6337135614702172,1.7296604740550945,1.585912404511549,1.3038421400368438,1.4589538832827404,0.8968932350182683,1.0,2.0261879817251627,2.492489564915023
2026-02,1,2026-03,2026-03-03T22:59:00+00:00,STATE_FAST_R15,-0.0820793993010883,0.5754475703324768,1.8782383419689104,1.3537278554678405,-0.08211310288376392,0.5737981953021395,-0.12326292123863015,0.2,-0.12333895246268545,0.19980026626730563
2026-02,2,2026-04,2026-03-03T22:59:00+00:00,STATE_FAST_R15,0.13734407305544044,0.4450095359186168,2.464332036316472,1.6245692365506053,0.05513673946998059,1.017820491575596,0.23854796588083893,0.3,0.11492493943680052,0.49935116424715353
2026-02,3,2026-05,2026-03-03T22:59:00+00:00,STATE_FAST_R15,0.2903475891388688,0.18987341772152,2.129032258064519,1.3935969040846512,0.3450636341170739,1.207513877575563,0.17865554775856463,0.2,0.2934210879937471,0.6991514305144592
2026-02,4,2026-06,2026-03-03T22:59:00+00:00,STATE_FAST_R15,0.16884271757728259,-0.3158559696778251,1.544401544401539,1.3033645709444164,0.5137639726198985,0.8911580300563051,0.27824220876252537,0.3,0.5712769196660843,0.9987023284943071
2026-02,5,2026-07,2026-03-03T22:59:00+00:00,STATE_FAST_R15,0.35935923588605945,0.6337135614702172,1.7296604740550945,1.2114999105387567,0.87247905595707,1.5228720701824547,0.8531711473216251,1.0,1.4208291311969026,1.9937354138111154
2026-03,1,2026-04,2026-04-06T21:59:00+00:00,STATE_FAST_R15,0.513871008357528,0.4450095359186168,2.464332036316472,2.542428048852752,0.5125551970814437,0.44402229627345635,0.30133629046555144,0.3,0.30088318268969283,0.2995508979798479
2026-03,2,2026-05,2026-04-06T21:59:00+00:00,STATE_FAST_R15,0.3205831500142263,0.18987341772152,2.129032258064519,2.3402138629487457,0.8326255749304696,0.6337156822734235,0.23901375873603992,0.2,0.5396117578696366,0.49935116424715353
2026-03,3,2026-06,2026-04-06T21:59:00+00:00,STATE_FAST_R15,0.19980571738727834,-0.3158559696778251,1.544401544401539,2.280745151365236,1.0322319461867235,0.3173598347541656,0.33674448153813813,0.3,0.875790524831203,0.7989020622270014
2026-03,4,2026-07,2026-04-06T21:59:00+00:00,STATE_FAST_R15,0.38906703983086055,0.6337135614702172,1.7296604740550945,2.218243281538377,1.420544077643079,0.9490738748803154,0.9104673202552779,1.0,1.7821380785842362,1.79393514754381
2026-04,1,2026-05,2026-05-05T21:59:00+00:00,STATE_FAST_R15,0.2839398926294935,0.18987341772152,2.129032258064519,2.278881322190788,0.28353754475383974,0.18969338599996707,0.33676814027079605,0.2,0.33620234628935003,0.19980026626730563
2026-04,2,2026-06,2026-05-05T21:59:00+00:00,STATE_FAST_R15,0.24688764395722718,-0.3158559696778251,1.544401544401539,2.267479167282537,0.5301209218626435,-0.12666246151929078,0.4308797582285649,0.3,0.7661564756334591,0.49935116424715353
2026-04,3,2026-07,2026-05-05T21:59:00+00:00,STATE_FAST_R15,0.4388629885741534,0.6337135614702172,1.7296604740550945,2.255682102055637,0.9680237150927362,0.5050515786068589,1.0021524378109101,1.0,1.763320664787544,1.4943842495639619
2026-05,1,2026-06,2026-06-03T21:59:00+00:00,STATE_FAST_R15,0.21495889538644977,-0.3158559696778251,1.544401544401539,2.2662610699832704,0.2147281893092549,-0.3163558475192579,0.3902141696206325,0.3,0.38945480891079653,0.2995508979798479
2026-05,2,2026-07,2026-06-03T21:59:00+00:00,STATE_FAST_R15,0.4171827675265264,0.6337135614702172,1.7296604740550945,2.232392017810437,0.6310431622173734,0.3153581926068918,0.962801666039338,1.0,1.3476510766805716,1.2945839832966564
2026-06,1,2026-07,2026-07-06T21:59:00+00:00,STATE_FAST_R15,0.2648036986192585,0.6337135614702172,1.7296604740550945,1.6185135906216876,0.2644537113419338,0.6317140401261497,0.9258048864624644,1.0,0.9215455814108175,0.9950330853168083
2019-03,1,2019-04,2019-04-09T21:59:00+00:00,FOOD_ECM_R27,0.3814841373413623,0.0930232558139509,2.769818529130847,2.9765620243170847,0.3807583319089187,0.09298001599665273,0.4889012938078136,0.4,0.48771005251734584,0.39920212695374535
2019-04,1,2019-05,2019-05-12T21:59:00+00:00,FOOD_ECM_R27,0.2637808274406879,0.6505576208178487,2.9467680608364977,2.8524740527383186,0.2634335364067773,0.6484506279260935,0.12522092769810247,0.1,0.12514259168300496,0.09995003330835331
2019-04,2,2019-06,2019-05-12T21:59:00+00:00,FOOD_ECM_R27,0.13928475355375386,0.1846722068328699,2.7462121212121224,2.605596519762734,0.4026213787256144,0.8329525252830231,0.19683282964627133,0.3,0.3217819593380209,0.3995009312882012
2019-05,1,2019-06,2019-06-10T21:59:00+00:00,FOOD_ECM_R27,0.2147539212889333,0.1846722068328699,2.7462121212121224,2.343001077376729,0.2145236546675234,0.18450189735692968,0.19229932326494112,0.3,0.19211466480970965,0.2995508979798479
2019-05,2,2019-07,2019-06-10T21:59:00+00:00,FOOD_ECM_R27,0.3301055679777197,0.3686635944700533,2.9300567107750517,2.4867373531392114,0.5440855703044167,0.5524875931969915,0.46028027755987794,1.0,0.6513388919878698,1.2945839832966564
2019-05,3,2019-08,2019-06-10T21:59:00+00:00,FOOD_ECM_R27,0.030839173759758136,0.0918273645546419,2.9272898961284195,2.4215366707167805,0.5749199897684159,0.6442728222198875,0.15179102743209702,0.2,0.8030148332854868,1.494384249563962
2019-05,4,2019-09,2019-06-10T21:59:00+00:00,FOOD_ECM_R27,-0.11192805047746927,-0.5504587155963248,2.6515151515151705,2.5975428387290505,0.4629292530685182,0.09229349986010649,-0.3867638018942264,-0.9,0.41550116610286375,0.5903097843490557
2019-05,5,2019-10,2019-06-10T21:59:00+00:00,FOOD_ECM_R27,0.2953619621112695,0.4612546125461358,2.735849056603792,2.512272890356835,0.7578558787379893,0.552487593197012,0.35840578384119964,0.6,0.7732662069315674,1.188516952103802
2019-05,6,2019-11,2019-06-10T21:59:00+00:00,FOOD_ECM_R27,0.04893150334657842,0.2754820936639035,3.116147308781873,2.6592820659042853,0.8067754145282466,0.8275909303859917,0.00644746933141567,0.0,0.7797134684226128,1.188516952103802
2019-05,7,2019-12,2019-06-10T21:59:00+00:00,FOOD_ECM_R27,0.11283693096867944,0.1831501831501825,3.207547169811327,2.678161989095573,0.9195487324801275,1.0105735980936075,0.17548396731658153,0.1,0.9550436425206096,1.2884669854121553
2019-05,8,2020-01,2019-06-10T21:59:00+00:00,FOOD_ECM_R27,0.8141152307600035,1.4625228519195457,3.6414565826330487,2.450910716324957,1.7303679221596178,2.4625047305389227,0.28262528252828806,0.8,1.2372702907149193,2.085283950329843
2019-05,9,2020-02,2019-06-10T21:59:00+00:00,FOOD_ECM_R27,0.2723977395633079,0.2702702702702675,3.7278657968313063,2.538502883177078,2.002395331442101,2.7324104274554206,0.29165744297544427,0.7,1.5285032385509658,2.782845323972367
2019-05,10,2020-03,2019-06-10T21:59:00+00:00,FOOD_ECM_R27,0.021923858147984622,-0.0898472596585708,3.4418604651162905,2.3701721474142214,2.024316786663508,2.642522780953716,0.02262347780223725,-0.3,1.5511241576303711,2.482394421942495
2019-05,11,2020-04,2019-06-10T21:59:00+00:00,FOOD_ECM_R27,0.1984888319833919,-0.1798561151079125,3.159851301115256,2.4780370998045447,2.2226088898449095,2.4625047305389303,0.42081356835907585,0.2,1.9710547818586441,2.6821946882098007
2019-05,12,2020-05,2019-06-10T21:59:00+00:00,FOOD_ECM_R27,0.1888639381897695,0.3603603603603567,2.862419205909517,2.440601498728913,2.4112947043379593,2.822217348623878,0.13229945314171543,0.7,2.103266796385894,3.3797560618523246
2019-06,1,2019-07,2019-07-10T21:59:00+00:00,FOOD_ECM_R27,0.2647792687014753,0.3686635944700533,2.9300567107750517,2.7613569884961895,0.26442934594165546,0.3679856958400618,0.4570746419625334,1.0,0.45603322797463125,0.9950330853168083
2019-06,2,2019-08,2019-07-10T21:59:00+00:00,FOOD_ECM_R27,0.018093801723267793,0.0918273645546419,2.9272898961284195,2.682896647128545,0.2825215109340475,0.4597709248629578,0.14873419899697324,0.2,0.6046569272155633,1.1948333515841139
2019-06,3,2019-09,2019-07-10T21:59:00+00:00,FOOD_ECM_R27,-0.12463091159674193,-0.5504587155963248,2.6515151515151705,2.8462712272588253,0.15781287042713352,-0.09220839749682318,-0.389693619509307,-0.9,0.21420202369372998,0.29075888636920744
2019-06,4,2019-10,2019-07-10T21:59:00+00:00,FOOD_ECM_R27,0.2847064841732454,0.4612546125461358,2.735849056603792,2.7498771500593624,0.442114833306741,0.36798569584008234,0.3555431696227956,0.6,0.5691146327572036,0.8889660541239538
2019-06,5,2019-11,2019-07-10T21:59:00+00:00,FOOD_ECM_R27,0.03575059662896701,0.2754820936639035,3.116147308781873,2.8836709110732714,0.47785904093260384,0.6430890330290621,0.0036659405789585837,0.0,0.5727805061422028,0.8889660541239538
2019-06,6,2019-12,2019-07-10T21:59:00+00:00,FOOD_ECM_R27,0.11030896559116603,0.1831501831501825,3.207547169811327,2.8999936913644633,0.5881072108889042,0.8260717007366778,0.17275467016461782,0.1,0.7453861270615005,0.9889160874323071
2019-06,7,2020-01,2019-07-10T21:59:00+00:00,FOOD_ECM_R27,0.8074941578129691,1.4625228519195457,3.6414565826330487,2.6655083441091314,1.392358579817937,2.2780028331819926,0.27993866150784125,0.8,1.024933690018989,1.7857330523499946
2019-06,8,2020-02,2019-07-10T21:59:00+00:00,FOOD_ECM_R27,0.26562238932655724,0.2702702702702675,3.7278657968313063,2.7463410025484523,1.6576288163359,2.547908530098491,0.28900705945027877,0.7,1.3135239269717163,2.4832944259925185
2019-06,9,2020-03,2019-07-10T21:59:00+00:00,FOOD_ECM_R27,0.014906849498743317,-0.0898472596585708,3.4418604651162905,2.5704727663718874,1.6725345548742383,2.458020883596786,0.020009309274177007,-0.3,1.3335312346506043,2.1828435239626462
2019-06,10,2020-04,2019-07-10T21:59:00+00:00,FOOD_ECM_R27,0.19137484388442277,-0.1798561151079125,3.159851301115256,2.6712587008713307,1.8637265104019993,2.2780028331820006,0.4182123697670426,0.2,1.7508715270646011,2.382643790229952
2019-06,11,2020-05,2019-07-10T21:59:00+00:00,FOOD_ECM_R27,0.2661032044493812,0.3603603603603567,2.862419205909517,2.2790858229985194,2.129476287123789,2.637715451266948,0.11727076661525758,0.7,1.8680735852277188,3.080205163872476
2019-06,12,2020-06,2019-07-10T21:59:00+00:00,FOOD_ECM_R27,0.11612346244335686,0.6283662477558183,3.317972350230406,2.270934236055884,2.2455323784252545,3.2641157097599898,0.19919048842888246,0.5,2.0670659524519706,3.5789593149763834
2019-07,1,2019-08,2019-08-11T21:59:00+00:00,FOOD_ECM_R27,0.04941758201750922,0.0918273645546419,2.9272898961284195,2.951912118079101,0.0494053755517082,0.09178522902289597,0.1915944419662114,0.2,0.1914111339165946,0.19980026626730563
2019-07,2,2019-09,2019-08-11T21:59:00+00:00,FOOD_ECM_R27,-0.09538155744574445,-0.5504587155963248,2.6515151515151705,3.1459130348036752,-0.046021699047154876,-0.460194093336885,-0.34867833325645514,-0.9,-0.15787649898313705,-0.7042741989476008
2019-07,3,2019-10,2019-08-11T21:59:00+00:00,FOOD_ECM_R27,0.31115697626369676,0.4612546125461358,2.735849056603792,3.076417762568975,0.2646521857529323,2.0556473190325164e-14,0.39556404597427847,0.6,0.2369072494595894,-0.10606703119285443
2019-07,4,2019-11,2019-08-11T21:59:00+00:00,FOOD_ECM_R27,0.0608532648094036,0.2754820936639035,3.116147308781873,3.2365360865983344,0.3254869424712839,0.2751033371890003,0.042509140345348126,0.0,0.27940735722956245,-0.10606703119285443
2019-07,5,2019-12,2019-08-11T21:59:00+00:00,FOOD_ECM_R27,0.1328954575056265,0.1831501831501825,3.207547169811327,3.2762103641534472,0.4582941721223389,0.458086004896616,0.21083227064882865,0.1,0.4900176885384109,-0.006116997884501124
2019-07,6,2020-01,2019-08-11T21:59:00+00:00,FOOD_ECM_R27,0.8320357105702528,1.4625228519195457,3.6414565826330487,3.065952972736955,1.2868875467032235,1.9100171373419308,0.31739127702440334,0.8,0.8069063426891117,0.7906999670331862
2019-07,7,2020-02,2019-08-11T21:59:00+00:00,FOOD_ECM_R27,0.2847841472506997,0.2702702702702675,3.7278657968313063,3.166813354375881,1.5712669521462135,2.179922834258429,0.3259304347174331,0.7,1.1323067754779803,1.4882613406757104
2019-07,8,2020-03,2019-08-11T21:59:00+00:00,FOOD_ECM_R27,0.033820241273868554,-0.0898472596585708,3.4418604651162905,3.0097014481816595,1.6050814756656189,2.0900351877567247,0.056408690951006944,-0.3,1.1886995627073529,1.1878104386458381
2019-07,9,2020-04,2019-08-11T21:59:00+00:00,FOOD_ECM_R27,0.21012034619500627,-0.1798561151079125,3.159851301115256,3.130210709749025,1.8149813778057304,1.9100171373419392,0.45441534831016006,0.2,1.642085561643309,1.3876107049131439
2019-07,10,2020-05,2019-08-11T21:59:00+00:00,FOOD_ECM_R27,0.2846698905588782,0.3603603603603567,2.862419205909517,2.755308875028193,2.0992468509529285,2.2697297554268867,0.15309301415055693,0.7,1.7950615079055658,2.0851720785556678
2019-07,11,2020-06,2019-08-11T21:59:00+00:00,FOOD_ECM_R27,0.13893953148084842,0.6283662477558183,3.317972350230406,2.7084027457973994,2.2380899507775296,2.8961300139199277,0.24069567468275577,0.5,2.035467974530493,2.5839262296595753
2019-07,12,2020-07,2019-08-11T21:59:00+00:00,FOOD_ECM_R27,0.30058851503149475,0.4460303300624524,3.397612488521572,2.570714883266686,2.5382276018031718,3.3411685766675143,0.5008595448824011,1.2,2.5350773905167023,3.7767833161869557
2019-08,1,2019-09,2019-09-09T21:59:00+00:00,FOOD_ECM_R27,-0.02752400026207502,-0.5504587155963248,2.6515151515151705,3.170969434200683,-0.027527788810216433,-0.551979322359781,-0.16943261889111114,-0.9,-0.16957631829154302,-0.9040744652149064
2019-08,2,2019-10,2019-09-09T21:59:00+00:00,FOOD_ECM_R27,0.38812730069693363,0.4612546125461358,2.735849056603792,3.180568645674273,0.3598482411760291,-0.09178522902287545,0.5692620683807669,0.6,0.39807157659775455,-0.30586729746016006
2019-08,3,2019-11,2019-09-09T21:59:00+00:00,FOOD_ECM_R27,0.14050838739869032,0.2754820936639035,3.116147308781873,3.4231149751787813,0.500258007909468,0.1833181081661043,0.21010693562378605,0.0,0.6079580962850046,-0.30586729746016006
2019-08,4,2019-12,2019-09-09T21:59:00+00:00,FOOD_ECM_R27,0.21252955124068976,0.1831501831501825,3.207547169811327,3.5451433180153202,0.712562034580447,0.36630077587372,0.374313364796743,0.1,0.9815726518876948,-0.20591726415180675
2019-08,5,2020-01,2019-09-09T21:59:00+00:00,FOOD_ECM_R27,0.9152710964571567,1.4625228519195457,3.6414565826330487,3.4196394134320025,1.6236699090343687,1.818231908319035,0.47752365586630474,0.8,1.4579597802334892,0.5908997007658806
2019-08,6,2020-02,2019-09-09T21:59:00+00:00,FOOD_ECM_R27,0.371215528584689,0.2702702702702675,3.7278657968313063,3.61006632426222,1.9941981331711711,2.0881376052355334,0.48325825119341764,0.7,1.9400540871384528,1.2884610744084046
2019-08,7,2020-03,2019-09-09T21:59:00+00:00,FOOD_ECM_R27,0.11957579608872532,-0.0898472596585708,3.4418604651162905,3.54096547401678,2.113702494345086,1.9982499587338283,0.21106541139467153,-0.3,2.1508970684207216,0.9880101723785324
2019-08,8,2020-04,2019-09-09T21:59:00+00:00,FOOD_ECM_R27,0.29547896662322376,-0.1798561151079125,3.159851301115256,3.750395253246702,2.4087457798893674,1.8182319083190426,0.6078813943840347,0.2,2.756938317359015,1.1878104386458381
2019-08,9,2020-05,2019-09-09T21:59:00+00:00,FOOD_ECM_R27,0.36947741027482156,0.3603603603603567,2.862419205909517,3.4606583294676216,2.7775422990245926,2.17794452640399,0.30465838424826686,0.7,3.061133558383162,1.8853718122883623
2019-08,10,2020-06,2019-09-09T21:59:00+00:00,FOOD_ECM_R27,0.22313456510979335,0.6283662477558183,3.317972350230406,3.5003783866438223,3.0004282886668356,2.8043447848970313,0.39124035187256656,0.5,3.451610555577621,2.3841259633922696
2019-08,11,2020-07,2019-09-09T21:59:00+00:00,FOOD_ECM_R27,0.379254535298668,0.4460303300624524,3.397612488521572,3.5112997872481095,3.3789654671196283,3.2493833476446174,0.7041631623486094,1.2,4.153306066552596,3.57698304991965
2019-08,12,2020-08,2019-09-09T21:59:00+00:00,FOOD_ECM_R27,0.09760154310859175,0.0,3.302752293577968,3.537656773766639,3.4765194108914077,3.2493833476446174,0.33941298849776286,0.0,4.492144349216899,3.57698304991965
2019-09,1,2019-10,2019-10-09T21:59:00+00:00,FOOD_ECM_R27,0.3151094606298493,0.4612546125461358,2.735849056603792,2.8328523402224826,0.3146140312593317,0.46019409333690553,0.5027331402547351,0.6,0.5014736566670447,0.5982071677547464
2019-09,2,2019-11,2019-10-09T21:59:00+00:00,FOOD_ECM_R27,0.07742932052712852,0.2754820936639035,3.116147308781873,3.0096540379719237,0.3920133907528261,0.7352974305258853,0.1463374788756783,0.0,0.6477041665984924,0.5982071677547464
2019-09,3,2019-12,2019-10-09T21:59:00+00:00,FOOD_ECM_R27,0.15761981440526018,0.1831501831501825,3.207547169811327,3.0746855713507135,0.5495091155047619,0.918280098233501,0.3124602712379138,0.1,0.9596772952185407,0.6981572010630996
2019-09,4,2020-01,2019-10-09T21:59:00+00:00,FOOD_ECM_R27,0.8650748429211012,1.4625228519195457,3.6414565826330487,2.898543669829515,1.410863626381242,2.370211230678816,0.41722533907238524,0.8,1.3760346628002216,1.494974165980787
2019-09,5,2020-02,2019-10-09T21:59:00+00:00,FOOD_ECM_R27,0.3263475434297577,0.2702702702702675,3.7278657968313063,3.0419286371041863,1.7366798119505207,2.6401169275953142,0.42425128760813197,0.7,1.7993885419158944,2.192535539623311
2019-09,6,2020-03,2019-10-09T21:59:00+00:00,FOOD_ECM_R27,0.07896082233115999,-0.0898472596585708,3.4418604651162905,2.93143410499254,1.8156094766248472,2.550229281093609,0.15325132988591894,-0.3,1.9525225617887305,1.8920846375934386
2019-09,7,2020-04,2019-10-09T21:59:00+00:00,FOOD_ECM_R27,0.2628464968481147,-0.1798561151079125,3.159851301115256,3.1060731475093113,2.0781111361980615,2.370211230678824,0.5506680942019775,0.2,2.5016800224214775,2.0918849038607443
2019-09,8,2020-05,2019-10-09T21:59:00+00:00,FOOD_ECM_R27,0.3374267064699104,0.3603603603603567,2.862419205909517,2.785302952860859,2.4149698361352936,2.7299238487637716,0.24827929503872617,0.7,2.7496516136231874,2.7894462775032682
2019-09,9,2020-06,2019-10-09T21:59:00+00:00,FOOD_ECM_R27,0.19157629622064629,0.6283662477558183,3.317972350230406,2.792386261152482,2.60636285900444,3.356324107256813,0.3353424771699849,0.5,3.084433071781697,3.2882004286071758
2019-09,10,2020-07,2019-10-09T21:59:00+00:00,FOOD_ECM_R27,0.34797375002549535,0.4460303300624524,3.397612488521572,2.7711967941847724,2.953732581209663,3.8013626700043996,0.6485162797636373,1.2,3.730855532349912,4.481057515134556
2019-09,11,2020-08,2019-10-09T21:59:00+00:00,FOOD_ECM_R27,0.07508773228688759,0.0,3.302752293577968,2.7540090568105136,3.0287921367628154,3.8013626700043996,0.26682279512509327,0.0,3.997322987400214,4.481057515134556
2019-09,12,2020-09,2019-10-09T21:59:00+00:00,FOOD_ECM_R27,-0.0703072658600824,-0.6216696269982114,3.2287822878228734,3.002657351466064,2.958460143753902,3.177752631233366,-0.25658574053717176,-0.8,3.740407501477943,3.6778403454081303
2019-10,1,2019-11,2019-11-10T22:59:00+00:00,FOOD_ECM_R27,-0.016291222661403516,0.2754820936639035,3.116147308781873,2.5788253378552195,-0.016292549825225298,0.2751033371889798,-0.1019519896840372,0.0,-0.10200399607574538,0.0
2019-10,2,2019-12,2019-11-10T22:59:00+00:00,FOOD_ECM_R27,0.06016543023812295,0.1831501831501825,3.207547169811327,2.543711629142151,0.04385478827436389,0.45808600489659546,0.07319774317571934,0.1,-0.028833029382332356,0.09995003330835331
2019-10,3,2020-01,2019-11-10T22:59:00+00:00,FOOD_ECM_R27,0.7637142080768392,1.4625228519195457,3.6414565826330487,2.26560567301947,0.8046674629777101,1.9100171373419104,0.18527249871936324,0.8,0.15626805153715934,0.8967669982260407
2019-10,4,2020-02,2019-11-10T22:59:00+00:00,FOOD_ECM_R27,0.22330583210209762,0.2702702702702675,3.7278657968313063,2.302928850780157,1.0277243381612127,2.1799228342584085,0.19833070835554834,0.7,0.3544023442022001,1.5943283718685648
2019-10,5,2020-03,2019-11-10T22:59:00+00:00,FOOD_ECM_R27,-0.025060128582364692,-0.0898472596585708,3.4418604651162905,2.0870082720475343,1.0026610690039262,2.090035187756704,-0.06723359449163792,-0.3,0.28714613779364984,1.2938774698386926
2019-10,6,2020-04,2019-11-10T22:59:00+00:00,FOOD_ECM_R27,0.1505011750746211,-0.1798561151079125,3.159851301115256,2.1456312272561857,1.1530491045633606,1.9100171373419184,0.33318455237366584,0.2,0.619776860280407,1.4936777361059983
2019-10,7,2020-05,2019-11-10T22:59:00+00:00,FOOD_ECM_R27,0.22279270008598617,0.3603603603603567,2.862419205909517,1.7115122429417273,1.3755939897207465,2.269729755426866,0.034541607803995275,0.7,0.654312503844444,2.1912391097485227
2019-10,8,2020-06,2019-11-10T22:59:00+00:00,FOOD_ECM_R27,0.07856128592204314,0.6283662477558183,3.317972350230406,1.603784164448346,1.4541244324173936,2.8961300139199073,0.123894829237336,0.5,0.7781306467719343,2.68999326085243
2019-10,9,2020-07,2019-11-10T22:59:00+00:00,FOOD_ECM_R27,0.23506636298593334,0.4460303300624524,3.397612488521572,1.4685429070024487,1.6889149466288371,3.3411685766674935,0.4383954046035885,1.2,1.2155678980344535,3.8828503473798106
2019-10,10,2020-08,2019-11-10T22:59:00+00:00,FOOD_ECM_R27,-0.03658687243358688,0.0,3.302752293577968,1.3383623931803545,1.6523213795661245,3.3411685766674935,0.059082177131569574,0.0,1.2746326285193177,3.8828503473798106
2019-10,11,2020-09,2019-11-10T22:59:00+00:00,FOOD_ECM_R27,-0.23678169093717114,-0.6216696269982114,3.2287822878228734,1.6579970097787216,1.4152589174858003,2.71755853789646,-0.5176750496105834,-0.8,0.7556129992474537,3.0796331776533847
2019-10,12,2020-10,2019-11-10T22:59:00+00:00,FOOD_ECM_R27,0.23229203964377423,0.1787310098301908,2.9384756657483617,1.6609240663456049,1.647281576257393,2.8961300139199135,0.28233380836559574,0.5,1.0375489943147032,3.5783873287572923
2019-11,1,2019-12,2019-12-09T22:59:00+00:00,FOOD_ECM_R27,0.07939478381142197,0.1831501831501825,3.207547169811327,2.9822105412729027,0.07936328282526353,0.18298266770761573,0.20413493591437826,0.1,0.20392686367138343,0.09995003330835331
2019-11,2,2020-01,2019-12-09T22:59:00+00:00,FOOD_ECM_R27,0.7997644843803889,1.4625228519195457,3.6414565826330487,2.739659409520595,0.8759466010219702,1.6349138001529306,0.3113629095958837,0.8,0.5148060428046334,0.8967669982260407
2019-11,3,2020-02,2019-12-09T22:59:00+00:00,FOOD_ECM_R27,0.2639990113609296,0.2702702702702675,3.7278657968313063,2.8188857058309087,1.139597747099006,1.904819497069429,0.32044247459039255,0.7,0.8347361946720626,1.5943283718685648
2019-11,4,2020-03,2019-12-09T22:59:00+00:00,FOOD_ECM_R27,0.01951356367938551,-0.0898472596585708,3.4418604651162905,2.647621056735806,1.1591094071301964,1.814931850567724,0.0513670499377202,-0.3,0.8860900562568049,1.2938774698386926
2019-11,5,2020-04,2019-12-09T22:59:00+00:00,FOOD_ECM_R27,0.19898480506201252,-0.1798561151079125,3.159851301115256,2.756286981692447,1.3578964996641283,1.6349138001529386,0.4497002880107172,0.2,1.3347822137695782,1.4936777361059983
2019-11,6,2020-05,2019-12-09T22:59:00+00:00,FOOD_ECM_R27,0.27669038788025735,0.3603603603603567,2.862419205909517,2.3745980016321866,1.6342048043200945,1.9946264182378861,0.14866857453267837,0.7,1.4833403859858096,2.1912391097485227
2019-11,7,2020-06,2019-12-09T22:59:00+00:00,FOOD_ECM_R27,0.13910459170264297,0.6283662477558183,3.317972350230406,2.328034328985545,1.7732127352149383,2.6210266767309274,0.23648874101464043,0.5,1.7195499324664376,2.68999326085243
2019-11,8,2020-07,2019-12-09T22:59:00+00:00,FOOD_ECM_R27,0.29530502180029927,0.4460303300624524,3.397612488521572,2.2532436694943936,2.0680825882420666,3.066065239478514,0.5500309007084276,1.2,2.2680736872028486,3.8828503473798106
2019-11,9,2020-08,2019-12-09T22:59:00+00:00,FOOD_ECM_R27,0.023020525717135077,0.0,3.302752293577968,2.182950992829058,2.0911004646427633,3.066065239478514,0.16925038094767442,0.0,2.437181001098208,3.8828503473798106
2019-11,10,2020-09,2019-12-09T22:59:00+00:00,FOOD_ECM_R27,-0.1774280535261047,-0.6216696269982114,3.2287822878228734,2.5662345491818885,1.9135148211122628,2.4424552007074807,-0.4089735977210315,-0.8,2.027368819186122,3.0796331776533847
2019-11,11,2020-10,2019-12-09T22:59:00+00:00,FOOD_ECM_R27,0.32262349322360834,0.1787310098301908,2.9384756657483617,2.4246986709461584,2.2356190013945603,2.6210266767309336,0.4271400029307096,0.5,2.4535991686157077,3.5783873287572923
2019-11,12,2020-11,2019-12-09T22:59:00+00:00,FOOD_ECM_R27,0.04934150216781895,0.0,2.655677655677633,2.311253248260928,2.284948334645918,2.6210266767309336,0.038398045140224005,0.0,2.491989843593184,3.5783873287572923
2019-12,1,2020-01,2020-01-12T22:59:00+00:00,FOOD_ECM_R27,0.7735709490325003,1.4625228519195457,3.6414565826330487,2.7650734871793357,0.7705942304644413,1.4519311324453148,0.30220546893506145,0.8,0.301749746123112,0.7968169649176874
2019-12,2,2020-02,2020-01-12T22:59:00+00:00,FOOD_ECM_R27,0.2551635082047185,0.2702702702702675,3.7278657968313063,2.835256494058868,1.0254327493083395,1.7218368293618131,0.31164767023019624,0.7,0.6129128016008447,1.4943783385602116
2019-12,3,2020-03,2020-01-12T22:59:00+00:00,FOOD_ECM_R27,0.008695910444163915,-0.0898472596585708,3.4418604651162905,2.652860911299568,1.034128281680129,1.6319491828601083,0.04288582783421073,-0.3,0.6557894360922438,1.1939274365303394
2019-12,4,2020-04,2020-01-12T22:59:00+00:00,FOOD_ECM_R27,0.19040531955258147,-0.1798561151079125,3.159851301115256,2.7527334810257127,1.2243525600757095,1.4519311324453228,0.4414182185209918,0.2,1.0962362619487562,1.3937277027976451
2019-12,5,2020-05,2020-01-12T22:59:00+00:00,FOOD_ECM_R27,0.26584868574964343,0.3603603603603567,2.862419205909517,2.359989559807173,1.489848493260508,1.81164375053027,0.14059710209081264,0.7,1.2367346188583932,2.0912890764401695
2019-12,6,2020-06,2020-01-12T22:59:00+00:00,FOOD_ECM_R27,0.12353977272995416,0.6283662477558183,3.317972350230406,2.297529752546225,1.6133120184041672,2.4380440090233115,0.22855894289550435,0.5,1.4650327631121596,2.590043227544077
2019-12,7,2020-07,2020-01-12T22:59:00+00:00,FOOD_ECM_R27,0.28894345598352056,0.4460303300624524,3.397612488521572,2.2162775673855926,1.9018388351588174,2.883082571770898,0.5421956721334519,1.2,2.005763846085495,3.7829003140714574
2019-12,8,2020-08,2020-01-12T22:59:00+00:00,FOOD_ECM_R27,0.016202156920361595,0.0,3.302752293577968,2.1390472138375243,1.9180396796714911,2.883082571770898,0.16153996195617543,0.0,2.167173472588808,3.7829003140714574
2019-12,9,2020-09,2020-01-12T22:59:00+00:00,FOOD_ECM_R27,-0.18408996176724307,-0.6216696269982114,3.2287822878228734,2.5153240167441244,1.7337800640917322,2.2594725329998644,-0.4165638376196581,-0.8,1.7497395907814992,2.9796831443450316
2019-12,10,2020-10,2020-01-12T22:59:00+00:00,FOOD_ECM_R27,0.31541372512253313,0.1787310098301908,2.9384756657483617,2.3665012105111933,2.048697403629239,2.4380440090233177,0.4195470844126671,0.5,2.1684090303133203,3.478437295448939
2019-12,11,2020-11,2020-01-12T22:59:00+00:00,FOOD_ECM_R27,0.07721854842274366,0.0,2.655677655677633,2.164103326001677,2.1258861538697094,2.4380440090233177,0.01848691032500488,0.0,2.1868942320196356,3.478437295448939
2019-12,12,2020-12,2020-01-12T22:59:00+00:00,FOOD_ECM_R27,0.1173254210983958,-0.1784121320249632,2.285191956124307,2.2684904236133487,2.2431428024824087,2.2594725329998644,0.19938522037584533,0.0,2.3860809438855837,3.478437295448939
2020-01,1,2020-02,2020-02-13T22:59:00+00:00,FOOD_ECM_R27,0.20917075955652056,0.2702702702702675,3.7278657968313063,3.0808123219916888,0.2089523021029555,0.26990569691649835,0.27400999226615724,0.7,0.273635269249778,0.6975613736425241
2020-01,2,2020-03,2020-02-13T22:59:00+00:00,FOOD_ECM_R27,-0.012934396048900235,-0.0898472596585708,3.4418604651162905,2.875725991351871,0.19601706948891232,0.18001805041479335,0.006765990056642186,-0.3,0.280401030423637,0.39711047161265195
2020-01,3,2020-04,2020-02-13T22:59:00+00:00,FOOD_ECM_R27,0.16820151465725997,-0.1798561151079125,3.159851301115256,2.952994293434273,0.3640772838225078,7.914675859144182e-15,0.4062926225256783,0.2,0.6858705132909412,0.5969107378799576
2020-01,4,2020-05,2020-02-13T22:59:00+00:00,FOOD_ECM_R27,0.24460215074024147,0.3603603603603567,2.862419205909517,2.5377523694725532,0.6083807704288019,0.3597126180849554,0.10648449270374025,0.7,0.7922983514740353,1.2944721115224818
2020-01,5,2020-06,2020-02-13T22:59:00+00:00,FOOD_ECM_R27,0.10242626233836502,0.6283662477558183,3.317972350230406,2.4535746793708157,0.7107546128625297,0.986112876577997,0.19514324201627423,0.5,0.9872514364113909,1.793226262626389
2020-01,6,2020-07,2020-02-13T22:59:00+00:00,FOOD_ECM_R27,0.26122399191819157,0.4460303300624524,3.397612488521572,2.343903284441776,0.9716380079291403,1.431151439325583,0.5092587277430953,1.2,1.4952178275964219,2.9860833491537693
2020-01,7,2020-08,2020-02-13T22:59:00+00:00,FOOD_ECM_R27,-0.0013144690899904562,0.0,3.302752293577968,2.24866575041672,0.9703235301999293,1.431151439325583,0.1291926105829104,0.0,1.624327056333915,2.9860833491537693
2020-01,8,2020-09,2020-02-13T22:59:00+00:00,FOOD_ECM_R27,-0.20161990624969844,-0.6216696269982114,3.2287822878228734,2.6073230388968462,0.7685000974045498,0.8075414005545498,-0.4483547201362238,-0.8,1.1749642119787738,2.1828661794273434
2020-01,9,2020-10,2020-02-13T22:59:00+00:00,FOOD_ECM_R27,0.29751949771195796,0.1787310098301908,2.9384756657483617,2.440090189920429,1.0655778817642698,0.9861128765780028,0.38778758300235433,0.5,1.562001837137153,2.681620330531251
2020-01,10,2020-11,2020-02-13T22:59:00+00:00,FOOD_ECM_R27,0.05938581049653879,0.0,2.655677655677633,2.2193291197647738,1.1249460658664066,0.9861128765780028,-0.012908060965727646,0.0,1.5490929430095384,2.681620330531251
2020-01,11,2020-12,2020-02-13T22:59:00+00:00,FOOD_ECM_R27,0.11962678260371139,-0.1784121320249632,2.285191956124307,2.1545146337419685,1.244501352647625,0.8075414005545496,0.16572176581862863,0.0,1.7146775418326383,2.681620330531251
2020-01,12,2021-01,2020-02-13T22:59:00+00:00,FOOD_ECM_R27,0.8015923016353831,1.3404825737265424,2.162162162162171,2.063907956949114,2.0428979694095637,2.139118998131765,0.2749490199700838,0.7,1.9892492684029215,3.3791817041737753
2020-02,1,2020-03,2020-03-09T22:59:00+00:00,FOOD_ECM_R27,0.021244359344184983,-0.0898472596585708,3.4418604651162905,3.5892620898567604,0.021242103049716472,-0.08988764650170497,0.18354477316915038,-0.3,0.1833765355797732,-0.3004509020298722
2020-02,2,2020-04,2020-03-09T22:59:00+00:00,FOOD_ECM_R27,0.24590590333291049,-0.1798561151079125,3.159851301115256,3.747484912264243,0.2668461525657876,-0.2699056969164904,0.5769375913348955,0.2,0.7586562156788723,-0.10065063576256655
2020-02,3,2020-05,2020-03-09T22:59:00+00:00,FOOD_ECM_R27,0.3179209531942937,0.3603603603603567,2.862419205909517,3.4046133130272924,0.5842628056654309,0.08980692116845705,0.27116456149507207,0.7,1.029453789354466,0.5969107378799576
2020-02,4,2020-06,2020-03-09T22:59:00+00:00,FOOD_ECM_R27,0.18080710346292972,0.6283662477558183,3.317972350230406,3.400623985013538,0.7649066498450127,0.7162071796614986,0.35560121726772,0.5,1.3844242403928848,1.095664888983865
2020-02,5,2020-07,2020-03-09T22:59:00+00:00,FOOD_ECM_R27,0.33564562475406673,0.4460303300624524,3.397612488521572,3.366608600638734,1.0999902419462007,1.161245742409085,0.666714573850194,1.2,2.04892610216583,2.2885219755112454
2020-02,6,2020-08,2020-03-09T22:59:00+00:00,FOOD_ECM_R27,0.06787607165717928,0.0,3.302752293577968,3.3418736748850653,1.1678432882164247,1.161245742409085,0.28325960695806646,0.0,2.331785285080718,2.2885219755112454
2020-02,7,2020-09,2020-03-09T22:59:00+00:00,FOOD_ECM_R27,-0.1235153832980007,-0.6216696269982114,3.2287822878228734,3.7855270426419994,1.0442515617987285,0.5376357036380515,-0.29739819612428786,-0.8,2.0339439817745566,1.4853048057848195
2020-02,8,2020-10,2020-03-09T22:59:00+00:00,FOOD_ECM_R27,0.3764518782679831,0.1787310098301908,2.9384756657483617,3.697918177854678,1.4199966332863587,0.7162071796615045,0.5382196615575184,0.5,2.570720417479183,1.9840589568887268
2020-02,9,2020-11,2020-03-09T22:59:00+00:00,FOOD_ECM_R27,0.13788276519541587,0.0,2.655677655677633,3.5556225378145228,1.5577844274861512,0.7162071796615045,0.13549544425892848,0.0,2.7061241494956296,1.9840589568887268
2020-02,10,2020-12,2020-03-09T22:59:00+00:00,FOOD_ECM_R27,0.19982865219586654,-0.1784121320249632,2.285191956124307,3.5728624553240627,1.7574136878146933,0.5376357036380512,0.3132458701684223,0.0,3.0188804269410423,1.9840589568887268
2020-02,11,2021-01,2020-03-09T22:59:00+00:00,FOOD_ECM_R27,0.978392467714028,1.3404825737265424,2.162162162162171,3.0786625450089757,2.731050888052502,1.8692133012152667,0.5221005807653284,0.7,3.5396227880880464,2.681620330531251
2020-02,12,2021-02,2020-03-09T22:59:00+00:00,FOOD_ECM_R27,0.33685362009869985,0.1763668430335041,2.066486972147356,3.1148659510397447,3.0673384272308364,2.045424800555189,0.4297816332553555,0.3,3.9684834977793346,2.9811712285110987
2020-03,1,2020-04,2020-04-13T21:59:00+00:00,FOOD_ECM_R27,-0.039497305657552155,-0.1798561151079125,3.159851301115256,3.1268446003045973,-0.03950510789784062,-0.18001805041478544,0.6562574342966122,0.2,0.65411344016494,0.19980026626730563
2020-03,2,2020-05,2020-04-13T21:59:00+00:00,FOOD_ECM_R27,0.34038172069497896,0.3603603603603567,2.862419205909517,2.8090375001071246,0.3002986254224465,0.179694567670162,0.3471966705959087,0.7,1.0007087745979395,0.8973616399098298
2020-03,3,2020-06,2020-04-13T21:59:00+00:00,FOOD_ECM_R27,0.20881938978970466,0.6283662477558183,3.317972350230406,2.8338172252232168,0.5089002905725472,0.8060948261632036,0.4292580968375046,0.5,1.4290481869470162,1.3961157910137372
2020-03,4,2020-07,2020-04-13T21:59:00+00:00,FOOD_ECM_R27,0.36549177441298636,0.4460303300624524,3.397612488521572,2.8305675021289893,0.8737257668161958,1.2511333889107898,0.7386423871271754,1.2,2.16497597047322,2.588972877541117
2020-03,5,2020-08,2020-04-13T21:59:00+00:00,FOOD_ECM_R27,0.10097295247372728,0.0,3.302752293577968,2.8399633341426744,0.9746477758940834,1.2511333889107898,0.3533534997456751,0.0,2.5177066434954485,2.588972877541117
2020-03,6,2020-09,2020-04-13T21:59:00+00:00,FOOD_ECM_R27,-0.099292113821291,-0.6216696269982114,3.2287822878228734,3.3065110545735457,0.8753063347986916,0.6275233501397564,-0.22895086529176076,-0.8,2.288493284979892,1.7857557078146913
2020-03,7,2020-10,2020-04-13T21:59:00+00:00,FOOD_ECM_R27,0.4139032011378779,0.1787310098301908,2.9384756657483617,3.2578185598902665,1.2883553129300336,0.8060948261632095,0.6062397842514748,0.5,2.892902829221735,2.284509858918599
2020-03,8,2020-11,2020-04-13T21:59:00+00:00,FOOD_ECM_R27,0.17525016024146953,0.0,2.655677655677633,3.154605585201465,1.4634520892557386,0.8060948261632096,0.20244561653923973,0.0,3.0951438007726884,2.284509858918599
2020-03,9,2020-12,2020-04-13T21:59:00+00:00,FOOD_ECM_R27,0.2372371105778758,-0.1784121320249632,2.285191956124307,3.2102967434044087,1.7004082368782967,0.6275233501397564,0.3796757710238115,0.0,3.474100622550439,2.284509858918599
2020-03,10,2021-01,2020-04-13T21:59:00+00:00,FOOD_ECM_R27,1.0158020104342464,1.3404825737265424,2.162162162162171,2.7558807746781917,2.711085653291203,1.959100947716972,0.5881564370738737,0.7,4.0605341718680465,2.9820712325611227
2020-03,11,2021-02,2020-04-13T21:59:00+00:00,FOOD_ECM_R27,0.3662035225261483,0.1763668430335041,2.066486972147356,2.854192126632881,3.0766202832259135,2.135312447056894,0.5404820945350676,0.3,4.599560903559156,3.2816221305409705
2020-03,12,2021-03,2020-04-13T21:59:00+00:00,FOOD_ECM_R27,0.11955696437677121,0.1760563380281743,2.33812949640288,3.2477298154510885,3.1961058351773812,2.311213987574857,0.22467742884609035,-0.2,4.823986310090992,3.081421863473663
2020-04,1,2020-05,2020-05-12T21:59:00+00:00,FOOD_ECM_R27,0.0778095919811571,0.3603603603603567,2.862419205909517,2.4313005078023444,0.07777933601181601,0.3597126180849475,0.13796204869332906,0.7,0.13786696849860722,0.6975613736425241
2020-04,2,2020-06,2020-05-12T21:59:00+00:00,FOOD_ECM_R27,0.10053721191088896,0.6283662477558183,3.317972350230406,2.3452787965141777,0.17826604311572627,0.986112876577989,0.227811835740159,0.5,0.36541970650517186,1.1963155247464314
2020-04,3,2020-07,2020-05-12T21:59:00+00:00,FOOD_ECM_R27,0.2570042129161646,0.4460303300624524,3.397612488521572,2.2314204454500235,0.4349405649637492,1.431151439325575,0.5429631935573833,1.2,0.9069141689623688,2.3891726112738114
2020-04,4,2020-08,2020-05-12T21:59:00+00:00,FOOD_ECM_R27,-0.003625000320652983,0.0,3.302752293577968,2.1339276620428693,0.4313154989383717,1.431151439325575,0.1635135724653575,0.0,1.070294203534393,2.3891726112738114
2020-04,5,2020-09,2020-05-12T21:59:00+00:00,FOOD_ECM_R27,-0.20462634857353063,-0.6216696269982114,3.2287822878228734,2.489094890574254,0.22647950460973118,0.8075414005545418,-0.4136399942039467,-0.8,0.655796352663675,1.5859554415473855
2020-04,6,2020-10,2020-05-12T21:59:00+00:00,FOOD_ECM_R27,0.3001167774473978,0.1787310098301908,2.9384756657483617,2.324704440389354,0.5261468306847105,0.9861128765779948,0.4232712417251295,0.5,1.0781743214263912,2.084709592651293
2020-04,7,2020-11,2020-05-12T21:59:00+00:00,FOOD_ECM_R27,0.07476199539428713,0.0,2.655677655677633,2.119882441014673,0.6008808932204621,0.9861128765779948,0.02281433164553959,0.0,1.1009860509990448,2.084709592651293
2020-04,8,2020-12,2020-05-12T21:59:00+00:00,FOOD_ECM_R27,0.13704735177791894,-0.1784121320249632,2.285191956124307,2.072888353572557,0.7378344208278124,0.8075414005545418,0.20181281509197052,0.0,1.3025954975991576,2.084709592651293
2020-04,9,2021-01,2020-05-12T21:59:00+00:00,FOOD_ECM_R27,0.9161038234729336,1.3404825737265424,2.162162162162171,1.5231822461628357,1.6497674663098878,2.1391189981317575,0.4115964084423227,0.7,1.713347165179657,2.782270966293817
2020-04,10,2021-02,2020-05-12T21:59:00+00:00,FOOD_ECM_R27,0.26706076246039523,0.1763668430335041,2.066486972147356,1.5199326344342154,1.916472255152445,2.3153304974716797,0.36534300121195085,0.3,2.078024409886081,3.081821864273665
2020-04,11,2021-03,2020-05-12T21:59:00+00:00,FOOD_ECM_R27,0.032750196113434105,0.1760563380281743,2.33812949640288,1.644505414174362,1.9492170895597658,2.491232037989642,-0.0029407732570163616,-0.2,2.0750835933874803,2.8816215972063572
2020-04,12,2021-04,2020-05-12T21:59:00+00:00,FOOD_ECM_R27,0.1999164261582924,0.5272407732864748,3.0630630630630717,2.172189820040646,2.1489339487646353,3.017087763336347,0.4494255921182461,0.3,2.523502284411768,3.181172495186205
2020-05,1,2020-06,2020-06-09T21:59:00+00:00,FOOD_ECM_R27,0.0770565657538089,0.6283662477558183,3.317972350230406,2.5627044388104827,0.07702689242470051,0.6264002584930415,0.1407733151579111,0.5,0.14067432241929118,0.49875415110390736
2020-05,2,2020-07,2020-06-09T21:59:00+00:00,FOOD_ECM_R27,0.21966346921245694,0.4460303300624524,3.397612488521572,2.410447197746824,0.29644945416459595,1.0714388212406278,0.45897148547652106,1.2,0.5985957455387152,1.6916112376312875
2020-05,3,2020-08,2020-06-09T21:59:00+00:00,FOOD_ECM_R27,-0.05916963002938484,0.0,3.302752293577968,2.255952368867897,0.23726231200137146,1.0714388212406278,0.08248529665906087,0.0,0.6810470417725678,1.6916112376312875
2020-05,4,2020-09,2020-06-09T21:59:00+00:00,FOOD_ECM_R27,-0.3023391737929824,-0.6216696269982114,3.2287822878228734,2.511073706993233,-0.06553482998276836,0.44782878246959446,-0.49209636733454926,-0.8,0.1877358933633591,0.8883940679048615
2020-05,5,2020-10,2020-06-09T21:59:00+00:00,FOOD_ECM_R27,0.2701945487505686,0.1787310098301908,2.9384756657483617,2.316115239096852,0.2042953494866479,0.6264002584930476,0.34585372244356993,0.5,0.5329929172273292,1.387148219008769
2020-05,6,2020-11,2020-06-09T21:59:00+00:00,FOOD_ECM_R27,0.01137995640607847,0.0,2.655677655677633,2.046638552010738,0.21567465842480793,0.6264002584930476,-0.05294131435240537,0.0,0.4800375840130322,1.387148219008769
2020-05,7,2020-12,2020-06-09T21:59:00+00:00,FOOD_ECM_R27,0.10218817590807784,-0.1784121320249632,2.285191956124307,1.9641705853479179,0.3178106577589095,0.44782878246959434,0.12700607399250577,0.0,0.606963073515631,1.387148219008769
2020-05,8,2021-01,2020-06-09T21:59:00+00:00,FOOD_ECM_R27,0.8063213148502273,1.3404825737265424,2.162162162162171,1.3047246778008086,1.1208985717332256,1.77940638004681,0.3375024563364274,0.7,0.9438972685501654,2.084709592651293
2020-05,9,2021-02,2020-06-09T21:59:00+00:00,FOOD_ECM_R27,0.231659828211233,0.1763668430335041,2.066486972147356,1.2657159048919913,1.3522904822564148,1.9556178793867323,0.29197838879334514,0.3,1.2354502283518642,2.384260490631141
2020-05,10,2021-03,2020-06-09T21:59:00+00:00,FOOD_ECM_R27,-0.0130118942260756,0.1760563380281743,2.33812949640288,1.3435937588830396,1.3392777414099408,2.131519419904695,-0.07548204924802183,-0.2,1.1599396770615293,2.184060223563833
2020-05,11,2021-04,2020-06-09T21:59:00+00:00,FOOD_ECM_R27,0.1893107551735791,0.5272407732864748,3.0630630630630717,1.7183948348481106,1.5284095296069575,2.6573751452514,0.35452369068391554,0.3,1.5138364138722191,2.4836111215436807
2020-05,12,2021-05,2020-06-09T21:59:00+00:00,FOOD_ECM_R27,0.22919241360483564,0.1748251748251661,2.872531418312392,1.7728717624058472,1.757339698020475,2.8320476787455577,0.0764936123491588,0.4,1.5903007847686723,2.882813248497426
2020-06,1,2020-07,2020-07-09T21:59:00+00:00,FOOD_ECM_R27,0.36319470042356394,0.4460303300624524,3.397612488521572,3.0202704235218913,0.362536741105823,0.44503856274758624,0.7125603486679477,1.2,0.7100336332299964,1.1928570865273802
2020-06,2,2020-08,2020-07-09T21:59:00+00:00,FOOD_ECM_R27,0.042954791634152195,0.0,3.302752293577968,2.9699679581645126,0.40548230981038585,0.44503856274758624,0.3255491023193503,0.0,1.0350539717390093,1.1928570865273802
2020-06,3,2020-09,2020-07-09T21:59:00+00:00,FOOD_ECM_R27,-0.14410262301765556,-0.6216696269982114,3.2287822878228734,3.3907087005754857,0.26127575910925005,-0.17857147602344717,-0.2580431352558155,-0.8,0.7766773313366313,0.3896399168009542
2020-06,4,2020-10,2020-07-09T21:59:00+00:00,FOOD_ECM_R27,0.35443908869698365,0.1787310098301908,2.9384756657483617,3.2807784319004614,0.6150881927719785,5.963111948670274e-15,0.5757349240033572,0.5,1.3507612357927687,0.8883940679048616
2020-06,5,2020-11,2020-07-09T21:59:00+00:00,FOOD_ECM_R27,0.12824039659039965,0.0,2.655677655677633,3.129123842225381,0.7432464315979173,5.963111948670274e-15,0.1711317089101105,0.0,1.5217466812389082,0.8883940679048616
2020-06,6,2020-12,2020-07-09T21:59:00+00:00,FOOD_ECM_R27,0.19440921171896605,-0.1784121320249632,2.285191956124307,3.140713952433439,0.9374669131751443,-0.17857147602344728,0.3475599804713761,0.0,1.868704067856559,0.8883940679048616
2020-06,7,2021-01,2020-07-09T21:59:00+00:00,FOOD_ECM_R27,0.9986625745390004,1.3404825737265424,2.162162162162171,2.6691814216188057,1.9311758060998119,1.1530061215537684,0.5553755103426596,0.7,2.4225430547698377,1.5859554415473858
2020-06,8,2021-02,2020-07-09T21:59:00+00:00,FOOD_ECM_R27,0.3385161356129139,0.1763668430335041,2.066486972147356,2.7390600318115723,2.2691202656229557,1.3292176208936906,0.5072381866103722,0.3,2.9284991222612344,1.8855063395272338
2020-06,9,2021-03,2020-07-09T21:59:00+00:00,FOOD_ECM_R27,0.10499651782712308,0.1760563380281743,2.33812949640288,2.9394207159149484,2.374061700659603,1.505119161411653,0.13698494783220463,-0.2,3.0653903313093607,1.685306072459926
2020-06,10,2021-04,2020-07-09T21:59:00+00:00,FOOD_ECM_R27,0.28688888593697276,0.5272407732864748,3.0630630630630717,3.420751018193561,2.66053984582443,2.030974886758358,0.5662948405949644,0.3,3.6300877505775224,1.984856970439774
2020-06,11,2021-05,2020-07-09T21:59:00+00:00,FOOD_ECM_R27,0.3433125746259218,0.1748251748251661,2.872531418312392,3.4031833769702544,3.003264448168424,2.205647420252516,0.31888671646445016,0.4,3.948467101679971,2.3840590973935196
2020-06,12,2021-06,2020-07-09T21:59:00+00:00,FOOD_ECM_R27,0.19970684315178916,0.523560209424101,2.765388046387192,3.2546128556405,3.2027721423029365,2.7278418183677005,0.3735514541426856,0.9,4.3213225850457055,3.28003323454071
2020-07,1,2020-08,2020-08-12T21:59:00+00:00,FOOD_ECM_R27,0.07394390204871598,0.0,3.302752293577968,3.4212532444851047,0.07391657701476623,0.0,0.3595379466028491,0.0,0.3588931539815386,0.0
2020-07,2,2020-09,2020-08-12T21:59:00+00:00,FOOD_ECM_R27,-0.14806236381482846,-0.6216696269982114,3.2287822878228734,3.8397200816848636,-0.07425550743463809,-0.6236100387710334,-0.2255409941281616,-0.8,0.13309743307226557,-0.803217169726426
2020-07,3,2020-10,2020-08-12T21:59:00+00:00,FOOD_ECM_R27,0.3688072406351147,0.1787310098301908,2.9384756657483617,3.7441637474687366,0.29387330684211993,-0.44503856274758025,0.6074689614970511,0.5,0.7387287402379707,-0.3044630186225186
2020-07,4,2020-11,2020-08-12T21:59:00+00:00,FOOD_ECM_R27,0.1394937762332135,0.0,2.655677655677633,3.603471387016214,0.433269880890793,-0.44503856274758025,0.2019095981946978,0.0,0.9404347749668487,-0.3044630186225186
2020-07,5,2020-12,2020-08-12T21:59:00+00:00,FOOD_ECM_R27,0.2121568846613965,-0.1784121320249632,2.285191956124307,3.633468397137725,0.6452020306379052,-0.6236100387710335,0.3777281264639404,0.0,1.3174513001257742,-0.3044630186225186
2020-07,6,2021-01,2020-08-12T21:59:00+00:00,FOOD_ECM_R27,0.9910974025466276,1.3404825737265424,2.162162162162171,3.1519560807083646,1.6314202745348512,0.7079675588061821,0.5850738753009956,0.7,1.9008202649871568,0.3930983550200055
2020-07,7,2021-02,2020-08-12T21:59:00+00:00,FOOD_ECM_R27,0.360773772340725,0.1763668430335041,2.066486972147356,3.245060579634703,1.9915448193281198,0.8841790581461044,0.5364967340097639,0.3,2.435882981952121,0.6926492529998534
2020-07,8,2021-03,2020-08-12T21:59:00+00:00,FOOD_ECM_R27,0.12503050527906726,0.1760563380281743,2.33812949640288,3.467110764222652,2.1164972265617448,1.060080598664067,0.16579648638879393,-0.2,2.601542177694185,0.4924489859325456
2020-07,9,2021-04,2020-08-12T21:59:00+00:00,FOOD_ECM_R27,0.31070778910200786,0.5272407732864748,3.0630630630630717,3.9755976070421557,2.426723316539254,1.585936324010772,0.5949573582186581,0.3,3.1947366534325807,0.7919998839123935
2020-07,10,2021-05,2020-08-12T21:59:00+00:00,FOOD_ECM_R27,0.3628797869288492,0.1748251748251661,2.872531418312392,3.978207789808991,2.7889462832682113,1.76060885750493,0.347261222925402,0.4,3.541396316826301,1.1912020108661387
2020-07,11,2021-06,2020-08-12T21:59:00+00:00,FOOD_ECM_R27,0.27004327780385895,0.523560209424101,2.765388046387192,3.607956521555322,3.0586255993015916,2.2828032556201148,0.41266594165384246,0.9,3.9532131278302236,2.087176148013329
2020-07,12,2021-07,2020-08-12T21:59:00+00:00,FOOD_ECM_R27,0.37837526933196974,1.041666666666674,3.3747779751332514,3.496009280753069,3.436286830008279,3.31908195917478,0.7150582460265142,1.5,4.66572695456707,3.5760373973883945
2020-08,1,2020-09,2020-09-09T21:59:00+00:00,FOOD_ECM_R27,-0.05977870500492369,-0.6216696269982114,3.2287822878228734,3.8468408536572225,-0.05979657959660528,-0.6236100387710334,-0.06754848094938566,-0.8,-0.0675713052146536,-0.803217169726426
2020-08,2,2020-10,2020-09-09T21:59:00+00:00,FOOD_ECM_R27,0.40595456151477133,0.1787310098301908,2.9384756657483617,3.7896771678083687,0.34533620965200984,-0.44503856274758025,0.760687894516978,0.5,0.6902379480384723,-0.3044630186225186
2020-08,3,2020-11,2020-09-09T21:59:00+00:00,FOOD_ECM_R27,0.1996213590894015,0.0,2.655677655677633,3.7111578629213984,0.5447585900650099,-0.44503856274758025,0.3496566828712077,0.0,1.0392847531690115,-0.3044630186225186
2020-08,4,2020-12,2020-09-09T21:59:00+00:00,FOOD_ECM_R27,0.25992203319268326,-0.1784121320249632,2.285191956124307,3.790633278144721,0.8043434101420645,-0.6236100387710335,0.5218444446123185,0.0,1.559772308180991,-0.3044630186225186
2020-08,5,2021-01,2020-09-09T21:59:00+00:00,FOOD_ECM_R27,1.1026342417831478,1.3404825737265424,2.162162162162171,3.4224868364268928,1.900942960429606,0.7079675588061821,0.726369560431222,0.7,2.2835165104565416,0.3930983550200055
2020-08,6,2021-02,2020-09-09T21:59:00+00:00,FOOD_ECM_R27,0.401465073757151,0.1763668430335041,2.066486972147356,3.5578060372234694,2.3016043135465054,0.8841790581461044,0.6752307931569417,0.3,2.956477830884565,0.6926492529998534
2020-08,7,2021-03,2020-09-09T21:59:00+00:00,FOOD_ECM_R27,0.184586339244852,0.1760563380281743,2.33812949640288,3.842259024490925,2.4860205015599552,1.060080598664067,0.3020316914234228,-0.2,3.2580543229288015,0.4924489859325456
2020-08,8,2021-04,2020-09-09T21:59:00+00:00,FOOD_ECM_R27,0.3559773749311588,0.5272407732864748,3.0630630630630717,4.399683186599908,2.84136577667786,1.585936324010772,0.7301796316287208,0.3,3.98558104924066,0.7919998839123935
2020-08,9,2021-05,2020-09-09T21:59:00+00:00,FOOD_ECM_R27,0.4235522555038982,0.1748251748251661,2.872531418312392,4.4654184411292706,3.264023574390694,1.76060885750493,0.4808763946066486,0.4,4.465304926624875,1.1912020108661387
2020-08,10,2021-06,2020-09-09T21:59:00+00:00,FOOD_ECM_R27,0.32276867348656374,0.523560209424101,2.765388046387192,4.148168150172234,3.586272467951864,2.2828032556201148,0.5453482349268607,0.9,5.0091715223529185,2.087176148013329
2020-08,11,2021-07,2020-09-09T21:59:00+00:00,FOOD_ECM_R27,0.38166099885199456,1.041666666666674,3.3747779751332514,4.08142635949527,3.96720698908168,3.31908195917478,0.9064720093969811,1.5,5.911559734663069,3.5760373973883945
2020-08,12,2021-08,2020-09-09T21:59:00+00:00,FOOD_ECM_R27,0.1557868309956842,0.6872852233676952,4.085257548845505,4.209043144683373,4.122872598275877,4.004016143732257,0.46415002164081576,1.0,6.374635901673188,4.571070482705203
2020-09,1,2020-10,2020-10-11T21:59:00+00:00,FOOD_ECM_R27,0.27737898194344285,0.1787310098301908,2.9384756657483617,3.291135009463706,0.27699499634499725,0.17857147602345314,0.5617915519606969,0.5,0.5602193886601133,0.49875415110390736
2020-09,2,2020-11,2020-10-11T21:59:00+00:00,FOOD_ECM_R27,0.09238310635409558,0.0,2.655677655677633,3.102529561517338,0.3693354557710781,0.17857147602345314,0.1590842704955421,0.0,0.7191772541725994,0.49875415110390736
2020-09,3,2020-12,2020-10-11T21:59:00+00:00,FOOD_ECM_R27,0.15824322991365702,-0.1784121320249632,2.285191956124307,3.0768968091267266,0.5274536130143049,-1.3010426069826053e-16,0.33696581301388634,0.0,1.055576609546493,0.49875415110390736
2020-09,4,2021-01,2020-10-11T21:59:00+00:00,FOOD_ECM_R27,1.0058248543655919,1.3404825737265424,2.162162162162171,2.6129322728268773,1.5282537145757245,1.3315775975772155,0.5459414531187959,0.7,1.6000332041679317,1.1963155247464314
2020-09,5,2021-02,2020-10-11T21:59:00+00:00,FOOD_ECM_R27,0.30801925905805044,0.1763668430335041,2.066486972147356,2.651563209189247,1.8357995661889726,1.5077890969171377,0.4987538431594378,0.3,2.097547390529022,1.4958664227262792
2020-09,6,2021-03,2020-10-11T21:59:00+00:00,FOOD_ECM_R27,0.08618031384690693,0.1760563380281743,2.33812949640288,2.8324207606256766,1.9219427661251314,1.6836906374351,0.12928523824894975,-0.2,2.2267491273760687,1.2956661556589715
2020-09,7,2021-04,2020-10-11T21:59:00+00:00,FOOD_ECM_R27,0.27100393183095056,0.5272407732864748,3.0630630630630717,3.29688643104623,2.192580144401096,2.209546362781805,0.5591674117181298,0.3,2.784359001586532,1.5952170536388195
2020-09,8,2021-05,2020-10-11T21:59:00+00:00,FOOD_ECM_R27,0.3397472630409634,0.1748251748251661,2.872531418312392,3.2756701982113947,2.531751570320316,2.384218896275963,0.31225986634168756,0.4,3.0961323493459876,1.9944191805925648
2020-09,9,2021-06,2020-10-11T21:59:00+00:00,FOOD_ECM_R27,0.23972704018601412,0.523560209424101,2.765388046387192,2.876806775066348,2.7711917236427945,2.9064132943911476,0.37820251164964347,0.9,3.4736214734305797,2.8903933177397554
2020-09,10,2021-07,2020-10-11T21:59:00+00:00,FOOD_ECM_R27,0.2989462041927137,1.041666666666674,3.3747779751332514,2.726163238959855,3.0696919722276816,3.942691997945813,0.7399937078910513,1.5,4.210890660482326,4.37925456711482
2020-09,11,2021-08,2020-10-11T21:59:00+00:00,FOOD_ECM_R27,0.06408824992652698,0.6872852233676952,4.085257548845505,2.7919986391963723,3.133759694405431,4.62762618250329,0.25946246912531795,1.0,4.470017106853011,5.3742876524316285
2020-09,12,2021-09,2020-10-11T21:59:00+00:00,FOOD_ECM_R27,-0.0938287316039851,0.1706484641638139,4.915102770330665,3.0865632470657283,3.0398869160926063,4.798129207611665,-0.2797656837966994,0.2,4.189859347434391,5.574087918698934
2020-10,1,2020-11,2020-11-09T22:59:00+00:00,FOOD_ECM_R27,0.010798601128432919,0.0,2.655677655677633,2.6717024284740063,0.01079801812147195,0.0,-0.031552789430031696,0.0,-0.03155776836999295,0.0
2020-10,2,2020-12,2020-11-09T22:59:00+00:00,FOOD_ECM_R27,0.07220409958495776,-0.1784121320249632,2.285191956124307,2.558000441097997,0.08297606308735972,-0.17857147602345325,0.15326690217221112,0.0,0.12159179995970788,0.0
2020-10,3,2021-01,2020-11-09T22:59:00+00:00,FOOD_ECM_R27,0.8961183517632784,1.3404825737265424,2.162162162162171,1.9854805456323055,0.975103101223028,1.1530061215537624,0.36769382629543973,0.7,0.48861128500758266,0.6975613736425241
2020-10,4,2021-02,2020-11-09T22:59:00+00:00,FOOD_ECM_R27,0.22710022939284139,0.1763668430335041,2.066486972147356,1.9415720436187798,1.201945847800608,1.3292176208936846,0.325255028756663,0.3,0.8133385037716125,0.997112271622372
2020-10,5,2021-03,2020-11-09T22:59:00+00:00,FOOD_ECM_R27,0.00887196706195416,0.1760563380281743,2.33812949640288,2.0422984751855022,1.2108174213268403,1.5051191614116473,-0.039857172086784055,-0.2,0.7734733866028012,0.7969120045550643
2020-10,6,2021-04,2020-11-09T22:59:00+00:00,FOOD_ECM_R27,0.19049196312688554,0.5272407732864748,3.0630630630630717,2.420891088541435,1.4011281785988798,2.030974886758352,0.3922865483588975,0.3,1.1649924976623685,1.0964629025349122
2020-10,7,2021-05,2020-11-09T22:59:00+00:00,FOOD_ECM_R27,0.26004581178330355,0.1748251748251661,2.872531418312392,2.3185169498126093,1.66083645629659,2.20564742025251,0.14817312535689445,0.4,1.3130559549628977,1.4956650294886575
2020-10,8,2021-06,2020-11-09T22:59:00+00:00,FOOD_ECM_R27,0.16515555866318243,0.523560209424101,2.765388046387192,1.8475261893488197,1.8258557831426387,2.7278418183676947,0.21591669688694337,0.9,1.5287398867421393,2.391639166635848
2020-10,9,2021-07,2020-11-09T22:59:00+00:00,FOOD_ECM_R27,0.23184823638429503,1.041666666666674,3.3747779751332514,1.630355671773403,2.057435666204951,3.764120521922361,0.578655533693073,1.5,2.1057276400113953,3.8805004160109133
2020-10,10,2021-08,2020-11-09T22:59:00+00:00,FOOD_ECM_R27,-0.008748519886461113,0.6872852233676952,4.085257548845505,1.6214645198967765,2.0486867636131683,4.4490547064798385,0.10011410014925755,1.0,2.205791659417879,4.8755335013277215
2020-10,11,2021-09,2020-11-09T22:59:00+00:00,FOOD_ECM_R27,-0.25769229326567294,0.1706484641638139,4.915102770330665,1.9936574272148926,1.7906618722481356,4.619557731588213,-0.49782064976421114,0.2,1.7067277548212039,5.075333767595027
2020-10,12,2021-10,2020-11-09T22:59:00+00:00,FOOD_ECM_R27,0.29455810623574474,1.0221465076660996,5.798394290811807,2.106670500607424,2.08478700612255,5.636515648551113,0.39921071638053407,1.3,2.1051437396216466,6.36695629424966
2020-11,1,2020-12,2020-12-09T22:59:00+00:00,FOOD_ECM_R27,0.08506440617175703,-0.1784121320249632,2.285191956124307,2.691767959034066,0.08502824691009148,-0.17857147602345325,0.20175797264581058,0.0,0.20155471459514473,0.0
2020-11,2,2021-01,2020-12-09T22:59:00+00:00,FOOD_ECM_R27,0.8902074211957799,1.3404825737265424,2.162162162162171,2.1125187765843547,0.9712966813504432,1.1530061215537624,0.4144293642628717,0.7,0.615127685649471,0.6975613736425241
2020-11,3,2021-02,2020-12-09T22:59:00+00:00,FOOD_ECM_R27,0.24614558153774774,0.1763668430335041,2.066486972147356,2.0879508490766434,1.2171398208484487,1.3292176208936846,0.370483978081749,0.3,0.9849270622127585,0.997112271622372
2020-11,4,2021-03,2020-12-09T22:59:00+00:00,FOOD_ECM_R27,0.026783760639115962,0.1760563380281743,2.33812949640288,2.2071241416905805,1.243919995278728,1.5051191614116473,0.0040220589473132715,-0.2,0.9889490402774497,0.7969120045550643
2020-11,5,2021-04,2020-12-09T22:59:00+00:00,FOOD_ECM_R27,0.21377855737066287,0.5272407732864748,3.0630630630630717,2.610171725782279,1.457470371435237,2.030974886758352,0.435403293934991,0.3,1.4234071965179156,1.0964629025349122
2020-11,6,2021-05,2020-12-09T22:59:00+00:00,FOOD_ECM_R27,0.2731303725564639,0.1748251748251661,2.872531418312392,2.5209862745139056,1.73022842078739,2.20564742025251,0.19042514126817772,0.4,1.61365125895726,1.4956650294886575
2020-11,7,2021-06,2020-12-09T22:59:00+00:00,FOOD_ECM_R27,0.1900273674923573,0.523560209424101,2.765388046387192,2.074403109122623,1.9200754646844156,2.7278418183676947,0.2575889766684615,0.9,1.8709090438416502,2.391639166635848
2020-11,8,2021-07,2020-12-09T22:59:00+00:00,FOOD_ECM_R27,0.26208351517736805,1.041666666666674,3.3747779751332514,1.8874742551746764,2.181816139904508,3.764120521922361,0.6199902370827172,1.5,2.4889852485891213,3.8805004160109133
2020-11,9,2021-08,2020-12-09T22:59:00+00:00,FOOD_ECM_R27,0.015563793248907214,0.6872852233676952,4.085257548845505,1.903331811014285,2.1973787221207672,4.4490547064798385,0.1408632688148499,1.0,2.6297493981722733,4.8755335013277215
2020-11,10,2021-09,2020-12-09T22:59:00+00:00,FOOD_ECM_R27,-0.24546219742840025,0.1706484641638139,4.915102770330665,2.289097906915975,1.9516147723474389,4.619557731588213,-0.45762412673088454,0.2,2.1710749667110294,5.075333767595027
2020-11,11,2021-10,2020-12-09T22:59:00+00:00,FOOD_ECM_R27,0.33731436827903566,1.0221465076660996,5.798394290811807,2.4510219851635795,2.2883615118154323,5.636515648551113,0.45880374177662014,1.3,2.6288294123694387,6.36695629424966
2020-11,12,2021-11,2020-12-09T22:59:00+00:00,FOOD_ECM_R27,0.08885546525086828,0.1686340640809414,5.976806422836781,2.405657615215195,2.377177523966869,5.8050076850430585,0.038627447960651276,1.1,2.667449401852028,7.460950298083096
2020-12,1,2021-01,2021-01-12T22:59:00+00:00,FOOD_ECM_R27,0.9008660560668393,1.3404825737265424,2.162162162162171,2.0784981204714525,0.896832464550606,1.3315775975772155,0.4155363244185641,0.7,0.41467535649955367,0.6975613736425241
2020-12,2,2021-02,2021-01-12T22:59:00+00:00,FOOD_ECM_R27,0.24807708179124632,0.1763668430335041,2.066486972147356,2.0559047102578702,1.1446023431116135,1.507789096917138,0.37158101662640397,0.3,0.785567716284564,0.997112271622372
2020-12,3,2021-03,2021-01-12T22:59:00+00:00,FOOD_ECM_R27,0.02861956145569896,0.1760563380281743,2.33812949640288,2.17691582149485,1.1732178099520447,1.6836906374351004,0.005107569939522188,-0.2,0.790675155792174,0.7969120045550643
2020-12,4,2021-04,2021-01-12T22:59:00+00:00,FOOD_ECM_R27,0.21430083272211542,0.5272407732864748,3.0630630630630717,2.5803788872797275,1.3872893459710272,2.2095463627818055,0.43648744374107007,0.3,1.2262127560525156,1.0964629025349122
2020-12,5,2021-05,2021-01-12T22:59:00+00:00,FOOD_ECM_R27,0.2751969165176048,0.1748251748251661,2.872531418312392,2.4933315878741977,1.6621082890630072,2.3842188962759634,0.19150182350063497,0.4,1.4175314485733013,1.4956650294886575
2020-12,6,2021-06,2021-01-12T22:59:00+00:00,FOOD_ECM_R27,0.18459523355394297,0.523560209424101,2.765388046387192,2.0413360780226766,1.8465333549977232,2.906413294391148,0.25866251955527053,0.9,1.6758600123883853,2.391639166635848
2020-12,7,2021-07,2021-01-12T22:59:00+00:00,FOOD_ECM_R27,0.2637254986780148,1.041666666666674,3.3747779751332514,1.8561358415691398,2.1099117081893026,3.942691997945814,0.6210645604514915,1.5,2.2950039151459523,3.8805004160109133
2020-12,8,2021-08,2021-01-12T22:59:00+00:00,FOOD_ECM_R27,0.017119501496786902,0.6872852233676952,4.085257548845505,1.8735731042691064,2.1270297444666553,4.62762618250329,0.14193000829249874,1.0,2.4368332980027216,4.8755335013277215
2020-12,9,2021-09,2021-01-12T22:59:00+00:00,FOOD_ECM_R27,-0.24401951825527993,0.1706484641638139,4.915102770330665,2.260705448075419,1.88271201335443,4.798129207611665,-0.4565657253607559,0.2,1.9792221280259121,5.075333767595027
2020-12,10,2021-10,2021-01-12T22:59:00+00:00,FOOD_ECM_R27,0.33886846828771244,1.0221465076660996,5.798394290811807,2.4241709791862203,2.2210076162567787,5.815087124574566,0.45987030253761263,1.3,2.43803825773741,6.36695629424966
2020-12,11,2021-11,2021-01-12T22:59:00+00:00,FOOD_ECM_R27,0.07236173691956754,0.1686340640809414,5.976806422836781,2.498286888332227,2.293343184694714,5.983579161066511,0.01818460112389755,1.1,2.4562212056631325,7.460950298083096
2020-12,12,2021-12,2021-01-12T22:59:00+00:00,FOOD_ECM_R27,0.15279266136935976,0.4208754208754106,6.613047363717604,2.476179695517779,2.446019236842343,6.4035713785990875,0.2184187431276248,0.8,2.6744017618209455,8.257767263000783
2021-01,1,2021-02,2021-02-11T22:59:00+00:00,FOOD_ECM_R27,0.2725978990864525,0.1763668430335041,2.066486972147356,1.6484676385064778,0.2722270248575387,0.17621149933992233,0.30136832269030384,0.3,0.300915118674618,0.2995508979798479
2021-01,2,2021-03,2021-02-11T22:59:00+00:00,FOOD_ECM_R27,0.01033207695574665,0.1760563380281743,2.33812949640288,1.7503899734903163,0.282558568090977,0.3521130398578848,-0.062169230899085014,-0.2,0.2387265546959469,0.09935063091254015
2021-01,3,2021-04,2021-02-11T22:59:00+00:00,FOOD_ECM_R27,0.198878916081693,0.5272407732864748,3.0630630630630717,2.136448694910341,0.4812399818732962,0.8779687652045898,0.37107336564239773,0.3,0.6091131415692962,0.39890152889238806
2021-01,4,2021-05,2021-02-11T22:59:00+00:00,FOOD_ECM_R27,0.2542424961744961,0.1748251748251661,2.872531418312392,2.0284528512115414,0.7351598285724983,1.0526412986987477,0.12796547724850987,0.4,0.7369968127825208,0.7981036558461334
2021-01,5,2021-06,2021-02-11T22:59:00+00:00,FOOD_ECM_R27,0.1664743326623992,0.523560209424101,2.765388046387192,1.5601344312797696,0.9014957463133064,1.5748356968139323,0.19645906461102886,0.9,0.9332631489535885,1.694077792993324
2021-01,6,2021-07,2021-02-11T22:59:00+00:00,FOOD_ECM_R27,0.23658129305516098,1.041666666666674,3.3747779751332514,1.3483622757743245,1.137797626433066,2.611114400368598,0.5597406366404636,1.5,1.4914430589979752,3.1829390423683894
2021-01,7,2021-08,2021-02-11T22:59:00+00:00,FOOD_ECM_R27,-0.012285330352421138,0.6872852233676952,4.085257548845505,1.335911294661977,1.1255115413721226,3.296048584926075,0.08177739758354752,1.0,1.573187037086233,4.177972127685198
2021-01,8,2021-09,2021-02-11T22:59:00+00:00,FOOD_ECM_R27,-0.2721629172075056,0.1706484641638139,4.915102770330665,1.6923026810668955,0.8529775875281042,3.4665516100344496,-0.5156595920201855,0.2,1.056193332696647,4.377772393952504
2021-01,9,2021-10,2021-02-11T22:59:00+00:00,FOOD_ECM_R27,0.31055548460853466,1.0221465076660996,5.798394290811807,1.826118853969072,1.1630518446530154,4.48350952699735,0.40079694285100287,1.3,1.456189224279956,5.669394920607137
2021-01,10,2021-11,2021-02-11T22:59:00+00:00,FOOD_ECM_R27,0.04458832882242264,0.1686340640809414,5.976806422836781,1.8715214186707907,1.2076302358340112,4.6520015634892955,-0.04017937909945692,1.1,1.4160017711051602,6.763388924440573
2021-01,11,2021-12,2021-02-11T22:59:00+00:00,FOOD_ECM_R27,0.07081008366644397,0.4208754208754106,6.613047363717604,2.125861655347801,1.278415260989315,5.071993781021873,0.1295743296765447,0.8,1.545492225693054,7.560205889358261
2021-01,12,2022-01,2021-02-11T22:59:00+00:00,FOOD_ECM_R27,0.9060111058062784,4.442581726739303,9.876543209876534,2.2042899666610154,2.1803467090957955,9.4187215059701,0.3700450657663108,1.7,1.9148543090823824,9.24591759600055
2021-02,1,2021-03,2021-03-09T22:59:00+00:00,FOOD_ECM_R27,0.11699875818766142,0.1760563380281743,2.33812949640288,2.5354991237423627,0.11693036797917286,0.17590154051796245,0.06906626259706877,-0.2,0.06904242283011564,-0.20020026706730776
2021-02,2,2021-04,2021-03-09T22:59:00+00:00,FOOD_ECM_R27,0.2532792468291539,0.5272407732864748,3.0630630630630717,2.9804168407071217,0.36988940349585553,0.7017572658646675,0.49785961402204404,0.3,0.5656668139632979,0.09935063091254015
2021-02,3,2021-05,2021-03-09T22:59:00+00:00,FOOD_ECM_R27,0.2993657276024561,0.1748251748251661,2.872531418312392,2.9178298523393975,0.6688079242044739,0.8764297993588254,0.25044000781473,0.4,0.8157937433971924,0.4985527578662855
2021-02,4,2021-06,2021-03-09T22:59:00+00:00,FOOD_ECM_R27,0.22088647762108635,0.523560209424101,2.765388046387192,2.5010792360395726,0.8894508062926911,1.3986241974740101,0.3158115949221253,0.9,1.1311077009575996,1.394526895013476
2021-02,5,2021-07,2021-03-09T22:59:00+00:00,FOOD_ECM_R27,0.285211373362126,1.041666666666674,3.3747779751332514,2.336970046565075,1.1742562237224872,2.434902901028676,0.6769520538430214,1.5,1.8057787229262612,2.883388144388541
2021-02,6,2021-08,2021-03-09T22:59:00+00:00,FOOD_ECM_R27,0.04151155968620478,0.6872852233676952,4.085257548845505,2.379451718967008,1.2157591697444492,3.119837085586153,0.19638246070944188,1.0,2.0019686053667427,3.8784212297053493
2021-02,7,2021-09,2021-03-09T22:59:00+00:00,FOOD_ECM_R27,-0.21439510382835628,0.1706484641638139,4.915102770330665,2.799025505573522,1.0011339105933625,3.290340110694528,-0.40336824208138733,0.2,1.597784639271739,4.078221495972655
2021-02,8,2021-10,2021-03-09T22:59:00+00:00,FOOD_ECM_R27,0.3680874613291164,1.0221465076660996,5.798394290811807,2.993334801479585,1.3685455878365225,4.307298027657428,0.5128070746138635,1.3,2.1092813363035177,5.369844022627288
2021-02,9,2021-11,2021-03-09T22:59:00+00:00,FOOD_ECM_R27,0.10121215597256382,0.1686340640809414,5.976806422836781,3.097576576140203,1.469706558840532,4.475790064149373,0.07029089847846079,1.1,2.179547542300301,6.463838026460724
2021-02,10,2021-12,2021-03-09T22:59:00+00:00,FOOD_ECM_R27,0.12711420045063854,0.4208754208754106,6.613047363717604,3.413129805969521,1.5967400375899783,4.89578228168195,0.23939248405501637,0.8,2.4186539390382613,7.260654991378412
2021-02,11,2022-01,2021-03-09T22:59:00+00:00,FOOD_ECM_R27,0.9680479348324038,4.442581726739303,9.876543209876534,3.033078017404384,2.5601324096742903,9.242510006630175,0.5136985939376877,1.7,2.931037603010907,8.946366698020702
2021-02,12,2022-02,2021-03-09T22:59:00+00:00,FOOD_ECM_R27,0.31126312938522344,1.2841091492777013,11.091549295774657,2.912520021233984,2.8709121182616397,10.518444382006189,0.43267048790662854,0.9,3.362774763348859,9.842340835167892
2021-03,1,2021-04,2021-04-12T21:59:00+00:00,FOOD_ECM_R27,0.30861657090026084,0.5272407732864748,3.0630630630630717,2.8141358992972574,0.30814132749663226,0.5258557253467051,0.4377664743806982,0.3,0.43681106424559346,0.2995508979798479
2021-03,2,2021-05,2021-04-12T21:59:00+00:00,FOOD_ECM_R27,0.2642912803229526,0.1748251748251661,2.872531418312392,2.715717964016633,0.5720839725552811,0.7005282588408629,0.19274038409409583,0.4,0.6293659423863976,0.6987530249335933
2021-03,3,2021-06,2021-04-12T21:59:00+00:00,FOOD_ECM_R27,0.18997160282739675,0.523560209424101,2.765388046387192,2.2682296226623158,0.7618753575389949,1.2227226569560476,0.2598720101872548,0.9,0.8889008691293132,1.5947271620807837
2021-03,4,2021-07,2021-04-12T21:59:00+00:00,FOOD_ECM_R27,0.2528054704235655,1.041666666666674,3.3747779751332514,2.0714994557316455,1.0143618124791256,2.2590013605107133,0.6222544163786887,1.5,1.5092272766609622,3.083588411455849
2021-03,5,2021-08,2021-04-12T21:59:00+00:00,FOOD_ECM_R27,0.012688385284316173,0.6872852233676952,4.085257548845505,2.0844506808480676,1.027049392855922,2.9439355450681903,0.14309508456054335,1.0,1.652220077768814,4.078621496772658
2021-03,6,2021-09,2021-04-12T21:59:00+00:00,FOOD_ECM_R27,-0.24689187958537773,0.1706484641638139,4.915102770330665,2.4694338087437098,0.7798522326906933,3.114438570176565,-0.45542281182186967,0.2,1.1957570568246874,4.2784217630399635
2021-03,7,2021-10,2021-04-12T21:59:00+00:00,FOOD_ECM_R27,0.3398681045114833,1.0221465076660996,5.798394290811807,2.6342554898644037,1.119144090842453,4.131396487139466,0.46101146649854574,1.3,1.655709120194148,5.5700442896945965
2021-03,8,2021-11,2021-04-12T21:59:00+00:00,FOOD_ECM_R27,0.07377336526554962,0.1686340640809414,5.976806422836781,2.709972234054519,1.1928902569372302,4.29988852363141,0.01931097361240981,1.1,1.675018229478058,6.664038293528033
2021-03,9,2021-12,2021-04-12T21:59:00+00:00,FOOD_ECM_R27,0.09978741811024415,0.4208754208754106,6.613047363717604,2.996221618383143,1.2926279204998434,4.719880741163989,0.18879732773748828,0.8,1.8636375590627003,7.46085525844572
2021-03,10,2022-01,2021-04-12T21:59:00+00:00,FOOD_ECM_R27,0.9413808902916205,4.442581726739303,9.876543209876534,2.5905992610450688,2.2296054343469636,9.066608466112214,0.463342748679625,1.7,2.3259101795296715,9.146566965088011
2021-03,11,2022-02,2021-04-12T21:59:00+00:00,FOOD_ECM_R27,0.27079033347967313,1.2841091492777013,11.091549295774657,2.687298340623095,2.500029791340198,10.342542841488228,0.3902830861444236,0.9,2.715433637063948,10.042541102235202
2021-03,12,2022-03,2021-04-12T21:59:00+00:00,FOOD_ECM_R27,0.050042722235156635,1.6640253565768592,12.741652021089632,2.582852173024717,2.5500599963809,11.992874992936022,0.014153516227342774,0.7,2.729586151775681,10.740102475877725
2021-04,1,2021-05,2021-05-10T21:59:00+00:00,FOOD_ECM_R27,0.26640224583305666,0.1748251748251661,2.872531418312392,2.688779229586191,0.2660480240139224,0.17467253349415784,0.12624402149132422,0.4,0.12616440073043467,0.39920212695374535
2021-04,2,2021-06,2021-05-10T21:59:00+00:00,FOOD_ECM_R27,0.1814311184400485,0.523560209424101,2.765388046387192,2.2326928939374975,0.4473147550035724,0.6968669316093424,0.19590096685102007,0.9,0.32187373187404267,1.295176264100936
2021-04,3,2021-07,2021-05-10T21:59:00+00:00,FOOD_ECM_R27,0.2369220693080477,1.041666666666674,3.3747779751332514,2.0198651641303162,0.6839566064882969,1.733145635164008,0.5601155314302455,1.5,0.8804264492552334,2.7840375134760014
2021-04,4,2021-08,2021-05-10T21:59:00+00:00,FOOD_ECM_R27,-0.006085909671482778,0.6872852233676952,4.085257548845505,2.0136563272894583,0.6778705116178174,2.418079819721485,0.08289497422472297,1.0,0.9632870845717069,3.77907059879281
2021-04,5,2021-09,2021-05-10T21:59:00+00:00,FOOD_ECM_R27,-0.2700407011658128,0.1706484641638139,4.915102770330665,2.3746097892762315,0.40746454282153555,2.5885828448298596,-0.5139566670408422,0.2,0.4480051173234655,3.9788708650601157
2021-04,6,2021-10,2021-05-10T21:59:00+00:00,FOOD_ECM_R27,0.31061498437370083,1.0221465076660996,5.798394290811807,2.5093846091931047,0.7175981154863041,3.605540761792761,0.4029935365911257,1.3,0.8501888099786225,5.270493391714749
2021-04,7,2021-11,2021-05-10T21:59:00+00:00,FOOD_ECM_R27,0.04363669001435903,0.1686340640809414,5.976806422836781,2.554116311590646,0.761225287465889,3.774032798284706,-0.0376117259748197,1.1,0.8125700090200775,6.364487395548185
2021-04,8,2021-12,2021-05-10T21:59:00+00:00,FOOD_ECM_R27,0.06949259658161075,0.4208754208754106,6.613047363717604,2.8088072147782146,0.8306937491232779,4.194025015817283,0.13245142724456313,0.8,0.9449337967397438,7.161304360465873
2021-04,9,2022-01,2021-05-10T21:59:00+00:00,FOOD_ECM_R27,0.9108607167180504,4.442581726739303,9.876543209876534,2.372960556555449,1.7374311491493482,8.540752740765509,0.4073825291453206,1.7,1.3514887700437224,8.847016067108163
2021-04,10,2022-02,2021-05-10T21:59:00+00:00,FOOD_ECM_R27,0.2405135170623967,1.2841091492777013,11.091549295774657,2.4385137916860833,1.9776558953815324,9.816687116141523,0.3347953179063407,0.9,1.6857248961765925,9.742990204255353
2021-04,11,2022-03,2021-05-10T21:59:00+00:00,FOOD_ECM_R27,0.0029252212201001737,1.6640253565768592,12.741652021089632,2.2614725410595957,1.9805810738178709,11.467019267589317,-0.08396930678925638,0.7,1.601720315417335,10.440551577897876
2021-04,12,2022-04,2021-05-10T21:59:00+00:00,FOOD_ECM_R27,0.20431406713857525,1.7926734216679563,14.160839160839142,2.208725723513573,2.1846867036291933,13.2438137896633,0.38907835036087196,1.5,1.9900437135680704,11.929412827272941
2021-05,1,2021-06,2021-06-09T21:59:00+00:00,FOOD_ECM_R27,0.17688815382431025,0.523560209424101,2.765388046387192,2.812950316943343,0.17673189097600078,0.5221943981151846,0.17789207065080176,0.9,0.17773403010677186,0.8959741371471904
2021-05,2,2021-07,2021-06-09T21:59:00+00:00,FOOD_ECM_R27,0.22039797622133894,1.041666666666674,3.3747779751332514,2.582001140463857,0.39688734713190127,1.5584731016698505,0.5427566910386401,1.5,0.7190231050119718,2.384835386522256
2021-05,3,2021-08,2021-06-09T21:59:00+00:00,FOOD_ECM_R27,-0.025753714636648203,0.6872852233676952,4.085257548845505,2.5555824646215792,0.37113031565668014,2.243407286227327,0.06618821442717882,1.0,0.7851894247011301,3.379868471839064
2021-05,4,2021-09,2021-06-09T21:59:00+00:00,FOOD_ECM_R27,-0.28383484233256445,0.1706484641638139,4.915102770330665,2.904218258643813,0.08689189839709965,2.413910311335702,-0.5301107488612785,0.2,0.25366860330451424,3.5796687381063697
2021-05,5,2021-10,2021-06-09T21:59:00+00:00,FOOD_ECM_R27,0.2943850162285907,1.0221465076660996,5.798394290811807,3.0230187764477336,0.38084445046868937,3.430868228298603,0.3870563434846566,1.3,0.6399778109944494,4.871291264761003
2021-05,6,2021-11,2021-06-09T21:59:00+00:00,FOOD_ECM_R27,0.030288199720514445,0.1686340640809414,5.976806422836781,3.054222594132847,0.4111280642399699,3.599360264790548,-0.053187640934040825,1.1,0.5867760204172046,5.965285268594439
2021-05,7,2021-12,2021-06-09T21:59:00+00:00,FOOD_ECM_R27,0.05895949051661991,0.4208754208754106,6.613047363717604,3.2992812888441025,0.47007018047783533,4.019352482323126,0.11708248246352884,0.8,0.7037900147953887,6.762102233512127
2021-05,8,2022-01,2021-06-09T21:59:00+00:00,FOOD_ECM_R27,0.9003783265330236,4.442581726739303,9.876543209876534,2.8506703164798872,1.366419268887418,8.36608020727135,0.3921586746936762,1.7,1.0951817517796594,8.447813940154417
2021-05,9,2022-02,2021-06-09T21:59:00+00:00,FOOD_ECM_R27,0.22989464690124192,1.2841091492777013,11.091549295774657,2.9056270960264277,1.5960500623578553,9.642014582647365,0.3197321918826162,0.9,1.414403887210241,9.343788077301607
2021-05,10,2022-03,2021-06-09T21:59:00+00:00,FOOD_ECM_R27,-0.00756385150671481,1.6640253565768592,12.741652021089632,2.717003672003635,1.5884859247774668,11.292346734095158,-0.09885028585187002,0.7,1.31550471224263,10.04134945094413
2021-05,11,2022-04,2021-06-09T21:59:00+00:00,FOOD_ECM_R27,0.22678798785369372,1.7926734216679563,14.160839160839142,2.4100061892599958,1.8150171368251606,13.069141256169143,0.3509154927961786,1.5,1.665805933253843,11.530210700319195
2021-05,12,2022-05,2021-06-09T21:59:00+00:00,FOOD_ECM_R27,0.24849739379978983,1.7611026033690802,15.968586387434565,2.0846375237499237,2.063206286398297,14.814916143856053,0.1284112450630007,1.4,1.7941348015906626,12.920501217218337
2021-06,1,2021-07,2021-07-12T21:59:00+00:00,FOOD_ECM_R27,0.36959763973835474,1.041666666666674,3.3747779751332514,2.4891249261792554,0.36891630594155944,1.0362787035546657,0.65492374284547,1.5,0.6527884353208343,1.4888612493750655
2021-06,2,2021-08,2021-07-12T21:59:00+00:00,FOOD_ECM_R27,0.06480260245365807,0.6872852233676952,4.085257548845505,2.555540546363401,0.4336979205754065,1.7212128881121427,0.1735895491349507,1.0,0.8262274919322989,2.4838943346918736
2021-06,3,2021-09,2021-07-12T21:59:00+00:00,FOOD_ECM_R27,-0.19048241651344272,0.1706484641638139,4.915102770330665,3.0005131805580825,0.24303385559805096,1.8917159132205172,-0.42671635075056097,0.2,0.3985981086633271,2.6836946009591793
2021-06,4,2021-10,2021-07-12T21:59:00+00:00,FOOD_ECM_R27,0.3697326823823096,1.0221465076660996,5.798394290811807,3.196894888460559,0.6120847068165506,2.9086738301834183,0.4886857998754003,1.3,0.8860937154451761,3.9753171276138124
2021-06,5,2021-11,2021-07-12T21:59:00+00:00,FOOD_ECM_R27,0.10553917152317,0.1686340640809414,5.976806422836781,3.305808036363477,0.7175682249100953,3.077165866675363,0.045831076516140615,1.1,0.9319142927312613,5.0693111314472485
2021-06,6,2021-12,2021-07-12T21:59:00+00:00,FOOD_ECM_R27,0.12483225256560418,0.4208754208754106,6.613047363717604,3.619637007147348,0.8423226268010617,3.49715808420794,0.2145349348446144,0.8,1.146219429989908,5.866128096364936
2021-06,7,2022-01,2021-07-12T21:59:00+00:00,FOOD_ECM_R27,0.9563550133234373,4.442581726739303,9.876543209876534,3.2268703914520502,1.7941335145760815,7.8438858091561645,0.48848712700282365,1.7,1.6335173298683476,7.551839803007226
2021-06,8,2022-02,2021-07-12T21:59:00+00:00,FOOD_ECM_R27,0.2857987805455393,1.2841091492777013,11.091549295774657,3.3396346769440624,2.0795246668864715,9.119820184532179,0.41487856247090615,0.9,2.047537644204063,8.447813940154417
2021-06,9,2022-03,2021-07-12T21:59:00+00:00,FOOD_ECM_R27,0.046905761570717776,1.6640253565768592,12.741652021089632,3.206405501457306,2.1264194311436277,10.770152335979972,-0.004987258885813827,0.7,2.042550260950358,9.14537531379694
2021-06,10,2022-04,2021-07-12T21:59:00+00:00,FOOD_ECM_R27,0.28124718082718936,1.7926734216679563,14.160839160839142,2.95385590138055,2.4072718520813594,12.546946858053959,0.44448883706730774,1.5,2.4860541639224945,10.634236563172006
2021-06,11,2022-05,2021-07-12T21:59:00+00:00,FOOD_ECM_R27,0.2670597536404986,1.7611026033690802,15.968586387434565,3.0486492341356213,2.673975634791001,14.292721745740868,0.23963054815232346,1.4,2.7253980559292432,12.024527080071149
2021-06,12,2022-06,2021-07-12T21:59:00+00:00,FOOD_ECM_R27,0.20890383604962162,1.5801354401805856,17.187499999999993,2.9246123886845754,2.8826615701928118,15.860503017663849,0.2871505571695242,1.5,3.0121371234280656,13.513388329446215
2021-07,1,2021-08,2021-08-09T21:59:00+00:00,FOOD_ECM_R27,0.25007498949532214,0.6872852233676952,4.085257548845505,3.225992114907719,0.24976282231984223,0.6849341845574768,0.3969640283067948,1.0,0.39617820504523615,0.9950330853168083
2021-07,2,2021-09,2021-08-09T21:59:00+00:00,FOOD_ECM_R27,-0.0552119511202256,0.1706484641638139,4.915102770330665,3.814381508894713,0.19453562378936404,0.8554372096658516,-0.21313311775105448,0.2,0.18281763542379553,1.1948333515841139
2021-07,3,2021-10,2021-08-09T21:59:00+00:00,FOOD_ECM_R27,0.5039200558344142,1.0221465076660996,5.798394290811807,4.151372198875436,0.6971902518927472,1.8723951266287528,0.6974087997493669,1.3,0.8778057880241836,2.486455878238747
2021-07,4,2021-11,2021-08-09T21:59:00+00:00,FOOD_ECM_R27,0.22662120376816314,0.1686340640809414,5.976806422836781,4.387401292293589,0.92355505710685,2.0408871631206975,0.24819961537186863,1.1,1.125697896865614,3.580449882072183
2021-07,5,2021-12,2021-08-09T21:59:00+00:00,FOOD_ECM_R27,0.24410518739322173,0.4208754208754106,6.613047363717604,4.829244443830955,1.1673627917542244,2.4608793806532745,0.41288990873965736,0.8,1.5377377542690511,4.377266846989871
2021-07,6,2022-01,2021-08-09T21:59:00+00:00,FOOD_ECM_R27,1.0771284002671082,4.442581726739303,9.876543209876534,4.556824002130399,2.2387314867691694,6.807607105601498,0.6838910984347518,1.7,2.219300925163837,6.062978553632162
2021-07,7,2022-02,2021-08-09T21:59:00+00:00,FOOD_ECM_R27,0.3918200096658874,1.2841091492777013,11.091549295774657,4.781698386520696,2.629785881073005,8.083541480977512,0.6073469437095066,0.9,2.824810951213144,6.958952690779352
2021-07,8,2022-03,2021-08-09T21:59:00+00:00,FOOD_ECM_R27,0.15162993626137697,1.6640253565768592,12.741652021089632,4.756148969263143,2.7813009752218867,9.733873632425306,0.18445178442707613,0.7,3.0090928322308264,7.656514064421876
2021-07,9,2022-04,2021-08-09T21:59:00+00:00,FOOD_ECM_R27,0.38508047173948984,1.7926734216679563,14.160839160839142,4.608008369642421,3.1656419100463005,11.51066815449929,0.6329917880331444,1.5,3.6400896415205866,9.145375313796942
2021-07,10,2022-05,2021-08-09T21:59:00+00:00,FOOD_ECM_R27,0.36998199318513947,1.7611026033690802,15.968586387434565,4.811801748395664,3.5349411533711983,13.2564430421862,0.4263218891523151,1.4,4.0655053534819485,10.535665830696084
2021-07,11,2022-06,2021-08-09T21:59:00+00:00,FOOD_ECM_R27,0.32934366324587727,1.5801354401805856,17.187499999999993,4.60930010508059,3.863743668207616,14.82422431410918,0.5278036808273576,1.5,4.591921032489515,12.024527080071149
2021-07,12,2022-07,2021-08-09T21:59:00+00:00,FOOD_ECM_R27,0.38253405329029155,1.333333333333342,17.525773195876276,4.336960369596164,4.245547920554271,16.148746989111253,0.8340507928128902,1.6,5.422512841490032,13.611861995700163
2021-08,1,2021-09,2021-09-09T21:59:00+00:00,FOOD_ECM_R27,0.03606336312309163,0.1706484641638139,4.915102770330665,4.292577210265656,0.03605686185529646,0.17050302510837476,-0.0015917951978227545,0.2,-0.0015918078670169586,0.19980026626730563
2021-08,2,2021-10,2021-09-09T21:59:00+00:00,FOOD_ECM_R27,0.6071163832738473,1.0221465076660996,5.798394290811807,4.7385542573420185,0.6413377190547629,1.1874609420712758,0.9027084136899007,1.3,0.8970665486460614,1.4914227929219384
2021-08,3,2021-11,2021-09-09T21:59:00+00:00,FOOD_ECM_R27,0.32174841722122227,0.1686340640809414,5.976806422836781,5.075548897885406,0.9625696336521978,1.3559529785632205,0.4460754340899965,1.1,1.342150015126796,2.585416796755375
2021-08,4,2021-12,2021-09-09T21:59:00+00:00,FOOD_ECM_R27,0.34487271752007764,0.4208754208754106,6.613047363717604,5.626376068342918,1.3068490289621215,1.775945196095798,0.6058761877024191,0.8,1.946198153150828,3.3822337616730622
2021-08,5,2022-01,2021-09-09T21:59:00+00:00,FOOD_ECM_R27,1.1718485406534014,4.442581726739303,9.876543209876534,5.450610161738453,2.4718845980885487,6.122672921044023,0.8732154661179992,1.7,2.8156231430512415,5.067945468315353
2021-08,6,2022-02,2021-09-09T21:59:00+00:00,FOOD_ECM_R27,0.500170479079661,1.2841091492777013,11.091549295774657,5.791461922185697,2.9708083799736187,7.398607296420037,0.7931838429987554,0.9,3.605677818814202,5.963919605462543
2021-08,7,2022-03,2021-09-09T21:59:00+00:00,FOOD_ECM_R27,0.2524380357904643,1.6640253565768592,12.741652021089632,5.87212522403404,3.222928326161483,9.04893944786783,0.3668440269169697,0.7,3.9718506141119585,6.661480979105067
2021-08,8,2022-04,2021-09-09T21:59:00+00:00,FOOD_ECM_R27,0.4863875276881282,1.7926734216679563,14.160839160839142,5.8290998718954015,3.7081368113124555,10.825733969941814,0.8140603329964075,1.5,4.78261534933493,8.150342228480133
2021-08,9,2022-05,2021-09-09T21:59:00+00:00,FOOD_ECM_R27,0.4687796293849205,1.7611026033690802,15.968586387434565,6.139646311832796,4.17582109084347,12.571508857628725,0.6053098880679332,1.4,5.386100596552012,9.540632745379275
2021-08,10,2022-06,2021-09-09T21:59:00+00:00,FOOD_ECM_R27,0.4280717057156284,1.5801354401805856,17.187499999999993,6.038823022353706,4.602979176005675,14.139290129551704,0.7056042399154406,1.5,6.089227098273307,11.02949399475434
2021-08,11,2022-07,2021-09-09T21:59:00+00:00,FOOD_ECM_R27,0.559312389484916,1.333333333333342,17.525773195876276,5.532613242571586,5.16073322171836,15.463812804553775,1.0946029143189837,1.6,7.177882595930508,12.616828910383354
2021-08,12,2022-08,2021-09-09T21:59:00+00:00,FOOD_ECM_R27,0.23232538994871507,0.4385964912280604,17.235494880546053,5.54084955245739,5.392789153498794,15.901450264533654,0.527902045422779,0.9,7.7043961230394915,13.512803047530545
2021-09,1,2021-10,2021-10-10T21:59:00+00:00,FOOD_ECM_R27,0.6641241276099957,1.0221465076660996,5.798394290811807,5.113345409724195,0.6619285389208186,1.0169579169629013,1.0351089353797336,1.3,1.029788367127132,1.2916225266546328
2021-09,2,2021-11,2021-10-10T21:59:00+00:00,FOOD_ECM_R27,0.3776381330394086,0.1686340640809414,5.976806422836781,5.510293484904743,1.0388554092663176,1.1854499534548457,0.5728276763351587,1.1,1.600981624361318,2.385616530488069
2021-09,3,2021-12,2021-10-10T21:59:00+00:00,FOOD_ECM_R27,0.39469367538819283,0.4208754208754106,6.613047363717604,6.116059864999213,1.4327722126729967,1.6054421709874231,0.7287845550727691,0.8,2.3271233772503197,3.1824334954057565
2021-09,4,2022-01,2021-10-10T21:59:00+00:00,FOOD_ECM_R27,1.229073091340535,4.442581726739303,9.876543209876534,5.999400312941116,2.6543535245267593,5.952169895935648,0.9932055330739362,1.7,3.3154290413049172,4.868145202048047
2021-09,5,2022-02,2021-10-10T21:59:00+00:00,FOOD_ECM_R27,0.5543076361619601,1.2841091492777013,11.091549295774657,6.3993099791419885,3.20713052957621,7.228104271311662,0.9104849226705325,0.9,4.221794038653433,5.764119339195237
2021-09,6,2022-03,2021-10-10T21:59:00+00:00,FOOD_ECM_R27,0.3119589777377561,1.6640253565768592,12.741652021089632,6.543655320913587,3.518603924911511,8.878436422759457,0.4815827348898898,0.7,4.702220873481844,6.461680712837762
2021-09,7,2022-04,2021-10-10T21:59:00+00:00,FOOD_ECM_R27,0.5465129981624006,1.7926734216679563,14.160839160839142,6.564080961452936,4.063628959602137,10.655230944833441,0.927649996293038,1.5,5.625594622591546,7.950541962212827
2021-09,8,2022-05,2021-10-10T21:59:00+00:00,FOOD_ECM_R27,0.528043477701298,1.7611026033690802,15.968586387434565,6.939827899459257,4.5902831761875245,12.40100583252035,0.7173388775776859,1.4,6.340372863180222,9.340832479111969
2021-09,9,2022-06,2021-10-10T21:59:00+00:00,FOOD_ECM_R27,0.4869896091204424,1.5801354401805856,17.187499999999993,6.900923052729739,5.076090826701487,13.968787104443328,0.8166834919702,1.5,7.153739541861,10.829693728487033
2021-09,10,2022-07,2021-10-10T21:59:00+00:00,FOOD_ECM_R27,0.6176315111460889,1.333333333333342,17.525773195876276,6.452298727464996,5.691822811798332,15.2933097794454,1.2052588276110965,1.6,8.351792963347997,12.417028644116048
2021-09,11,2022-08,2021-10-10T21:59:00+00:00,FOOD_ECM_R27,0.34021544462075415,0.4385964912280604,17.235494880546053,6.085356906712936,6.031460832960519,15.730947239425278,0.6923435079626615,0.9,9.041750778774094,13.313002781263238
2021-09,12,2022-09,2021-10-10T21:59:00+00:00,FOOD_ECM_R27,0.023338376852268916,0.8005822416302655,17.972742759795548,6.241855511438209,6.054796486837275,16.52834182333969,0.033353522912703354,0.3,9.075098740635848,13.612553679243087
2021-10,1,2021-11,2021-11-09T22:59:00+00:00,FOOD_ECM_R27,0.5504890888439581,0.1686340640809414,5.976806422836781,6.066530996804942,0.5489794354433083,0.16849203649194455,0.5916615984083882,1.1,0.5899181546513801,1.0939940038334364
2021-10,2,2021-12,2021-11-09T22:59:00+00:00,FOOD_ECM_R27,0.4082638028942323,0.4208754208754106,6.613047363717604,6.689909992924376,0.9564121030554886,0.588484254024522,0.7469104239091828,0.8,1.334053014735974,1.8908109687511239
2021-10,3,2022-01,2021-11-09T22:59:00+00:00,FOOD_ECM_R27,1.248969844948857,4.442581726739303,9.876543209876534,6.593566611202317,2.197646660647729,4.935211978972746,1.0107876323566616,1.7,2.339766353808882,3.5765226753934143
2021-10,4,2022-02,2021-11-09T22:59:00+00:00,FOOD_ECM_R27,0.5674113840643308,1.2841091492777013,11.091549295774657,7.009661081843574,2.7634543298986864,6.21114635434876,0.9275799298349808,0.9,3.2630706804338834,4.472496812540605
2021-10,5,2022-03,2021-11-09T22:59:00+00:00,FOOD_ECM_R27,0.3275293394053485,1.6640253565768592,12.741652021089632,7.1714669577479535,3.0904484602891307,7.861478505796554,0.4982285387020626,0.7,3.760062167945318,5.170058186183129
2021-10,6,2022-04,2021-11-09T22:59:00+00:00,FOOD_ECM_R27,0.5595199607955014,1.7926734216679563,14.160839160839142,7.205879599047324,3.648408922584647,9.63827302787054,0.9440671242308355,1.5,4.6997008284632775,6.658919435558195
2021-10,7,2022-05,2021-11-09T22:59:00+00:00,FOOD_ECM_R27,0.5376454052025803,1.7611026033690802,15.968586387434565,7.594165397061521,4.184614174517667,11.38404791555745,0.7334802436724762,1.4,5.430504187440396,8.049209952457337
2021-10,8,2022-06,2021-11-09T22:59:00+00:00,FOOD_ECM_R27,0.4968900075035631,1.5801354401805856,17.187499999999993,7.565619272047313,4.680273757843367,12.951829187480426,0.8326473475271731,1.5,6.259704150093764,9.538071201832402
2021-10,9,2022-07,2021-11-09T22:59:00+00:00,FOOD_ECM_R27,0.6271679898646767,1.333333333333342,17.525773195876276,7.124357678404583,5.305483233786558,14.276351862482498,1.2211288705870902,1.6,7.4734373880206695,11.125406117461416
2021-10,10,2022-08,2021-11-09T22:59:00+00:00,FOOD_ECM_R27,0.3499850564552216,0.4385964912280604,17.235494880546053,6.765493461883514,5.654857267786236,14.713989322462377,0.708009477098744,0.9,8.17895224586053,12.021380254608607
2021-10,11,2022-09,2021-11-09T22:59:00+00:00,FOOD_ECM_R27,0.03914095238478279,0.8005822416302655,17.972742759795548,6.625328008187206,5.69399056209848,15.511383906376789,0.06663074024996916,0.3,8.245560797688428,12.320931152588456
2021-10,12,2022-10,2021-11-09T22:59:00+00:00,FOOD_ECM_R27,0.6200504811086405,-1.4440433212996373,15.092748735244497,6.515599902947021,6.3121266396483104,14.056812806138913,0.9678498662999602,1.2,9.208757000062846,13.513788239115836
2021-11,1,2021-12,2021-12-09T22:59:00+00:00,FOOD_ECM_R27,0.5002070401730844,0.4208754208754106,6.613047363717604,7.244467216139923,0.49896016101417884,0.41999221753257737,0.8244542366698723,0.8,0.8210741780443027,0.7968169649176874
2021-11,2,2022-01,2021-12-09T22:59:00+00:00,FOOD_ECM_R27,4.4515967258674305,4.442581726739303,9.876543209876534,10.536831444346632,4.854319049550114,4.766719942480802,1.08552575756075,1.7,1.900750398831951,2.4825286715599777
2021-11,3,2022-02,2021-12-09T22:59:00+00:00,FOOD_ECM_R27,0.635197338391722,1.2841091492777013,11.091549295774657,11.043115218906022,5.487507512044724,6.042654317856816,0.9998515038763919,0.9,2.8956364581757175,3.378502808707168
2021-11,4,2022-03,2021-12-09T22:59:00+00:00,FOOD_ECM_R27,0.38442845092436667,1.6640253565768592,12.741652021089632,11.274091456008653,5.871198925117927,7.69298646930461,0.5682769028939622,0.7,3.462304759209138,4.076064182349692
2021-11,5,2022-04,2021-12-09T22:59:00+00:00,FOOD_ECM_R27,0.6133703086818895,1.7926734216679563,14.160839160839142,11.36942865739735,6.48269577504544,9.469780991378594,1.0128868599638983,1.5,4.470096297891659,5.564925431724758
2021-11,6,2022-05,2021-12-09T22:59:00+00:00,FOOD_ECM_R27,0.588327803042084,1.7611026033690802,15.968586387434565,11.829140479928421,7.069299688179533,11.215555879065505,0.8009274891965759,1.4,5.267833386747399,6.9552159486239
2021-11,7,2022-06,2021-12-09T22:59:00+00:00,FOOD_ECM_R27,0.5352487235409642,1.5801354401805856,17.187499999999993,11.84214356581648,7.603121046776641,12.783337150988483,0.8991768982441393,1.5,6.162991760650639,8.444077197998965
2021-11,8,2022-07,2021-12-09T22:59:00+00:00,FOOD_ECM_R27,0.6651945656616038,1.333333333333342,17.525773195876276,11.4254298658333,8.266112955959242,14.107859825990554,1.2871244412301868,1.6,7.441903154924414,10.03141211362798
2021-11,9,2022-08,2021-12-09T22:59:00+00:00,FOOD_ECM_R27,0.3872386878759862,0.4385964912280604,17.235494880546053,11.093383827222274,8.652603804821222,14.545497285970432,0.7730414657253681,0.9,8.211971965188743,10.92738625077517
2021-11,10,2022-09,2021-12-09T22:59:00+00:00,FOOD_ECM_R27,0.07612285852869112,0.8005822416302655,17.972742759795548,10.988551028899321,8.728697704597183,15.342891869884845,0.13074854258870758,0.3,8.342635106303188,11.226937148755018
2021-11,11,2022-10,2021-12-09T22:59:00+00:00,FOOD_ECM_R27,0.6641533883484242,-1.4440433212996373,15.092748735244497,10.595239869267905,9.390655311206643,13.88832076964697,1.0854703064505091,1.2,9.422256471437631,12.4197942352824
2021-11,12,2022-11,2021-12-09T22:59:00+00:00,FOOD_ECM_R27,0.38721510795308256,1.172161172161168,16.24579124579122,10.271048554532923,9.777122671101319,15.053665348670167,0.5859783968814849,0.4,10.006524692499426,12.818996362236145
2021-12,1,2022-01,2022-01-11T22:59:00+00:00,FOOD_ECM_R27,4.517919052762949,4.442581726739303,9.876543209876534,10.339102152896674,4.4188344905875105,4.346727724948225,1.2373609813317321,1.7,1.2297682392659888,1.6857117066422904
2021-12,2,2022-02,2022-01-11T22:59:00+00:00,FOOD_ECM_R27,0.7481552702245984,1.2841091492777013,11.091549295774657,10.968897619291846,5.1642049603989655,5.622662100324238,1.1457578417123995,0.9,2.369011985770389,2.5816858437894807
2021-12,3,2022-03,2022-01-11T22:59:00+00:00,FOOD_ECM_R27,0.4829229614963414,1.6640253565768592,12.741652021089632,11.30882566364919,5.645965589572628,7.272994251772031,0.7089396863326347,0.7,3.0754505089102766,3.2792472174320046
2021-12,4,2022-04,2022-01-11T22:59:00+00:00,FOOD_ECM_R27,0.7100511577440909,1.7926734216679563,14.160839160839142,11.511242531520734,6.353507753840704,9.049788773846016,1.150459248522961,1.5,4.219342297655932,4.76810846680707
2021-12,5,2022-05,2022-01-11T22:59:00+00:00,FOOD_ECM_R27,0.675127819707308,1.7611026033690802,15.968586387434565,12.068162590779638,7.026366791411778,10.795563661532928,0.9352477243217644,1.4,5.150243658940141,6.158398983706212
2021-12,6,2022-06,2022-01-11T22:59:00+00:00,FOOD_ECM_R27,0.6273133225909744,1.5801354401805856,17.187499999999993,12.18383120350546,7.651720694177516,12.363344933455906,1.0312550217204774,1.5,6.176217523164117,7.647260233081277
2021-12,7,2022-07,2022-01-11T22:59:00+00:00,FOOD_ECM_R27,0.7487854094799806,1.333333333333342,17.525773195876276,11.85865306063797,8.39771662187757,13.687867608457976,1.4178047077682916,1.6,7.584065382072441,9.234595148710293
2021-12,8,2022-08,2022-01-11T22:59:00+00:00,FOOD_ECM_R27,0.46615750563015645,0.4385964912280604,17.235494880546053,11.612990973259002,8.862790978224195,14.125505068437855,0.9015416802353337,0.9,8.481567436422372,10.130569285857483
2021-12,9,2022-09,2022-01-11T22:59:00+00:00,FOOD_ECM_R27,0.1486267095965571,0.8005822416302655,17.972742759795548,11.588453706790071,9.011307347643179,14.922899652352267,0.2572240636466846,0.3,8.73846124518326,10.430120183837332
2021-12,10,2022-10,2022-01-11T22:59:00+00:00,FOOD_ECM_R27,0.7433711925186756,-1.4440433212996373,15.092748735244497,11.280520175140524,9.75192915353729,13.468328552114391,1.2121780123918287,1.2,9.943351216812816,11.622977270364713
2021-12,11,2022-11,2022-01-11T22:59:00+00:00,FOOD_ECM_R27,0.5113460329182672,1.172161172161168,16.24579124579122,11.661249796930777,10.26197225240881,14.63367313113759,0.7663993088316561,0.4,10.706828605695218,12.022179397318459
2021-12,12,2022-12,2022-01-11T22:59:00+00:00,FOOD_ECM_R27,0.49082254407340664,0.0,15.758591785414907,11.350861204349453,10.751594189596872,14.63367313113759,0.8797568917395868,0.4,11.58273818469232,12.421381524272205
2022-01,1,2022-02,2022-02-13T22:59:00+00:00,FOOD_ECM_R27,0.7568342394769554,1.2841091492777013,11.091549295774657,10.44502755517955,0.7539846180554679,1.275934375376014,1.0631597593937117,0.9,1.0575479559403096,0.8959741371471904
2022-01,2,2022-03,2022-02-13T22:59:00+00:00,FOOD_ECM_R27,0.46152508463942354,1.6640253565768592,12.741652021089632,10.759759485524599,1.2144479412862614,2.9262665268238073,0.6297667981559525,0.7,1.6853400095165711,1.5935355107897147
2022-01,3,2022-04,2022-02-13T22:59:00+00:00,FOOD_ECM_R27,0.6814445858505812,1.7926734216679563,14.160839160839142,10.929659475417589,1.8935811879083546,4.703061048897792,1.073404869282776,1.5,2.7530247854989716,3.08239676016478
2022-01,4,2022-05,2022-02-13T22:59:00+00:00,FOOD_ECM_R27,0.6445729573258568,1.7611026033690802,15.968586387434565,11.44983968497816,2.536085657597469,6.448835936584701,0.8603256249301479,1.4,3.6096706994602235,4.4726872770639226
2022-01,5,2022-06,2022-02-13T22:59:00+00:00,FOOD_ECM_R27,0.5928879925110455,1.5801354401805856,17.187499999999993,11.526702962548688,3.1272229854956675,8.01661720850768,0.9578378524567819,1.5,4.562950368713479,5.961548526438988
2022-01,6,2022-07,2022-02-13T22:59:00+00:00,FOOD_ECM_R27,0.7192699316548267,1.333333333333342,17.525773195876276,11.170851301665273,3.8439185082393745,9.341139883509753,1.3453724391364015,1.6,5.899353034532874,7.548883442068003
2022-01,7,2022-08,2022-02-13T22:59:00+00:00,FOOD_ECM_R27,0.4264317996369352,0.4385964912280604,17.235494880546053,10.882837804064561,4.269443664042159,9.778777343489631,0.8304856196874181,0.9,6.726409097299307,8.444857579215194
2022-01,8,2022-09,2022-02-13T22:59:00+00:00,FOOD_ECM_R27,0.10923929990979,0.8005822416302655,17.972742759795548,10.814861580449534,4.378623341245726,10.576171927404042,0.18742259538150224,0.3,6.913656275681042,8.744408477195043
2022-01,9,2022-10,2022-02-13T22:59:00+00:00,FOOD_ECM_R27,0.7034046880605507,-1.4440433212996373,15.092748735244497,10.465222101973303,5.079565678647178,9.121600827166167,1.1423584745851911,1.2,8.049539105894924,9.937265563722423
2022-01,10,2022-11,2022-02-13T22:59:00+00:00,FOOD_ECM_R27,0.47216381647287115,1.172161172161168,16.24579124579122,10.799952447712887,5.550618298179225,10.286945406189364,0.6974024417525543,0.4,8.744520944532432,10.33646769067617
2022-01,11,2022-12,2022-02-13T22:59:00+00:00,FOOD_ECM_R27,0.46778073660225966,0.0,15.758591785414907,10.85170569852153,6.017308340742263,10.286945406189364,0.8295979159351621,0.4,9.57069661120193,10.735669817629915
2022-01,12,2023-01,2022-02-13T22:59:00+00:00,FOOD_ECM_R27,1.285014543993802,6.010137581462716,17.49598715890851,7.566746468052829,7.294136627983619,16.123399517385845,1.0859235644396348,0.8,10.650766366170808,11.532486782547602
2022-02,1,2022-03,2022-03-09T22:59:00+00:00,FOOD_ECM_R27,0.6675425220233215,1.6640253565768592,12.741652021089632,11.176213182850008,0.665324323071956,1.6503321514477933,0.8189601681700149,0.7,0.8156248867620329,0.6975613736425241
2022-02,2,2022-04,2022-03-09T22:59:00+00:00,FOOD_ECM_R27,0.7878890651722734,1.7926734216679563,14.160839160839142,11.464472264085442,1.4501257498554234,3.4271266735217782,1.2561484752157182,1.5,2.0639492703590845,2.18642262301759
2022-02,3,2022-05,2022-03-09T22:59:00+00:00,FOOD_ECM_R27,0.7343825594061292,1.7611026033690802,15.968586387434565,12.087091454734786,2.1818248504372866,5.172901561208689,1.03686956225077,1.4,3.095480211478089,3.576713139916732
2022-02,4,2022-06,2022-03-09T22:59:00+00:00,FOOD_ECM_R27,0.6908686958829111,1.5801354401805856,17.187499999999993,12.273645945878881,2.870317983615408,6.740682833131667,1.1298966850852445,1.5,4.21904124352358,5.065574389291797
2022-02,5,2022-07,2022-03-09T22:59:00+00:00,FOOD_ECM_R27,0.8061650836686088,1.333333333333342,17.525773195876276,12.011965569639187,3.6732509159371394,8.06520550813374,1.5143529601797572,1.6,5.722042340642796,6.6529093049208115
2022-02,6,2022-08,2022-03-09T22:59:00+00:00,FOOD_ECM_R27,0.518891075239388,0.4385964912280604,17.235494880546053,11.824631493837735,4.1908003903999145,8.502842968113617,0.9956319086503382,0.9,6.712750489515119,7.548883442068002
2022-02,7,2022-09,2022-03-09T22:59:00+00:00,FOOD_ECM_R27,0.19840987805320137,0.8005822416302655,17.972742759795548,11.855622706588438,4.389013696024369,9.30023755202803,0.3491503029244312,0.3,7.061292677847598,7.84843434004785
2022-02,8,2022-10,2022-03-09T22:59:00+00:00,FOOD_ECM_R27,0.7925669540405186,-1.4440433212996373,15.092748735244497,11.601423357047382,5.178456335514131,7.845666451790153,1.3037174262773918,1.2,8.356584857088109,9.04129142657523
2022-02,9,2022-11,2022-03-09T22:59:00+00:00,FOOD_ECM_R27,0.5590972779550615,1.172161172161168,16.24579124579122,12.03645225450686,5.735996465921687,9.011011030813352,0.8565300650650771,0.4,9.209467516012952,9.440493553528976
2022-02,10,2022-12,2022-03-09T22:59:00+00:00,FOOD_ECM_R27,0.5536341801915061,0.0,15.758591785414907,12.184567079608188,6.288103725197425,9.011011030813352,0.9877156915463216,0.4,10.19233717997835,9.839695680482722
2022-02,11,2023-01,2022-03-09T22:59:00+00:00,FOOD_ECM_R27,1.501246090281292,6.010137581462716,17.49598715890851,9.025199898555575,7.778192642190603,14.847465142009833,1.3243310591845656,0.8,11.507975637172345,10.636512645400408
2022-02,12,2023-02,2022-03-09T22:59:00+00:00,FOOD_ECM_R27,0.7065422937007629,0.6147540983606703,16.719492868462766,8.852384332616662,8.482250620788017,15.460337336147187,1.1679188241708467,0.7,12.66912693131494,11.334074019042932
2022-03,1,2022-04,2022-04-10T21:59:00+00:00,FOOD_ECM_R27,0.7351128436918678,1.7926734216679563,14.160839160839142,12.20806606342101,0.7324240582577441,1.7767945220739851,1.1091769402211378,1.5,1.1030706840972122,1.4888612493750655
2022-03,2,2022-05,2022-04-10T21:59:00+00:00,FOOD_ECM_R27,0.6831616545773618,1.7611026033690802,15.968586387434565,12.777465143508604,1.4132627373874467,3.5225694097608953,0.895739214803701,1.4,1.994821951907804,2.8791517662742074
2022-03,3,2022-06,2022-04-10T21:59:00+00:00,FOOD_ECM_R27,0.6308517309279768,1.5801354401805856,17.187499999999993,12.897835590012773,2.0421329281372538,5.090350681683874,0.9930590078299162,1.5,2.9829825315980236,4.368013015649273
2022-03,4,2022-07,2022-04-10T21:59:00+00:00,FOOD_ECM_R27,0.7462099240125616,1.333333333333342,17.525773195876276,12.567710129333602,2.785572479225278,6.414873356685947,1.3805467599492753,1.6,4.354086553124482,5.955347931278288
2022-03,5,2022-08,2022-04-10T21:59:00+00:00,FOOD_ECM_R27,0.45388804944768835,0.4385964912280604,17.235494880546053,12.306773652989559,3.2384335632089347,6.852510816665824,0.8653363498992163,0.9,5.215700327814057,6.851322068425478
2022-03,6,2022-09,2022-04-10T21:59:00+00:00,FOOD_ECM_R27,0.13167665771060144,0.8005822416302655,17.972742759795548,12.263080236671556,3.3700236032371156,7.649905400580235,0.22193588919202173,0.3,5.437390303091797,7.150872966405326
2022-03,7,2022-10,2022-04-10T21:59:00+00:00,FOOD_ECM_R27,0.7230307220422116,-1.4440433212996373,15.092748735244497,11.93068124692131,4.090452989598958,6.195334300342361,1.1771077174665092,1.2,6.6076239981799745,8.343730052932706
2022-03,8,2022-11,2022-04-10T21:59:00+00:00,FOOD_ECM_R27,0.4890059360381555,1.172161172161168,16.24579124579122,12.288671971418783,4.578267175184246,7.360678879365558,0.7319247281901037,0.4,7.33688315607441,8.742932179886452
2022-03,9,2022-12,2022-04-10T21:59:00+00:00,FOOD_ECM_R27,0.4833427040825483,0.0,15.758591785414907,12.358521673919322,5.0604455287802805,7.360678879365558,0.8641061782832484,0.4,8.197277305506942,9.142134306840198
2022-03,10,2023-01,2022-04-10T21:59:00+00:00,FOOD_ECM_R27,1.4305229737440237,6.010137581462716,17.49598715890851,9.118172162385815,6.480833068087022,13.197132990562038,1.2012389438595996,0.8,9.3913586373661,9.938951271757885
2022-03,11,2023-02,2022-04-10T21:59:00+00:00,FOOD_ECM_R27,0.6751643930051661,0.6147540983606703,16.719492868462766,8.462127109411158,7.153728433688671,13.810005184699392,1.0432965390312474,0.7,10.42925039746763,10.636512645400408
2022-03,12,2023-03,2022-04-10T21:59:00+00:00,FOOD_ECM_R27,0.39246566475820555,0.1357773251866811,14.964925954793449,7.837390134805383,7.545425961084473,13.945690415828372,0.6227444608133306,0.2,11.050063817782084,10.836312911667713
2022-04,1,2022-05,2022-05-09T21:59:00+00:00,FOOD_ECM_R27,0.7363843951878413,1.7611026033690802,15.968586387434565,13.61570213461962,0.7336863226608153,1.7457748876869101,0.9099962542364861,1.4,0.9058807368500796,1.390290516899142
2022-04,2,2022-06,2022-05-09T21:59:00+00:00,FOOD_ECM_R27,0.6969820843384538,1.5801354401805856,17.187499999999993,13.81171039420421,1.4282507142924488,3.3135561596098886,1.006793185702332,1.5,1.90763952242455,2.8791517662742074
2022-04,3,2022-07,2022-05-09T21:59:00+00:00,FOOD_ECM_R27,0.7963590090579888,1.333333333333342,17.525773195876276,13.535399788824511,2.22145551978394,4.638078834611961,1.3939026971135942,1.6,3.291916739311068,4.4664866819032225
2022-04,4,2022-08,2022-05-09T21:59:00+00:00,FOOD_ECM_R27,0.4961686341574818,0.4385964912280604,17.235494880546053,13.319895931370008,2.7163972938967653,5.07571629459184,0.878281417685982,0.9,4.166363700941352,5.362460819050413
2022-04,5,2022-09,2022-05-09T21:59:00+00:00,FOOD_ECM_R27,0.16480602389598237,0.8005822416302655,17.972742759795548,13.31328656292439,2.881067661691019,5.8731108785062505,0.2345257378644667,0.3,4.400614856424319,5.662011717030261
2022-04,6,2022-10,2022-05-09T21:59:00+00:00,FOOD_ECM_R27,0.7501421736788272,-1.4440433212996373,15.092748735244497,13.008188066119846,3.6284102607755235,4.418539778268375,1.1895973602734764,1.2,5.583192126329339,6.854868803557641
2022-04,7,2022-11,2022-05-09T21:59:00+00:00,FOOD_ECM_R27,0.5044428116713752,1.172161172161168,16.24579124579122,13.387040572760506,4.13158502229973,5.583884357291572,0.7441840361390765,0.4,6.324620774729909,7.254070930511386
2022-04,8,2022-12,2022-05-09T21:59:00+00:00,FOOD_ECM_R27,0.49609413135670377,0.0,15.758591785414907,13.471971389599416,4.626452661418748,5.583884357291573,0.8762410851550655,0.4,7.197045147220009,7.653273057465131
2022-04,9,2023-01,2022-05-09T21:59:00+00:00,FOOD_ECM_R27,1.4413614928774106,6.010137581462716,17.49598715890851,10.211286227663443,6.057525288185681,11.420338468488055,1.2133016451857448,0.8,8.403045288177882,8.450090022382819
2022-04,10,2023-02,2022-05-09T21:59:00+00:00,FOOD_ECM_R27,0.6844283176836354,0.6147540983606703,16.719492868462766,9.558749553044056,6.739622027866702,12.03321066262541,1.0552503426176112,0.7,9.452766726211044,9.147651396025342
2022-04,11,2023-03,2022-05-09T21:59:00+00:00,FOOD_ECM_R27,0.4330610405418544,0.1357773251866811,14.964925954793449,8.232194650892637,7.171748057557584,12.16889589375439,0.6339937809863184,0.2,10.084759220859086,9.347451662292647
2022-04,12,2023-04,2022-05-09T21:59:00+00:00,FOOD_ECM_R27,0.6389380853266095,-0.2033898305084824,12.71056661562021,8.121621860537353,7.808653586755715,11.965298945244516,1.0864593928362314,0.2,11.165359046640566,9.547251928559952
2022-05,1,2022-06,2022-06-09T21:59:00+00:00,FOOD_ECM_R27,0.9365831366262503,1.5801354401805856,17.187499999999993,16.520867340072638,0.9322243911480685,1.567781271922979,1.1516549784505505,1.5,1.1450739117621869,1.4888612493750655
2022-05,2,2022-07,2022-06-09T21:59:00+00:00,FOOD_ECM_R27,0.9713635137236052,1.333333333333342,17.525773195876276,16.43979401034726,1.8989004995448873,2.8923039469250513,1.5338097908413955,1.6,2.6672397533022116,3.07619616500408
2022-05,3,2022-08,2022-06-09T21:59:00+00:00,FOOD_ECM_R27,0.6386455327808889,0.4385964912280604,17.235494880546053,16.38354464837379,2.535515333137018,3.329941406904929,1.0130917611498842,0.9,3.6752341383586344,3.9721703021512704
2022-05,4,2022-09,2022-06-09T21:59:00+00:00,FOOD_ECM_R27,0.3102707991648736,0.8005822416302655,17.972742759795548,16.54576524401384,2.845305785784663,4.127335990819341,0.36499009040937475,0.3,4.039559756285846,4.271721200131118
2022-05,5,2022-10,2022-06-09T21:59:00+00:00,FOOD_ECM_R27,0.8693752404376912,-1.4440433212996373,15.092748735244497,16.369518303496875,3.710923720697508,2.6727648905814654,1.318489785007864,1.2,5.349433119849595,5.464578286658498
2022-05,6,2022-11,2022-06-09T21:59:00+00:00,FOOD_ECM_R27,0.6206117985548864,1.172161172161168,16.24579124579122,16.8945971541378,4.329617655133604,3.838109469604662,0.8702670427498443,0.4,6.215935166880481,5.863780413612243
2022-05,7,2022-12,2022-06-09T21:59:00+00:00,FOOD_ECM_R27,0.5977002389539438,0.0,15.758591785414907,17.100429515083803,4.925538751980557,3.838109469604662,1.0006933974588739,0.4,7.211654781978167,6.2629825405659885
2022-05,8,2023-01,2022-06-09T21:59:00+00:00,FOOD_ECM_R27,1.5243573560138963,6.010137581462716,17.49598715890851,13.82853292287383,6.438394517528917,9.674563580801145,1.3367282430626866,0.8,8.539527640725442,7.059799505483676
2022-05,9,2023-02,2022-06-09T21:59:00+00:00,FOOD_ECM_R27,0.7685656589443104,0.6147540983606703,16.719492868462766,13.249137402140196,7.204021756798902,10.2874357749385,1.1773327769654243,0.7,9.70998377669346,7.7573608791262005
2022-05,10,2023-03,2022-06-09T21:59:00+00:00,FOOD_ECM_R27,0.5133183865472666,0.1357773251866811,14.964925954793449,11.967301754757473,7.71602715580385,10.42312100606748,0.7546500148304526,0.2,10.461800553392717,7.957161145393506
2022-05,11,2023-04,2022-06-09T21:59:00+00:00,FOOD_ECM_R27,0.8053309735010974,-0.2033898305084824,12.71056661562021,10.881270058043555,8.51813264506422,10.219524057557607,1.2266541213055702,0.2,11.680992236591974,8.156961411660811
2022-05,12,2023-05,2022-06-09T21:59:00+00:00,FOOD_ECM_R27,0.6911042259006962,0.2717391304347893,11.0609480812641,9.644003190979074,9.20685969194809,10.490894644717239,0.999544904794671,0.1,12.675574731581419,8.256911444969164
2022-06,1,2022-07,2022-07-12T21:59:00+00:00,FOOD_ECM_R27,1.144372943342493,1.333333333333342,17.525773195876276,17.090811692217116,1.1378745265977703,1.3245226750020722,1.6588582688819589,1.6,1.6452495089002568,1.5873349156290149
2022-06,2,2022-08,2022-07-12T21:59:00+00:00,FOOD_ECM_R27,0.7642344872464747,0.4385964912280604,17.235494880546053,17.180297189285557,1.8992035358075758,1.7621601349819505,1.1327622639214956,0.9,2.7716440633085337,2.4833090527762054
2022-06,3,2022-09,2022-07-12T21:59:00+00:00,FOOD_ECM_R27,0.41514277258489884,0.8005822416302655,17.972742759795548,17.466308272982605,2.3134869682889114,2.559554718896362,0.48012792688940636,0.3,3.250623052180898,2.782859950756053
2022-06,4,2022-10,2022-07-12T21:59:00+00:00,FOOD_ECM_R27,0.97211280206041,-1.4440433212996373,15.092748735244497,17.408130191345116,3.2809051539743637,1.1049836186584867,1.4316810699208327,1.2,4.6721523479644365,3.9757170372834336
2022-06,5,2022-11,2022-07-12T21:59:00+00:00,FOOD_ECM_R27,0.7121260914912206,1.172161172161168,16.24579124579122,18.045159769599348,3.990507601549411,2.2703281976816836,0.9805360880887867,0.4,5.647912376234824,4.374919164237179
2022-06,6,2022-12,2022-07-12T21:59:00+00:00,FOOD_ECM_R27,0.6860976805903736,0.0,15.758591785414907,18.356929647040577,4.6742623424682,2.2703281976816836,1.1091653646929311,0.4,6.750971611787779,4.774121291190924
2022-06,7,2023-01,2022-07-12T21:59:00+00:00,FOOD_ECM_R27,1.603519932277078,6.010137581462716,17.49598715890851,15.139634253578102,6.2650616983575045,8.106782308878167,1.4440042409374034,0.8,8.184649402362938,5.570938256108612
2022-06,8,2023-02,2022-07-12T21:59:00+00:00,FOOD_ECM_R27,0.8424956531081982,0.6147540983606703,16.719492868462766,14.63760864603231,7.104028165144527,8.719654503015521,1.283196524332921,0.7,9.459682719256932,6.268499629751136
2022-06,9,2023-03,2022-07-12T21:59:00+00:00,FOOD_ECM_R27,0.5833771800430788,0.1357773251866811,14.964925954793449,13.419056436329612,7.685710289699633,8.855339734144502,0.8590808577843929,0.2,10.31509447616064,6.468299896018442
2022-06,10,2023-04,2022-07-12T21:59:00+00:00,FOOD_ECM_R27,0.8725168601777565,-0.2033898305084824,12.71056661562021,12.393802992541971,8.554442718788783,8.651742785634628,1.3307779697491073,0.2,11.637095378987127,6.668100162285747
2022-06,11,2023-05,2022-07-12T21:59:00+00:00,FOOD_ECM_R27,0.8554067940207399,0.2717391304347893,11.0609480812641,11.393473851417884,9.406211639913236,8.92311337279426,1.1353281931584782,0.1,12.766027090127661,6.768050195594101
2022-06,12,2023-06,2022-07-12T21:59:00+00:00,FOOD_ECM_R27,0.7097278524254982,0.3387533875338855,9.703703703703706,10.642525542776156,10.113432777795342,9.261294283532367,1.204834797388606,0.5,13.963661530312987,7.266804346698008
2022-07,1,2022-08,2022-08-09T21:59:00+00:00,FOOD_ECM_R27,0.5886820629967067,0.4385964912280604,17.235494880546053,17.490056222770136,0.5869561004489935,0.43763745997987813,1.2058971872878212,0.9,1.1986841769150018,0.8959741371471904
2022-07,2,2022-09,2022-08-09T21:59:00+00:00,FOOD_ECM_R27,0.3984529964663124,0.8005822416302655,17.972742759795548,17.75724793729315,0.984617375358679,1.2350320438942897,0.5499976827871922,0.3,1.7471748954340942,1.1955250351270383
2022-07,3,2022-10,2022-08-09T21:59:00+00:00,FOOD_ECM_R27,0.9569365398515003,-1.4440433212996373,15.092748735244497,17.68123543297219,1.9370042792281235,-0.21953905634358536,1.499956823702896,1.2,3.2359936065763644,2.3883821216544185
2022-07,4,2022-11,2022-08-09T21:59:00+00:00,FOOD_ECM_R27,0.7017130516146691,1.172161172161168,16.24579124579122,18.307513253594117,2.6362667820107673,0.9458055226796116,1.046711690512601,0.4,4.277265198775085,2.787584248608164
2022-07,5,2022-12,2022-08-09T21:59:00+00:00,FOOD_ECM_R27,0.6775891501600643,0.0,15.758591785414907,18.60995199257577,3.3115706144571417,0.9458055226796116,1.1739862730129542,0.4,5.444413717112057,3.1867863755619092
2022-07,6,2023-01,2022-08-09T21:59:00+00:00,FOOD_ECM_R27,1.603767308505579,6.010137581462716,17.49598715890851,15.386059627070129,4.902613442154825,6.782259633876094,1.5078848252972976,0.8,6.941042965555777,3.9836033404795965
2022-07,7,2023-02,2022-08-09T21:59:00+00:00,FOOD_ECM_R27,0.8462187700361876,0.6147540983606703,16.719492868462766,14.887201061460267,5.745271852677083,7.395131828013449,1.3460533293058954,0.7,8.278117480385967,4.68116471412212
2022-07,8,2023-03,2022-08-09T21:59:00+00:00,FOOD_ECM_R27,0.589792592984075,0.1357773251866811,14.964925954793449,13.673245632636508,6.333331977788038,7.530817059142428,0.9209395377002851,0.2,9.194842227279981,4.880964980389426
2022-07,9,2023-04,2022-08-09T21:59:00+00:00,FOOD_ECM_R27,0.8818352357299687,-0.2033898305084824,12.71056661562021,12.656100396526874,7.211301754634036,7.327220110632554,1.3923352705941872,0.2,10.577573553740061,5.080765246656732
2022-07,10,2023-05,2022-08-09T21:59:00+00:00,FOOD_ECM_R27,0.8670834330285743,0.2717391304347893,11.0609480812641,11.666363543901955,8.074647609007462,7.598590697792186,1.1962951309214467,0.1,11.766769635428819,5.180715279965085
2022-07,11,2023-06,2022-08-09T21:59:00+00:00,FOOD_ECM_R27,0.8009218599965252,0.3387533875338855,9.703703703703706,10.809779266413772,8.872379113390572,7.936771608530294,1.3030272882628546,0.5,13.06138055599207,5.679469431068992
2022-07,12,2023-07,2022-08-09T21:59:00+00:00,FOOD_ECM_R27,0.8540969549269162,0.4726536124240565,8.771929824561415,10.211216972952203,9.722849296409485,8.408311721054151,1.6573244972917047,1.0,14.705121309839566,6.6745025163858
2022-08,1,2022-09,2022-09-11T21:59:00+00:00,FOOD_ECM_R27,0.2767174673428755,0.8005822416302655,17.972742759795548,17.58427940282811,0.2763353093954095,0.7973945839144115,0.4807884211788565,0.3,0.47963632493696323,0.2995508979798479
2022-08,2,2022-10,2022-09-11T21:59:00+00:00,FOOD_ECM_R27,0.8912127755855616,-1.4440433212996373,15.092748735244497,17.43187966605311,1.1636002224895532,-0.6571765163234636,1.4326717288133841,1.2,1.9021422919580973,1.4924079845072282
2022-08,3,2022-11,2022-09-11T21:59:00+00:00,FOOD_ECM_R27,0.6383388162057876,1.172161172161168,16.24579124579122,17.982534194244163,1.7999102854432594,0.5081680626997334,0.9817803167013145,0.4,2.8791344596044754,1.8916101114609736
2022-08,4,2022-12,2022-09-11T21:59:00+00:00,FOOD_ECM_R27,0.6220105672584334,0.0,15.758591785414907,18.218843967350026,2.4199943515394637,0.5081680626997334,1.1106178223264827,0.4,3.983630209044139,2.290812238414719
2022-08,5,2023-01,2022-09-11T21:59:00+00:00,FOOD_ECM_R27,1.5495093193159546,6.010137581462716,17.49598715890851,14.944167395161614,3.95762136298219,6.344622173896215,1.4456273716805341,0.8,5.418908013114581,3.087629203332406
2022-08,6,2023-02,2022-09-11T21:59:00+00:00,FOOD_ECM_R27,0.7963197693624768,0.6147540983606703,16.719492868462766,14.390590485521027,4.75078723879057,6.95749436803357,1.2849495624205218,0.7,6.695672143190715,3.78519057697493
2022-08,7,2023-03,2022-09-11T21:59:00+00:00,FOOD_ECM_R27,0.5478525796213287,0.1357773251866811,14.964925954793449,13.134692319065556,5.297144564870961,7.093179599162551,0.8609320957300591,0.2,7.552919353026052,3.984990843242236
2022-08,8,2023-04,2022-09-11T21:59:00+00:00,FOOD_ECM_R27,0.8406838429596348,-0.2033898305084824,12.71056661562021,12.076629450120446,6.134314342263121,6.889582650652677,1.3327226929629328,0.2,8.876839420583757,4.184791109509542
2022-08,9,2023-05,2022-09-11T21:59:00+00:00,FOOD_ECM_R27,0.8269729932096044,0.2717391304347893,11.0609480812641,11.047807085800244,6.957886649454799,7.1609532378123095,1.1373368964182693,0.1,10.007757265895181,4.284741142817895
2022-08,10,2023-06,2022-09-11T21:59:00+00:00,FOOD_ECM_R27,0.7616184286742617,0.3387533875338855,9.703703703703706,10.15300104132783,7.716619407578694,7.499134148550417,1.2444385938721856,0.5,11.244516368101133,4.783495293921802
2022-08,11,2023-07,2022-09-11T21:59:00+00:00,FOOD_ECM_R27,0.8845066584780764,0.4726536124240565,8.771929824561415,9.665110200709002,8.597237220487777,7.970674261074275,1.6338877419078732,1.0,12.865199799175533,5.77852837923861
2022-08,12,2023-08,2022-09-11T21:59:00+00:00,FOOD_ECM_R27,0.5361866698833032,0.2016129032258007,8.515283842794778,9.56194545970776,9.131991527457698,8.172084198244393,1.0854788385341259,0.2,13.944829604774498,5.978328645505916
2022-09,1,2022-10,2022-10-10T21:59:00+00:00,FOOD_ECM_R27,0.7339739627141852,-1.4440433212996373,15.092748735244497,16.891087617165777,0.7312934818544382,-1.4545711002378752,1.3434053256410954,1.2,1.3344616471630482,1.1928570865273802
2022-09,2,2022-11,2022-10-10T21:59:00+00:00,FOOD_ECM_R27,0.564852634631395,1.172161172161168,16.24579124579122,17.35345210958895,1.294556806024254,-0.28922652121467807,0.8962783577330763,0.4,2.2267472700347195,1.5920592134811256
2022-09,3,2022-12,2022-10-10T21:59:00+00:00,FOOD_ECM_R27,0.5535341183566213,0.0,15.758591785414907,17.508479199688836,1.8465645543419982,-0.28922652121467807,1.0277044017869725,0.4,3.2492066947663796,1.991261340434871
2022-09,4,2023-01,2022-10-10T21:59:00+00:00,FOOD_ECM_R27,1.4863761486492535,6.010137581462716,17.49598715890851,14.182448610059481,3.322002389171029,5.547227589981804,1.3646045375998024,0.8,4.604584350182179,2.7880783053525584
2022-09,5,2023-02,2022-10-10T21:59:00+00:00,FOOD_ECM_R27,0.7372708506953588,0.6147540983606703,16.719492868462766,13.5659714899037,4.056568683465298,6.160099784119159,1.2057845910829315,0.7,5.803157272446362,3.4856396789950823
2022-09,6,2023-03,2022-10-10T21:59:00+00:00,FOOD_ECM_R27,0.4880797132638292,0.1357773251866811,14.964925954793449,12.252356285963474,4.543461149272094,6.295785015248138,0.7834763937594191,0.2,6.5835804271438985,3.685439945262388
2022-09,7,2023-04,2022-10-10T21:59:00+00:00,FOOD_ECM_R27,0.7911028652806606,-0.2033898305084824,12.71056661562021,11.147869576243309,5.33145120209033,6.092188066738266,1.2560121348778475,0.2,7.831770161703124,3.885240211529694
2022-09,8,2023-05,2022-10-10T21:59:00+00:00,FOOD_ECM_R27,0.778956908937413,0.2717391304347893,11.0609480812641,10.075127646794662,6.107389905247261,6.363558653897898,1.0616585117522366,0.1,8.887832651727528,3.985190244838047
2022-09,9,2023-06,2022-10-10T21:59:00+00:00,FOOD_ECM_R27,0.7148554706483973,0.3387533875338855,9.703703703703706,9.137485629644967,6.819702396070909,6.701739564636005,1.1693882330485639,0.5,10.050436380815624,4.483944395941954
2022-09,10,2023-07,2022-10-10T21:59:00+00:00,FOOD_ECM_R27,0.8385819147962752,0.4726536124240565,8.771929824561415,8.604631098419615,7.654787746830974,7.173279677159863,1.5591174056464168,1.0,11.597524424507503,5.478977481258762
2022-09,11,2023-08,2022-10-10T21:59:00+00:00,FOOD_ECM_R27,0.5088190554685881,0.2016129032258007,8.515283842794778,8.680563020514859,8.162316692509256,7.3746896143299825,0.996725989021876,0.2,12.589315862255638,5.678777747526068
2022-09,12,2023-09,2022-10-10T21:59:00+00:00,FOOD_ECM_R27,0.17871073832058518,-0.7377598926894713,6.859205776173314,8.69859464774285,8.340867933187889,6.634194813672215,0.3699114742264119,-0.6,12.958544846542823,5.076970514969767
2022-10,1,2022-11,2022-11-09T22:59:00+00:00,FOOD_ECM_R27,0.652850924501598,1.172161172161168,16.24579124579122,18.71998042692532,0.6507290828220345,1.165344579023197,0.87477468566302,0.4,0.8709707000151748,0.39920212695374535
2022-10,2,2022-12,2022-11-09T22:59:00+00:00,FOOD_ECM_R27,0.5520274653335622,0.0,15.758591785414907,18.875031536425873,1.2012384608200095,1.165344579023197,1.0070364176516335,0.4,1.8729702928153475,0.7984042539074907
2022-10,3,2023-01,2022-11-09T22:59:00+00:00,FOOD_ECM_R27,1.484621699142181,6.010137581462716,17.49598715890851,15.50832433950801,2.674947526981871,7.00179869021968,1.3445608994571792,0.8,3.2085721890396677,1.595221218825178
2022-10,4,2023-02,2022-11-09T22:59:00+00:00,FOOD_ECM_R27,0.733566781596035,0.6147540983606703,16.719492868462766,14.880464481698638,3.4058367937288567,7.614670884357035,1.186326106628702,0.7,4.3879166103043765,2.2927825924677023
2022-10,5,2023-03,2022-11-09T22:59:00+00:00,FOOD_ECM_R27,0.4839543610475604,0.1357773251866811,14.964925954793449,13.546982912261482,3.888623860258734,7.750356115486015,0.764540257829782,0.2,5.149549070556043,2.492582858735008
2022-10,6,2023-04,2022-11-09T22:59:00+00:00,FOOD_ECM_R27,0.7791532033702276,-0.2033898305084824,12.71056661562021,12.416428432848559,4.664757340428313,7.546759166976141,1.2373417928955175,0.2,6.379298355912283,2.692383125002314
2022-10,7,2023-05,2022-11-09T22:59:00+00:00,FOOD_ECM_R27,0.7726792602203146,0.2717391304347893,11.0609480812641,11.324508050956377,5.434466723061286,7.818129754135773,1.0433071252512798,0.1,7.417200592928007,2.792333158310667
2022-10,8,2023-06,2022-11-09T22:59:00+00:00,FOOD_ECM_R27,0.7076842198805084,0.3387533875338855,9.703703703703706,10.368364386868052,6.139658609823505,8.156310664873882,1.151244021628852,0.5,8.56186822596287,3.2910873094145745
2022-10,9,2023-07,2022-11-09T22:59:00+00:00,FOOD_ECM_R27,0.8305664840218528,0.4726536124240565,8.771929824561415,9.82077009581758,6.966794870856874,8.62785077739774,1.5410853872576065,1.0,10.091199499165871,4.286120394731383
2022-10,10,2023-08,2022-11-09T22:59:00+00:00,FOOD_ECM_R27,0.500374717355962,0.2016129032258007,8.515283842794778,9.888319151713757,7.465921874356194,8.829260714567859,0.9789386890579441,0.2,11.065377626876614,4.485920660998689
2022-10,11,2023-09,2022-11-09T22:59:00+00:00,FOOD_ECM_R27,0.17150763027188967,-0.7377598926894713,6.859205776173314,9.20252994171215,7.637282598238338,8.088765913910091,0.3171882901270901,-0.6,11.382063936149626,3.884113428442387
2022-10,12,2023-10,2022-11-09T22:59:00+00:00,FOOD_ECM_R27,0.7614075566633655,0.0675675675675613,8.498168498168521,8.758328045823017,8.395806078033004,8.156310664873887,1.3110217883075557,0.3,12.684566214775446,4.183664326422235
2022-11,1,2022-12,2022-12-11T22:59:00+00:00,FOOD_ECM_R27,0.3923377075511698,0.0,15.758591785414907,15.737617185427103,0.391570070332432,0.0,0.9603518167560811,0.4,0.9557697513043553,0.39920212695374535
2022-11,2,2023-01,2022-12-11T22:59:00+00:00,FOOD_ECM_R27,1.4523503598162157,6.010137581462716,17.49598715890851,12.424004600224254,1.833474838568124,5.836454111196482,1.29949280668623,0.8,2.2468915922892023,1.1960190918714328
2022-11,3,2023-02,2022-12-11T22:59:00+00:00,FOOD_ECM_R27,0.7053906179542563,0.6147540983606703,16.719492868462766,11.781634781560497,2.5363892148676315,6.449326305333837,1.1427441966904233,0.7,3.383155787319513,1.893580465513957
2022-11,4,2023-03,2022-12-11T22:59:00+00:00,FOOD_ECM_R27,0.4674627064270906,0.1357773251866811,14.964925954793449,10.46599015030407,3.00276270751168,6.585011536462818,0.722267960356717,0.2,4.102827884540843,2.0933807317812625
2022-11,5,2023-04,2022-12-11T22:59:00+00:00,FOOD_ECM_R27,0.7513915997284044,-0.2033898305084824,12.71056661562021,9.33598517431156,3.751345422267957,6.381414587952944,1.1957777471606952,0.2,5.291512697429994,2.2931809980485682
2022-11,6,2023-05,2022-12-11T22:59:00+00:00,FOOD_ECM_R27,0.7419617964710049,0.2717391304347893,11.0609480812641,8.240981668032187,4.490568222063921,6.652785175112576,1.0025466377044707,0.1,6.289067174429228,2.3931310313569214
2022-11,7,2023-06,2022-12-11T22:59:00+00:00,FOOD_ECM_R27,0.6861381470615842,0.3387533875338855,9.703703703703706,7.288362888814776,5.174363153698222,6.990966085850683,1.111019731298539,0.5,7.393960417408079,2.891885182460829
2022-11,8,2023-07,2022-12-11T22:59:00+00:00,FOOD_ECM_R27,0.8012950803159653,0.4726536124240565,8.771929824561415,6.725058482626036,5.972464912263161,7.462506198374541,1.5011716514487596,1.0,8.883975996523452,3.886918267777637
2022-11,9,2023-08,2022-12-11T22:59:00+00:00,FOOD_ECM_R27,0.47445397072455836,0.2016129032258007,8.515283842794778,6.7631602854189214,6.445796897605895,7.66391613554466,0.9396163257656601,0.2,9.819205386921274,4.086718534044943
2022-11,10,2023-09,2022-12-11T22:59:00+00:00,FOOD_ECM_R27,0.14648927779395565,-0.7377598926894713,6.859205776173314,6.070376271808534,6.59217898452663,6.923421334886893,0.27841800239860437,-0.6,10.09723652430113,3.484911301488641
2022-11,11,2023-10,2022-12-11T22:59:00+00:00,FOOD_ECM_R27,0.7646107534268507,0.0675675675675613,8.498168498168521,8.44742963981802,7.35388140547303,6.990966085850689,1.2661881144743832,0.3,11.355475507379847,3.784462199468489
2022-11,12,2023-11,2022-12-11T22:59:00+00:00,FOOD_ECM_R27,0.5020821799395251,0.0675219446319985,7.313540912382349,8.17142741050475,7.854707355950374,7.058465244674024,0.8284909441428049,0.1,12.18055330408675,3.884412232776842
2022-12,1,2023-01,2023-01-10T22:59:00+00:00,FOOD_ECM_R27,1.2585733978457139,6.010137581462716,17.49598715890851,12.282887710668158,1.2507191948065115,5.836454111196482,1.14185578786162,0.8,1.1353858198807671,0.7968169649176874
2022-12,2,2023-02,2023-01-10T22:59:00+00:00,FOOD_ECM_R27,0.5950143214508794,0.6147540983606703,16.719492868462766,11.518961781667352,1.8439702968585805,6.449326305333837,0.9913361564576432,0.7,2.1218404743474926,1.4943783385602116
2022-12,3,2023-03,2023-01-10T22:59:00+00:00,FOOD_ECM_R27,0.3628550950326855,0.1357773251866811,14.964925954793449,10.0916608641634,2.2061686609662763,6.585011536462818,0.5762577548773415,0.2,2.6964442154376327,1.6941786048275174
2022-12,4,2023-04,2023-01-10T22:59:00+00:00,FOOD_ECM_R27,0.6559496658132948,-0.2033898305084824,12.71056661562021,8.86226191019948,2.859976338765634,6.381414587952944,1.0529139381538106,0.2,3.74385361974151,1.893978871094823
2022-12,5,2023-05,2023-01-10T22:59:00+00:00,FOOD_ECM_R27,0.6495053614283848,0.2717391304347893,11.0609480812641,7.6730944680731525,3.507381503144539,6.652785175112576,0.8630161225976062,0.1,4.603167046192204,1.9939289044031765
2022-12,6,2023-06,2023-01-10T22:59:00+00:00,FOOD_ECM_R27,0.5869860859032362,0.3387533875338855,9.703703703703706,6.620374231182115,4.092651537769453,6.990966085850683,0.9737904607595614,0.5,5.572246725051902,2.492683055507084
2022-12,7,2023-07,2023-01-10T22:59:00+00:00,FOOD_ECM_R27,0.7224697290758245,0.4726536124240565,8.771929824561415,5.977638973713575,4.812523956648644,7.462506198374541,1.3653813469297218,1.0,6.92839072919163,3.487716140823892
2022-12,8,2023-08,2023-01-10T22:59:00+00:00,FOOD_ECM_R27,0.39695507352138293,0.2016129032258007,8.515283842794778,5.933701092398624,5.208693242314796,7.66391613554466,0.8061433845544492,0.2,7.731302135928615,3.6875164070911977
2022-12,9,2023-09,2023-01-10T22:59:00+00:00,FOOD_ECM_R27,0.07043282700737852,-0.7377598926894713,6.859205776173314,5.166369911155639,5.279101277047157,6.923421334886893,0.14706406005387765,-0.6,7.878258162699479,3.085709174534896
2022-12,10,2023-10,2023-01-10T22:59:00+00:00,FOOD_ECM_R27,0.6875029817505439,0.0675675675675613,8.498168498168521,7.440884760827612,5.964251733348271,6.990966085850689,1.1345458737346186,0.3,9.006416333610682,3.3852600725147437
2022-12,11,2023-11,2023-01-10T22:59:00+00:00,FOOD_ECM_R27,0.4275905455523701,0.0675219446319985,7.313540912382349,6.650179828137241,6.390930708130549,7.058465244674024,0.656892103978808,0.1,9.661160303558354,3.485210105823097
2022-12,12,2023-12,2023-01-10T22:59:00+00:00,FOOD_ECM_R27,0.42068249051367446,-0.4048582995951344,6.879073135409149,7.048017344186526,6.810730803710137,6.652785175112593,0.8325869518604381,0.0,10.490300369257303,3.485210105823097
2023-01,1,2023-02,2023-02-09T22:59:00+00:00,FOOD_ECM_R27,0.5664657858116001,0.6147540983606703,16.719492868462766,15.41222610941152,0.5648674017375548,0.6128721941373546,0.8496537859423503,0.7,0.8460645445823802,0.6975613736425241
2023-01,2,2023-03,2023-02-09T22:59:00+00:00,FOOD_ECM_R27,0.27098524059207635,0.1357773251866811,14.964925954793449,13.830802786051882,0.8354861392899966,0.748557425266335,0.44054098520377327,0.2,1.2856379885576115,0.8973616399098298
2023-01,3,2023-04,2023-02-09T22:59:00+00:00,FOOD_ECM_R27,0.5722586149441129,-0.2033898305084824,12.71056661562021,12.466060191996105,1.406113574707165,0.5449604767564618,0.9208812160213832,0.2,2.20230494596213,1.0971619061771354
2023-01,4,2023-05,2023-02-09T22:59:00+00:00,FOOD_ECM_R27,0.5682327660242651,0.2717391304347893,11.0609480812641,11.147704086412825,1.972737988263598,0.8163310639160943,0.7346869380119334,0.1,2.9343062056859037,1.1971119394854888
2023-01,5,2023-06,2023-02-09T22:59:00+00:00,FOOD_ECM_R27,0.5100166350707923,0.3387533875338855,9.703703703703706,9.976793575492188,2.481458443780353,1.1545119746542023,0.8480877962945311,0.5,3.778817941956633,1.695866090589396
2023-01,6,2023-07,2023-02-09T22:59:00+00:00,FOOD_ECM_R27,0.6352272741951951,0.4726536124240565,8.771929824561415,9.219140950890516,3.114676653122798,1.62605208717806,1.2414137981020783,1.0,5.012589382817755,2.690899175906204
2023-01,7,2023-08,2023-02-09T22:59:00+00:00,FOOD_ECM_R27,0.326561620538111,0.2016129032258007,8.515283842794778,9.097311766087348,3.440706219209952,1.8274620243481785,0.6846280830626927,0.2,5.694884529724422,2.89069944217351
2023-01,8,2023-09,2023-02-09T22:59:00+00:00,FOOD_ECM_R27,0.002086375717783584,-0.7377598926894713,6.859205776173314,8.233093023594726,3.4427925731632203,1.0869672236904104,0.02774865892748204,-0.6,5.722629339423599,2.288892209617208
2023-01,9,2023-10,2023-02-09T22:59:00+00:00,FOOD_ECM_R27,0.6197776998023228,0.0675675675675613,8.498168498168521,10.4995591012281,4.060657549998263,1.1545119746542079,1.0151894238136727,0.3,6.732700327470019,2.588443107597056
2023-01,10,2023-11,2023-02-09T22:59:00+00:00,FOOD_ECM_R27,0.36112986355805055,0.0675219446319985,7.313540912382349,9.613756119660515,4.421136905313827,1.2220111334775423,0.5390034392024606,0.1,7.270256341918433,2.688393140905409
2023-01,11,2023-12,2023-02-09T22:59:00+00:00,FOOD_ECM_R27,0.3235354765747718,-0.4048582995951344,6.879073135409149,9.968395507913765,4.744150132004839,0.8163310639161105,0.6662867263037919,0.0,7.934333188871513,2.688393140905409
2023-01,12,2024-01,2023-02-09T22:59:00+00:00,FOOD_ECM_R27,1.2737310147522025,1.4905149051490652,2.3224043715847307,6.19410090557043,6.009837424842675,2.2958469555908225,1.0542224771942506,0.2,8.983037489598809,2.888193407172715
2023-02,1,2023-03,2023-03-09T22:59:00+00:00,FOOD_ECM_R27,0.18939100298730083,0.1357773251866811,14.964925954793449,14.931088900621953,0.18921188434797254,0.13568523112898034,0.3789941094309901,0.2,0.3782777361938207,0.19980026626730563
2023-02,2,2023-04,2023-03-09T22:59:00+00:00,FOOD_ECM_R27,0.5407147979340953,-0.2033898305084824,12.71056661562021,13.517539545373095,0.7284700682112629,-0.06791171738089281,0.8614294760012653,0.2,1.2360180795294113,0.39960053253461125
2023-02,3,2023-05,2023-03-09T22:59:00+00:00,FOOD_ECM_R27,0.528755827285011,0.2717391304347893,11.0609480812641,12.142820027710313,1.2558328901123421,0.20345886977873978,0.6772529763495116,0.1,1.910988000154245,0.49955056584296453
2023-02,4,2023-06,2023-03-09T22:59:00+00:00,FOOD_ECM_R27,0.47889485672647475,0.3387533875338855,9.703703703703706,10.92706830595532,1.733584693316835,0.5416397805168476,0.7921173976754061,0.5,2.699984617302023,0.998304716946872
2023-02,5,2023-07,2023-03-09T22:59:00+00:00,FOOD_ECM_R27,0.6052198736352787,0.4726536124240565,8.771929824561415,10.130020692681512,2.336980467649212,1.0131798930407054,1.186452464603829,1.0,3.879453915020985,1.9933378022636803
2023-02,6,2023-08,2023-03-09T22:59:00+00:00,FOOD_ECM_R27,0.28352381671611954,0.2016129032258007,8.515283842794778,9.959984895194426,2.6201031136894923,1.214589830210824,0.6309455126857052,0.2,4.508417299570125,2.193138068530986
2023-02,7,2023-09,2023-03-09T22:59:00+00:00,FOOD_ECM_R27,-0.02307344477787942,-0.7377598926894713,6.859205776173314,9.061486445858327,2.597027006582808,0.4740950295530558,-0.02480757044389309,-0.6,4.483606651539482,1.5913308359746843
2023-02,8,2023-10,2023-03-09T22:59:00+00:00,FOOD_ECM_R27,0.586092827149746,0.0675675675675613,8.498168498168521,11.308024082940694,3.1814089912178107,0.5416397805168531,0.962741397573887,0.3,5.4417432255582465,1.890881733954532
2023-02,9,2023-11,2023-03-09T22:59:00+00:00,FOOD_ECM_R27,0.33730565859844264,0.0675219446319985,7.313540912382349,10.389529147844007,3.518147050285072,0.6091389393401878,0.4873019079642775,0.1,5.927861660940738,1.9908317672628855
2023-02,10,2023-12,2023-03-09T22:59:00+00:00,FOOD_ECM_R27,0.2977250390209445,-0.4048582995951344,6.879073135409149,10.71818641657446,3.815429766032334,0.203458869778756,0.6149196517430227,0.0,6.540898396797281,1.9908317672628855
2023-02,11,2024-01,2023-03-09T22:59:00+00:00,FOOD_ECM_R27,1.274876354581468,1.4905149051490652,2.3224043715847307,5.772626046500079,5.08224798723759,1.6829747614534676,0.9619861150590923,0.2,7.498286887583148,2.190632033530191
2023-02,12,2024-02,2023-03-09T22:59:00+00:00,FOOD_ECM_R27,0.5189510793983421,0.26702269692922,1.9687712152070571,5.759617302383354,5.599857156092536,1.9496415861449752,0.8474945454932185,0.5,8.342210360299042,2.6893861846340985
2023-03,1,2023-04,2023-04-12T21:59:00+00:00,FOOD_ECM_R27,0.49856723087955873,-0.2033898305084824,12.71056661562021,13.681154880770588,0.49732850002568874,-0.20359694850987314,0.8468609926071498,0.2,0.8432952420602763,0.19980026626730563
2023-03,2,2023-05,2023-04-12T21:59:00+00:00,FOOD_ECM_R27,0.5168969808976583,0.2717391304347893,11.0609480812641,12.291205986221007,1.012894154233298,0.06777363864975944,0.6633309503084442,0.1,1.5044358335039378,0.2997502995756589
2023-03,3,2023-06,2023-04-12T21:59:00+00:00,FOOD_ECM_R27,0.4685842645836167,0.3387533875338855,9.703703703703706,11.062447809414982,1.4803839803311445,0.4059545493878673,0.7786759401015659,0.5,2.2800957391458585,0.7985044506795662
2023-03,4,2023-07,2023-04-12T21:59:00+00:00,FOOD_ECM_R27,0.5953966665862178,0.4726536124240565,8.771929824561415,10.25366110674469,2.0740151652444805,0.8774946619117253,1.1733571366928768,1.0,3.4466224194992146,1.7935375359963746
2023-03,5,2023-08,2023-04-12T21:59:00+00:00,FOOD_ECM_R27,0.27469544974166427,0.2016129032258007,8.515283842794778,10.073743321009188,2.348334016543815,1.0789045990818438,0.6182393012295182,0.2,4.06295846199495,1.9933378022636803
2023-03,6,2023-09,2023-04-12T21:59:00+00:00,FOOD_ECM_R27,-0.045503318362065615,-0.7377598926894713,6.859205776173314,9.149822023263496,2.302820342280201,0.33840979842407565,-0.03717885678381262,-0.6,4.025772692160663,1.3915305697073785
2023-03,7,2023-10,2023-04-12T21:59:00+00:00,FOOD_ECM_R27,0.5783668900795337,0.0675675675675613,8.498168498168521,11.389622864015465,2.8795211121669615,0.4059545493878729,0.9504516021872649,0.3,4.971735920575593,1.6910814676872263
2023-03,8,2023-11,2023-04-12T21:59:00+00:00,FOOD_ECM_R27,0.32983579530374063,0.0675219446319985,7.313540912382349,10.462230338543186,3.208814142372965,0.47345370821120736,0.4752321739005094,0.1,5.445842431314097,1.7910315009955797
2023-03,9,2023-12,2023-04-12T21:59:00+00:00,FOOD_ECM_R27,0.29040036352646453,-0.4048582995951344,6.879073135409149,10.783013057005755,3.498793658608256,0.06777363864977556,0.6029645045855435,0.0,6.04699637929453,1.7910315009955797
2023-03,10,2024-01,2023-04-12T21:59:00+00:00,FOOD_ECM_R27,1.267642884266673,1.4905149051490652,2.3224043715847307,5.826997868755301,4.758469211355498,1.5472895303244871,0.9500940200771899,0.2,6.992605391618589,1.9908317672628852
2023-03,11,2024-02,2023-04-12T21:59:00+00:00,FOOD_ECM_R27,0.49681632438400714,0.26702269692922,1.9687712152070571,5.702950449794531,5.254055475848584,1.813956355015995,0.7872757804179574,0.5,7.776798326026731,2.4895859183667928
2023-03,12,2024-03,2023-04-12T21:59:00+00:00,FOOD_ECM_R27,0.26824075043377216,0.1331557922769732,1.9661016949152728,5.677241450092319,5.521937102848302,1.9470235735865122,0.41720772403624284,0.1,8.193138151759761,2.589535951675146
2023-04,1,2023-05,2023-05-10T21:59:00+00:00,FOOD_ECM_R27,0.3615081175427737,0.2717391304347893,11.0609480812641,12.015251480655914,0.36085624751718925,0.2713705871596326,0.6186901419809181,0.1,0.6167841120947384,0.09995003330835331
2023-04,2,2023-06,2023-05-10T21:59:00+00:00,FOOD_ECM_R27,0.3839024856111687,0.3387533875338855,9.703703703703706,10.696132002670472,0.7440237081216488,0.6095514978977404,0.7357475144240129,0.5,1.349838207600568,0.5987041844122607
2023-04,3,2023-07,2023-05-10T21:59:00+00:00,FOOD_ECM_R27,0.5241657751727683,0.4726536124240565,8.771929824561415,9.812200566843943,1.266820516182734,1.0810916104215984,1.1316769646993208,1.0,2.475159613188099,1.593737269729069
2023-04,4,2023-08,2023-05-10T21:59:00+00:00,FOOD_ECM_R27,0.2121795584476317,0.2016129032258007,8.515283842794778,9.564652885944348,1.478775291711363,1.282501547591717,0.5779147170489674,0.2,3.051410809214223,1.7935375359963746
2023-04,5,2023-09,2023-05-10T21:59:00+00:00,FOOD_ECM_R27,-0.10084355318673799,-0.7377598926894713,6.859205776173314,8.584852947142284,1.377880857203631,0.5420067469339487,-0.07634511594200992,-0.6,2.9750365355472947,1.1917303034400728
2023-04,6,2023-10,2023-05-10T21:59:00+00:00,FOOD_ECM_R27,0.5195950873528651,0.0675675675675613,8.498168498168521,10.748308054579471,1.896130707128755,0.609551497897746,0.9116219897764526,0.3,3.8825283342391597,1.4912812014199206
2023-04,7,2023-11,2023-05-10T21:59:00+00:00,FOOD_ECM_R27,0.29248477067796486,0.0675219446319985,7.313540912382349,9.785368526837003,2.1881885733191586,0.6770506567210806,0.4371615154878249,0.1,4.318737074542259,1.591231234728274
2023-04,8,2023-12,2023-05-10T21:59:00+00:00,FOOD_ECM_R27,0.2565520864093082,-0.4048582995951344,6.879073135409149,10.067025180364753,2.4444121266489414,0.2713705871596488,0.5653069683588136,0.0,4.882452179517417,1.591231234728274
2023-04,9,2024-01,2023-05-10T21:59:00+00:00,FOOD_ECM_R27,1.2363882081554525,1.4905149051490652,2.3224043715847307,5.110589838765499,3.6732194777206026,1.7508864788343605,0.912677038985304,0.2,5.790989490780303,1.7910315009955795
2023-04,10,2024-02,2023-05-10T21:59:00+00:00,FOOD_ECM_R27,0.4680591121746754,0.26702269692922,1.9687712152070571,4.9573399832887795,4.140186599347908,2.017553303525868,0.7502150642344346,0.5,6.538404437682555,2.289785652099487
2023-04,11,2024-03,2023-05-10T21:59:00+00:00,FOOD_ECM_R27,0.21315310092040057,0.1331557922769732,1.9661016949152728,5.038441421926257,4.353112851345962,2.150620522096385,0.3266674525062865,0.1,6.864539491200602,2.38973568540784
2023-04,12,2024-04,2023-05-10T21:59:00+00:00,FOOD_ECM_R27,0.5361379204018023,0.6648936170212671,2.853260869565235,5.009242771247306,4.887818668816792,2.8133134708572713,0.8531807437927195,0.1,7.714101218020358,2.4896857187161934
2023-05,1,2023-06,2023-06-11T21:59:00+00:00,FOOD_ECM_R27,0.20947353905303565,0.3387533875338855,9.703703703703706,9.51563971245836,0.2092544491388014,0.33818091073810785,0.5255710179909626,0.5,0.5241947137143147,0.49875415110390736
2023-05,2,2023-07,2023-06-11T21:59:00+00:00,FOOD_ECM_R27,0.3764602994024947,0.4726536124240565,8.771929824561415,8.481502583170156,0.5850079101779657,0.8097210232619657,0.9287392347736801,1.0,1.448647684031532,1.4937872364207156
2023-05,3,2023-08,2023-06-11T21:59:00+00:00,FOOD_ECM_R27,0.0854589141717386,0.2016129032258007,8.515283842794778,8.100086510903601,0.6704303290105142,1.0111309604320842,0.38250520900178625,0.2,1.8304232020043034,1.6935875026880214
2023-05,4,2023-09,2023-06-11T21:59:00+00:00,FOOD_ECM_R27,-0.2257038288595716,-0.7377598926894713,6.859205776173314,6.999481628097,0.4444714051473911,0.27063615977431604,-0.26538298105666386,-0.6,1.5646874560575916,1.0917802701317196
2023-05,5,2023-10,2023-06-11T21:59:00+00:00,FOOD_ECM_R27,0.4038383918856074,0.0675675675675613,8.498168498168521,9.00567579518779,0.8474965585102072,0.33818091073811335,0.7248360018027041,0.3,2.2869091470885285,1.3913311681115674
2023-05,6,2023-11,2023-06-11T21:59:00+00:00,FOOD_ECM_R27,0.17184934698192203,0.0675219446319985,7.313540912382349,7.927912255828057,1.019198413453732,0.4056800695614479,0.2545351163165881,0.1,2.541120871425784,1.4912812014199208
2023-05,7,2023-12,2023-06-11T21:59:00+00:00,FOOD_ECM_R27,0.14820615112961932,-0.4048582995951344,6.879073135409149,8.087868060576973,1.167294847658631,1.6132928326584306e-14,0.3850760824430662,0.0,2.925457433791164,1.4912812014199208
2023-05,8,2024-01,2023-06-11T21:59:00+00:00,FOOD_ECM_R27,1.1320833490835427,1.4905149051490652,2.3224043715847307,3.1142071042691746,2.2930180893275165,1.4795158916747277,0.7339337350967897,0.2,3.6567109811291276,1.6910814676872263
2023-05,9,2024-02,2023-06-11T21:59:00+00:00,FOOD_ECM_R27,0.367269821176551,0.26702269692922,1.9687712152070571,2.860574868705928,2.659615121693322,1.7461827163662353,0.5734449426427796,0.5,4.228517987054339,2.189835618791134
2023-05,10,2024-03,2023-06-11T21:59:00+00:00,FOOD_ECM_R27,0.11534945608003408,0.1331557922769732,1.9661016949152728,2.8395911362600432,2.7748981014034433,1.8792499349367526,0.15198314839818813,0.1,4.380385757953651,2.289785652099487
2023-05,11,2024-04,2023-06-11T21:59:00+00:00,FOOD_ECM_R27,0.3362968420439432,0.6648936170212671,2.853260869565235,3.3957338414352853,3.1106307302178595,2.5419428836976383,0.5943755245602448,0.1,4.973001839549497,2.38973568540784
2023-05,12,2024-05,2023-06-11T21:59:00+00:00,FOOD_ECM_R27,0.4365639789652333,0.0,2.574525745257463,3.609873705187186,3.546244533058508,2.5419428836976383,0.48788270879214846,0.1,5.459698257561017,2.4896857187161934
2023-06,1,2023-07,2023-07-12T21:59:00+00:00,FOOD_ECM_R27,0.30735532241376046,0.4726536124240565,8.771929824561415,8.264283988504237,0.3068839515513234,0.4715401125238579,0.8209120044213005,1.0,0.8175608493574427,0.9950330853168083
2023-06,2,2023-08,2023-07-12T21:59:00+00:00,FOOD_ECM_R27,-0.011573934120558231,0.2016129032258007,8.515283842794778,7.779038470587975,0.2953093475993257,0.6729500496939764,0.2793514874042404,0.2,1.096522875635811,1.1948333515841139
2023-06,3,2023-09,2023-07-12T21:59:00+00:00,FOOD_ECM_R27,-0.3140620068518241,-0.7377598926894713,6.859205776173314,6.587227047810742,-0.01924686899452757,-0.0675447509637917,-0.3646199753185503,-0.6,0.7312365414069937,0.5930261190278122
2023-06,4,2023-10,2023-07-12T21:59:00+00:00,FOOD_ECM_R27,0.32380668147394465,0.0675675675675613,8.498168498168521,8.49913816898627,0.3040366876158909,5.594483210025203e-15,0.6272403906706571,0.3,1.3565179668856628,0.8925770170076601
2023-06,5,2023-11,2023-07-12T21:59:00+00:00,FOOD_ECM_R27,0.09724962992019043,0.0675219446319985,7.313540912382349,7.34638058636844,0.40123906071905474,0.0674991588233402,0.15948676204308032,0.1,1.5158776838545207,0.9925270503160134
2023-06,6,2023-12,2023-07-12T21:59:00+00:00,FOOD_ECM_R27,0.0741870016486203,-0.4048582995951344,6.879073135409149,7.426017647503783,0.47539855741416653,-0.33818091073809164,0.2915794298443086,0.0,1.8070328453986,0.9925270503160134
2023-06,7,2024-01,2023-07-12T21:59:00+00:00,FOOD_ECM_R27,1.0732462781734464,1.4905149051490652,2.3224043715847307,2.4231888202756617,1.5429264264100508,1.14133498093662,0.6414572126864029,0.2,2.4464414771529395,1.192327316583319
2023-06,8,2024-02,2023-07-12T21:59:00+00:00,FOOD_ECM_R27,0.3110532417003398,0.26702269692922,1.9687712152070571,2.114029289296822,1.8534968983694118,1.4080018056281278,0.4821900913252883,0.5,2.927472755684669,1.6910814676872263
2023-06,9,2024-03,2023-07-12T21:59:00+00:00,FOOD_ECM_R27,0.061346821064706784,0.1331557922769732,1.9661016949152728,2.0381283587707975,1.9148249099641264,1.5410690241986449,0.06196658541874121,0.1,2.9894201497426125,1.7910315009955797
2023-06,10,2024-04,2023-07-12T21:59:00+00:00,FOOD_ECM_R27,0.2836040131553331,0.6648936170212671,2.853260869565235,2.536060505416904,2.198027525678482,2.203761972959531,0.504649070791043,0.1,3.49280013493878,1.8909815343039331
2023-06,11,2024-05,2023-07-12T21:59:00+00:00,FOOD_ECM_R27,0.3843543692126319,0.0,2.574525745257463,2.6512188046275735,2.581645140713271,2.203761972959531,0.3632040231086767,0.1,3.855346164992317,1.9909315676122865
2023-06,12,2024-06,2023-07-12T21:59:00+00:00,FOOD_ECM_R27,0.3243657334337836,-0.264200792602387,1.958136394328148,2.948106967405314,2.9054859433260942,1.9392115541171144,0.5082394551041471,0.1,4.362298442830827,2.09088160092064
2023-07,1,2023-08,2023-08-09T21:59:00+00:00,FOOD_ECM_R27,0.060061229602077194,0.2016129032258007,8.515283842794778,8.268718758261386,0.060043200064384114,0.20140993717011857,0.31819406963841407,0.2,0.31768890363050056,0.19980026626730563
2023-07,2,2023-09,2023-08-09T21:59:00+00:00,FOOD_ECM_R27,-0.2897133690906673,-0.7377598926894713,6.859205776173314,7.0976450777786235,-0.23009065053122912,-0.5390848634876496,-0.32746833889002014,-0.6,-0.010316786247989207,-0.402006966288996
2023-07,3,2023-10,2023-08-09T21:59:00+00:00,FOOD_ECM_R27,0.34606591544246157,0.0675675675675613,8.498168498168521,9.042900241929365,0.11537783476006157,-0.47154011252385236,0.6635971971016263,0.3,0.6510882971795637,-0.10245606830914811
2023-07,4,2023-11,2023-08-09T21:59:00+00:00,FOOD_ECM_R27,0.12004661181777242,0.0675219446319985,7.313540912382349,7.908935901171814,0.23535244824806567,-0.40404095370051774,0.19474717225877686,0.1,0.8456460829761503,-0.0025060350007947985
2023-07,5,2023-12,2023-08-09T21:59:00+00:00,FOOD_ECM_R27,0.09543626246563638,-0.4048582995951344,6.879073135409149,8.011920156462333,0.3307431992667159,-0.8097210232619495,0.32614345326558236,0.0,1.1712588420510341,-0.0025060350007947985
2023-07,6,2024-01,2023-08-09T21:59:00+00:00,FOOD_ECM_R27,1.0847522923516406,1.4905149051490652,2.3224043715847307,2.993529135335056,1.409654257918195,0.6697948684127621,0.6755454357792863,0.2,1.844532694298639,0.19729423126651083
2023-07,7,2024-02,2023-08-09T21:59:00+00:00,FOOD_ECM_R27,0.3331742243700404,0.26702269692922,1.9687712152070571,2.7052920351635774,1.7422746866978371,0.9364616931042697,0.5157480222254955,0.5,2.3589552916936025,0.6960483823704182
2023-07,8,2024-03,2023-08-09T21:59:00+00:00,FOOD_ECM_R27,0.08256728923909767,0.1331557922769732,1.9661016949152728,2.650716613399476,1.8248079079020854,1.0695289116747873,0.0950046925120986,0.1,2.4539148833107554,0.7959984156787715
2023-07,9,2024-04,2023-08-09T21:59:00+00:00,FOOD_ECM_R27,0.30433413560293154,0.6648936170212671,2.853260869565235,3.172961095197185,2.128679884608653,1.7322218604356732,0.5375284134121469,0.1,2.9900037690229118,0.8959484489871248
2023-07,10,2024-05,2023-08-09T21:59:00+00:00,FOOD_ECM_R27,0.4046144943629698,0.0,2.574525745257463,3.309681021189885,2.5324780158677793,1.7322218604356732,0.3957934947685382,0.1,3.3850160619578613,0.9958984822954781
2023-07,11,2024-06,2023-08-09T21:59:00+00:00,FOOD_ECM_R27,0.3396172917271155,-0.264200792602387,1.958136394328148,3.310570504700714,2.871519910468085,1.4676714415932566,0.5324325929441127,0.1,3.9160362437784757,1.0958485156038313
2023-07,12,2024-07,2023-08-09T21:59:00+00:00,FOOD_ECM_R27,0.4677311669203082,0.6622516556291425,2.150537634408578,3.394502373853967,3.3381606141347957,2.127739844728466,0.929771863243295,1.1,4.84151233515609,2.189842519437268
2023-08,1,2023-09,2023-09-10T21:59:00+00:00,FOOD_ECM_R27,-0.2523961772867753,-0.7377598926894713,6.859205776173314,7.674280298341264,-0.2527152334083592,-0.7404948006577682,-0.27887236443748725,-0.6,-0.27926193785936493,-0.6018072325563016
2023-08,2,2023-10,2023-09-10T21:59:00+00:00,FOOD_ECM_R27,0.35805989802382004,0.0675675675675613,8.498168498168521,9.6431127637047,0.10470515625661965,-0.6729500496939709,0.7108016850577357,0.3,0.42902545939035586,-0.30225633457645373
2023-08,3,2023-11,2023-09-10T21:59:00+00:00,FOOD_ECM_R27,0.1343903130770548,0.0675219446319985,7.313540912382349,8.518451335035369,0.2390052463773258,-0.6054508908706363,0.2402390617479214,0.1,0.6689764084515449,-0.20230630126810042
2023-08,4,2023-12,2023-09-10T21:59:00+00:00,FOOD_ECM_R27,0.111332885080454,-0.4048582995951344,6.879073135409149,8.639268057751295,0.35027620236198215,-1.0111309604320682,0.37049925982046755,0.0,1.038791010344979,-0.20230630126810042
2023-08,5,2024-01,2023-09-10T21:59:00+00:00,FOOD_ECM_R27,1.1020517910971115,1.4905149051490652,2.3224043715847307,3.609458079245916,1.4462996525625618,0.4683849312426436,0.7190958042680758,0.2,1.755313649054292,-0.0025060350007947985
2023-08,6,2024-02,2023-09-10T21:59:00+00:00,FOOD_ECM_R27,0.34362020589078285,0.26702269692922,1.9687712152070571,3.3302541402464843,1.7893308331780944,0.7350517559341512,0.5584625593465935,0.5,2.31222258782549,0.4962481161031126
2023-08,7,2024-03,2023-09-10T21:59:00+00:00,FOOD_ECM_R27,0.10378046980182268,0.1331557922769732,1.9661016949152728,3.2972365386766755,1.893057488279903,0.8681189745046682,0.1369296400646655,0.1,2.4490585647504983,0.5961981494114659
2023-08,8,2024-04,2023-09-10T21:59:00+00:00,FOOD_ECM_R27,0.3260882175274208,0.6648936170212671,2.853260869565235,3.8452874101152097,2.218615191163583,1.5308119232655544,0.5791479206192957,0.1,3.0265358709158074,0.6961481827198192
2023-08,9,2024-05,2023-09-10T21:59:00+00:00,FOOD_ECM_R27,0.42668493793875095,0.0,2.574525745257463,4.0057552752662335,2.6443924100719123,1.5308119232655544,0.43696224956354063,0.1,3.4625462124201474,0.7960982160281724
2023-08,10,2024-06,2023-09-10T21:59:00+00:00,FOOD_ECM_R27,0.3619935133082319,-0.264200792602387,1.958136394328148,4.029844739727862,3.0057323037605914,1.266261504423138,0.5733432900536856,0.1,4.034252145303142,0.8960482493365257
2023-08,11,2024-07,2023-09-10T21:59:00+00:00,FOOD_ECM_R27,0.486462362112521,0.6622516556291425,2.150537634408578,4.044142382265324,3.49101526108473,1.926329907558347,0.98796703917144,1.1,5.017370698265198,1.9900422531699622
2023-08,12,2024-08,2023-09-10T21:59:00+00:00,FOOD_ECM_R27,0.16867077207980408,0.263157894736854,2.213279678068404,3.7273296073928743,3.659543943770844,2.18914214818531,0.4126785876373257,0.2,5.429200103280611,2.189842519437268
2023-09,1,2023-10,2023-10-09T21:59:00+00:00,FOOD_ECM_R27,0.3527562116478615,0.0675675675675613,8.498168498168521,9.343254866635899,0.35213548626017677,0.06754475096379729,0.6524645063025148,0.3,0.6503451702579208,0.2995508979798479
2023-09,2,2023-11,2023-10-09T21:59:00+00:00,FOOD_ECM_R27,0.08306341694355861,0.0675219446319985,7.313540912382349,8.166196948294145,0.43516442463895866,0.13504390978713188,0.18440032029482398,0.1,0.8345756818818959,0.3995009312882012
2023-09,3,2023-12,2023-10-09T21:59:00+00:00,FOOD_ECM_R27,0.06653515904616845,-0.4048582995951344,6.879073135409149,8.238165499467884,0.5016774588614944,-0.27063615977429994,0.31637099610848907,0.0,1.1504472779817845,0.3995009312882012
2023-09,4,2024-01,2023-10-09T21:59:00+00:00,FOOD_ECM_R27,1.0593191848659897,1.4905149051490652,2.3224043715847307,3.1832951522158286,1.5554251699717934,1.2088797319004116,0.6662109561044244,0.2,1.8144488562124872,0.5993011975555068
2023-09,5,2024-02,2023-10-09T21:59:00+00:00,FOOD_ECM_R27,0.30451973529896437,0.26702269692922,1.9687712152070571,2.8651409795299636,1.8594821830737664,1.4755465565919192,0.5068053702606856,0.5,2.319974290757022,1.0980553486594142
2023-09,6,2024-03,2023-10-09T21:59:00+00:00,FOOD_ECM_R27,0.06051126880970903,0.1331557922769732,1.9661016949152728,2.7878234242365365,1.91997515119749,1.6086137751624363,0.08639982086009809,0.1,2.4063368084569263,1.1980053819677676
2023-09,7,2024-04,2023-10-09T21:59:00+00:00,FOOD_ECM_R27,0.2931952111725764,0.6648936170212671,2.853260869565235,3.299292656435307,2.2127413835032406,2.2713067239233222,0.5291268404417727,0.1,2.934068691398378,1.297955415276121
2023-09,8,2024-05,2023-10-09T21:59:00+00:00,FOOD_ECM_R27,0.3953656697252768,0.0,2.574525745257463,3.4266519121240737,2.607327537115082,2.2713067239233227,0.38759656723243036,0.1,3.320916038479858,1.3979054485844744
2023-09,9,2024-06,2023-10-09T21:59:00+00:00,FOOD_ECM_R27,0.3318894715739838,-0.264200792602387,1.958136394328148,3.4195767609708896,2.938667471151483,2.006756305080906,0.5243789604550603,0.1,3.8439249199807906,1.4978554818928278
2023-09,10,2024-07,2023-10-09T21:59:00+00:00,FOOD_ECM_R27,0.45723309479422,0.6622516556291425,2.150537634408578,3.4037039503167117,3.3948584308809817,2.6668247082161156,0.9391771037423512,1.1,4.778719175993422,2.5918494857262644
2023-09,11,2024-08,2023-10-09T21:59:00+00:00,FOOD_ECM_R27,0.11583818107530378,0.263157894736854,2.213279678068404,3.3151881697949275,3.5106295713027653,2.9296369488430782,0.33784246266721946,0.2,5.115992233114806,2.79164975199357
2023-09,12,2024-09,2023-10-09T21:59:00+00:00,FOOD_ECM_R27,-0.18147972778357632,-0.3937007874015741,2.567567567567563,3.3850156970404486,3.3289849695557976,2.5351591197414445,-0.2921658695096892,-0.7,4.823398725984689,2.089188258297124
2023-10,1,2023-11,2023-11-09T22:59:00+00:00,FOOD_ECM_R27,-0.03759323167097223,0.0675219446319985,7.313540912382349,7.439742597471269,-0.037600299697764863,0.0674991588233346,0.09811226314411288,0.1,0.09806416452107745,0.09995003330835331
2023-10,2,2023-12,2023-11-09T22:59:00+00:00,FOOD_ECM_R27,0.000611695868055085,-0.4048582995951344,6.879073135409149,7.440399801937386,-0.036988605700561325,-0.3381809107380972,0.23329652299955225,0.0,0.33108897369961887,0.09995003330835331
2023-10,3,2024-01,2023-11-09T22:59:00+00:00,FOOD_ECM_R27,1.001879161421208,1.4905149051490652,2.3224043715847307,2.3645712138725146,0.9599050181707033,1.1413349809366145,0.5855179338269221,0.2,0.914899413154215,0.2997502995756589
2023-10,4,2024-02,2023-11-09T22:59:00+00:00,FOOD_ECM_R27,0.24989856227624424,0.26702269692922,1.9687712152070571,1.9933703811419763,1.2094918532163803,1.408001805628122,0.4283737226284535,0.5,1.3423582274388361,0.7985044506795662
2023-10,5,2024-03,2023-11-09T22:59:00+00:00,FOOD_ECM_R27,0.011934760789764095,0.1331557922769732,1.9661016949152728,1.8672304451781678,1.2214259018702294,1.5410690241986393,0.009996011820914408,0.1,1.35235373969178,0.8984544839879195
2023-10,6,2024-04,2023-11-09T22:59:00+00:00,FOOD_ECM_R27,0.2411834298806151,0.6648936170212671,2.853260869565235,2.3210278906916537,1.4623189513225308,2.2037619729595255,0.4537509152788585,0.1,1.805078309036634,0.9984045172962728
2023-10,7,2024-05,2023-11-09T22:59:00+00:00,FOOD_ECM_R27,0.35349321947966894,0.0,2.574525745257463,2.4044528167763373,1.815188852015641,2.2037619729595255,0.3134179170822088,0.1,2.1180060960018072,1.0983545506046262
2023-10,8,2024-06,2023-11-09T22:59:00+00:00,FOOD_ECM_R27,0.2917403190841193,-0.264200792602387,1.958136394328148,2.3564718783323273,2.106504434914808,1.9392115541171089,0.45097336208554584,0.1,2.567965620170665,1.1983045839129796
2023-10,9,2024-07,2023-11-09T22:59:00+00:00,FOOD_ECM_R27,0.41819773258761145,0.6622516556291425,2.150537634408578,2.3009949745910316,2.5238301511078656,2.5992799572523184,0.8661707983775836,1.1,3.4304066810786082,2.2922985877464157
2023-10,10,2024-08,2023-11-09T22:59:00+00:00,FOOD_ECM_R27,0.07810940538405359,0.263157894736854,2.213279678068404,2.174903883380202,2.601909066971628,2.862092197879281,0.26582949347816215,0.2,3.6958834728772123,2.4920988540137214
2023-10,11,2024-09,2023-11-09T22:59:00+00:00,FOOD_ECM_R27,-0.30188399050063475,-0.3937007874015741,2.567567567567563,2.623569744266269,2.299568487608394,2.4676143687776473,-0.41293122215373046,-0.7,3.2820973354660135,1.7896373603172755
2023-10,12,2024-10,2023-11-09T22:59:00+00:00,FOOD_ECM_R27,0.3928015554437483,0.3293807641633783,2.8359216745442346,2.7281513574302454,2.6916005920278923,2.7964538627363105,0.6191701822768689,0.4,3.8993585350185276,2.1888394872710206
2023-11,1,2023-12,2023-12-10T22:59:00+00:00,FOOD_ECM_R27,-0.151103066490275,-0.4048582995951344,6.879073135409149,7.141718207045777,-0.15121734230446887,-0.4056800695614318,0.14373142602376265,0.0,0.1436282312799784,0.0
2023-11,2,2024-01,2023-12-10T22:59:00+00:00,FOOD_ECM_R27,0.9219345931731062,1.4905149051490652,2.3224043715847307,1.9992023761173416,0.7664933749658731,1.07383582211328,0.49908275922916184,0.2,0.6414697008350418,0.19980026626730563
2023-11,3,2024-02,2023-12-10T22:59:00+00:00,FOOD_ECM_R27,0.17669390704028368,0.26702269692922,1.9687712152070571,1.5551145233186559,0.9430313619626901,1.3405026468047876,0.3448250893135708,0.5,0.9857016316193548,0.698554417371213
2023-11,4,2024-03,2023-12-10T22:59:00+00:00,FOOD_ECM_R27,-0.05353686810363869,0.1331557922769732,1.9661016949152728,1.3631169666606282,0.8894801577608593,1.4735698653753047,-0.0710124763259969,0.1,0.91466392949137,0.7985044506795663
2023-11,5,2024-04,2023-12-10T22:59:00+00:00,FOOD_ECM_R27,0.17818929196605277,0.6648936170212671,2.853260869565235,1.7506857343545659,1.0675108809484999,2.1362628141361903,0.37414446975590976,0.1,1.2881102197507992,0.8984544839879196
2023-11,6,2024-05,2023-12-10T22:59:00+00:00,FOOD_ECM_R27,0.28932863008953635,0.0,2.574525745257463,1.7685346683325287,1.3564217613427558,2.1362628141361903,0.2353299233251183,0.1,1.5231636758669502,0.9984045172962729
2023-11,7,2024-06,2023-12-10T22:59:00+00:00,FOOD_ECM_R27,0.24156678444782603,-0.264200792602387,1.958136394328148,1.6699632006637872,1.5976972422678912,1.8717123952937738,0.37390564145639144,0.1,1.8963720277759086,1.0983545506046262
2023-11,8,2024-07,2023-12-10T22:59:00+00:00,FOOD_ECM_R27,0.3694432739553711,0.6622516556291425,2.150537634408578,1.5655229282438128,1.9664597507395802,2.5317807984289833,0.7896901494895322,1.1,2.68296044329525,2.1923485544380625
2023-11,9,2024-08,2023-12-10T22:59:00+00:00,FOOD_ECM_R27,0.031006551051098126,0.263157894736854,2.213279678068404,1.3925943408543182,1.9974614957530699,2.7945930390559464,0.1905242351257551,0.2,2.8733034112022904,2.3921488207053683
2023-11,10,2024-09,2023-12-10T22:59:00+00:00,FOOD_ECM_R27,-0.34763861679406893,-0.3937007874015741,2.567567567567563,1.7910883525533934,1.649217211823598,2.400115209954312,-0.48715443902518474,-0.7,2.3849585070971586,1.6896873270089223
2023-11,11,2024-10,2023-12-10T22:59:00+00:00,FOOD_ECM_R27,0.34779659143217895,0.3293807641633783,2.8359216745442346,2.0761439207113046,1.996410389607367,2.7289547039129753,0.5036924152221399,0.4,2.8873866357068403,2.0888894539626675
2023-11,12,2024-11,2023-12-10T22:59:00+00:00,FOOD_ECM_R27,0.10300470653929558,0.0656598818122189,2.834008097166013,2.1215537106167743,2.0993620826999235,2.7945930390559584,0.07014353056791948,0.0,2.9575055771981162,2.0888894539626675
2023-12,1,2024-01,2024-01-10T22:59:00+00:00,FOOD_ECM_R27,0.9301119123896938,1.4905149051490652,2.3224043715847307,2.035096640876078,0.9258130074007873,1.4795158916747118,0.5413705465015295,0.2,0.5399104036433998,0.19980026626730563
2023-12,2,2024-02,2024-01-10T22:59:00+00:00,FOOD_ECM_R27,0.21758338638410563,0.26702269692922,1.9687712152070571,1.6323192118338432,1.1431600239403192,1.7461827163662194,0.38546857725152656,0.5,0.9246379544469756,0.698554417371213
2023-12,3,2024-03,2024-01-10T22:59:00+00:00,FOOD_ECM_R27,-0.015084653172240614,0.1331557922769732,1.9661016949152728,1.479202582083108,1.1280742329198437,1.8792499349367366,-0.031795677466720046,0.1,0.8928372210829948,0.7985044506795663
2023-12,4,2024-04,2024-01-10T22:59:00+00:00,FOOD_ECM_R27,0.2122971881530513,0.6648936170212671,2.853260869565235,1.9018981737054348,1.3401463890272614,2.5419428836976223,0.4125248890840514,0.1,1.3045135591022208,0.8984544839879196
2023-12,5,2024-05,2024-01-10T22:59:00+00:00,FOOD_ECM_R27,0.32281828715916006,0.0,2.574525745257463,1.9538077453600633,1.6624447366266166,2.5419428836976223,0.27284952568042076,0.1,1.576991526174803,0.9984045172962729
2023-12,6,2024-06,2024-01-10T22:59:00+00:00,FOOD_ECM_R27,0.26247323933769445,-0.264200792602387,1.958136394328148,1.8762997905427947,1.9245741165187298,2.277392464855206,0.4108300357647515,0.1,1.9869799595975002,1.0983545506046262
2023-12,7,2024-07,2024-01-10T22:59:00+00:00,FOOD_ECM_R27,0.39655917861086865,0.6622516556291425,2.150537634408578,1.7991422847656677,2.320349071808236,2.9374608679904153,0.8262476932446625,1.1,2.809832913076426,2.1923485544380625
2023-12,8,2024-08,2024-01-10T22:59:00+00:00,FOOD_ECM_R27,0.05626390812822227,0.263157894736854,2.213279678068404,1.6514759687835445,2.376597157734184,3.2002731086173783,0.2264510850680706,0.2,3.036027984099728,2.3921488207053683
2023-12,9,2024-09,2024-01-10T22:59:00+00:00,FOOD_ECM_R27,-0.32402012314668355,-0.3937007874015741,2.567567567567563,2.0751744284953286,2.052050952671585,2.8057952795157446,-0.45179905241378854,-0.7,2.583205235236199,1.6896873270089223
2023-12,10,2024-10,2024-01-10T22:59:00+00:00,FOOD_ECM_R27,0.3705411380298055,0.3293807641633783,2.8359216745442346,2.384226410110408,2.421907278179936,3.1346347734744073,0.5391344527722941,0.4,3.120891560787756,2.0888894539626675
2023-12,11,2024-11,2024-01-10T22:59:00+00:00,FOOD_ECM_R27,0.1362578104286043,0.0656598818122189,2.834008097166013,2.454553608280745,2.558072341894228,3.200273108617391,0.09782365738758572,0.0,3.2186674020167545,2.0888894539626675
2023-12,12,2024-12,2024-01-10T22:59:00+00:00,FOOD_ECM_R27,0.08651140234032723,-0.2624671916010568,2.981029810298109,2.6798247697518107,2.6445463446892408,2.9374608679904326,0.23136225051837567,0.0,3.449762422181042,2.0888894539626675
2024-01,1,2024-02,2024-02-14T22:59:00+00:00,FOOD_ECM_R27,0.28574173051090856,0.26702269692922,1.9687712152070571,1.426472509493586,0.28533426484321905,0.2666668246915076,0.32210992816518885,0.5,0.3215922654668292,0.49875415110390736
2024-01,2,2024-03,2024-02-14T22:59:00+00:00,FOOD_ECM_R27,-0.043202159494227343,0.1331557922769732,1.9661016949152728,1.2451860775343115,0.24212277052740708,0.3997340432620249,-0.09246709285552189,0.1,0.229082395423087,0.5987041844122607
2024-01,3,2024-04,2024-02-14T22:59:00+00:00,FOOD_ECM_R27,0.1926682735416953,0.6648936170212671,2.853260869565235,1.6469930765292955,0.4346056768086995,1.0624269920229108,0.3535315741625363,0.1,0.5819905156881398,0.698654217720614
2024-01,4,2024-05,2024-02-14T22:59:00+00:00,FOOD_ECM_R27,0.2948370688742921,0.0,2.574525745257463,1.670407809424156,0.7290089536410747,1.0624269920229108,0.21549434048145355,0.1,0.7972530001470194,0.7986042510289673
2024-01,5,2024-06,2024-02-14T22:59:00+00:00,FOOD_ECM_R27,0.23751689880535373,-0.264200792602387,1.958136394328148,1.5678277519017076,0.9662442269110098,0.7978765731804942,0.3546425126284731,0.1,1.1512681390683903,0.8985542843373205
2024-01,6,2024-07,2024-02-14T22:59:00+00:00,FOOD_ECM_R27,0.3651966567337833,0.6622516556291425,2.150537634408578,1.459199491635037,1.3307756597460398,1.4579449763157035,0.7708291178550809,1.1,1.9191415485358914,1.9925482881707568
2024-01,7,2024-08,2024-02-14T22:59:00+00:00,FOOD_ECM_R27,0.02261993991282967,0.263157894736854,2.213279678068404,1.277960065979195,1.3533930417361875,1.7207572169426664,0.17215855037101482,0.2,2.091152075939689,2.1923485544380625
2024-01,8,2024-09,2024-02-14T22:59:00+00:00,FOOD_ECM_R27,-0.3556639591581784,-0.3937007874015741,2.567567567567563,1.667815227979567,0.997095094627971,1.3262793878410322,-0.5050913939987707,-0.7,1.5847807837701926,1.4898870607416166
2024-01,9,2024-10,2024-02-14T22:59:00+00:00,FOOD_ECM_R27,0.33951540157893456,0.3293807641633783,2.8359216745442346,1.944111962396029,1.3360354438938782,1.6551188817996954,0.48582289359549397,0.4,2.069427366266612,1.889089187695362
2024-01,10,2024-11,2024-02-14T22:59:00+00:00,FOOD_ECM_R27,0.10620418421836335,0.0656598818122189,2.834008097166013,1.983519619213298,1.4421832713671323,1.7207572169426786,0.0451533294226973,0.0,2.1145705046411356,1.889089187695362
2024-01,11,2024-12,2024-02-14T22:59:00+00:00,FOOD_ECM_R27,0.023095926693853946,-0.2624671916010568,2.981029810298109,2.4217365591937225,1.4652765313624283,1.4579449763157206,0.14648499342493304,0.0,2.260948313459717,1.889089187695362
2024-01,12,2025-01,2024-02-14T22:59:00+00:00,FOOD_ECM_R27,1.0347612012369078,1.3157894736842035,2.8037383177569937,2.526099276177281,2.494720726305364,2.7651531330509904,0.5239767903052718,0.5,2.783557121905302,2.3878433387992692
2024-02,1,2024-03,2024-03-10T22:59:00+00:00,FOOD_ECM_R27,-0.006814775642015339,0.1331557922769732,1.9661016949152728,1.8272221028012154,-0.006815007858400671,0.13306721857051723,-0.19273501998586165,0.1,-0.1929209929205739,0.09995003330835331
2024-02,2,2024-04,2024-03-10T22:59:00+00:00,FOOD_ECM_R27,0.16204346775900916,0.6648936170212671,2.853260869565235,2.200091056598794,0.15509731113295044,0.7957601673314031,0.25664833489797056,0.1,0.06339856255615967,0.19990006661670662
2024-02,3,2024-05,2024-03-10T22:59:00+00:00,FOOD_ECM_R27,0.26603568257889765,0.0,2.574525745257463,2.1942779242519976,0.4207797451625828,0.7957601673314031,0.12180608957352579,0.1,0.18513052869752983,0.29985009992505995
2024-02,4,2024-06,2024-03-10T22:59:00+00:00,FOOD_ECM_R27,0.20079755555356146,-0.264200792602387,1.958136394328148,2.0537709301076963,0.6213759718884236,0.5312097484889866,0.26327702463789365,0.1,0.44806158647803923,0.39980013323341324
2024-02,5,2024-07,2024-03-10T22:59:00+00:00,FOOD_ECM_R27,0.3306638470929973,0.6622516556291425,2.150537634408578,1.9095467012800842,0.9514943282455498,1.191278151624196,0.6810551824361197,1.1,1.1268080645459972,1.4937941370668497
2024-02,6,2024-08,2024-03-10T22:59:00+00:00,FOOD_ECM_R27,-0.010404490176311069,0.263157894736854,2.213279678068404,1.6939154771074383,0.9410892967646125,1.454090392251159,0.08448498427189005,0.2,1.2112573803433064,1.6935944033341555
2024-02,7,2024-09,2024-03-10T22:59:00+00:00,FOOD_ECM_R27,-0.40327007788238917,-0.3937007874015741,2.567567567567563,2.0365994515792125,0.5370038923868973,1.0596125631495248,-0.5909270451611137,-0.7,0.6185774524017655,0.9911329096377095
2024-02,8,2024-10,2024-03-10T22:59:00+00:00,FOOD_ECM_R27,0.2924084216635649,0.3293807641633783,2.8359216745442346,2.26586450445715,0.828985632191924,1.3884520571081878,0.4001384320553724,0.4,1.0179174597936953,1.3903350365914549
2024-02,9,2024-11,2024-03-10T22:59:00+00:00,FOOD_ECM_R27,0.060583469897292574,0.0656598818122189,2.834008097166013,2.2587736012020487,0.8895507577138247,1.4540903922511712,-0.03935404246039203,0.0,0.9785556715977733,1.3903350365914549
2024-02,10,2024-12,2024-03-10T22:59:00+00:00,FOOD_ECM_R27,-0.020216283852218693,-0.2624671916010568,2.981029810298109,2.6537027125404675,0.8693324300954883,1.1912781516242132,0.06253374527447209,0.0,1.0410698726731438,1.3903350365914549
2024-02,11,2025-01,2024-03-10T22:59:00+00:00,FOOD_ECM_R27,0.9685987645735571,1.3157894736842035,2.8037383177569937,2.1258048652826598,1.8332703492611822,2.498486308359483,0.4126724115071043,0.5,1.452893126940964,1.8890891876953622
2024-02,12,2025-02,2024-03-10T22:59:00+00:00,FOOD_ECM_R27,0.2222406845311984,0.1948051948051921,2.729693741677764,2.076530445127889,2.0552644444633685,2.69310200390808,0.2781313270907266,0.5,1.7306383845439322,2.3878433387992697
2024-03,1,2024-04,2024-04-09T21:59:00+00:00,FOOD_ECM_R27,0.2881180458305814,0.6648936170212671,2.853260869565235,2.514471271249363,0.28770378131204893,0.6626929487608858,0.37052533364114565,0.1,0.3698405794640186,0.09995003330835331
2024-03,2,2024-05,2024-04-09T21:59:00+00:00,FOOD_ECM_R27,0.3479172706386425,0.0,2.574525745257463,2.592353253083413,0.6350172199665074,0.6626929487608858,0.23123848016514528,0.1,0.6008121148957132,0.19990006661670662
2024-03,3,2024-06,2024-04-09T21:59:00+00:00,FOOD_ECM_R27,0.27672039133957893,-0.264200792602387,1.958136394328148,2.5289270010715543,0.9113554452896963,0.39814252991846927,0.36942616582621424,0.1,0.9695575782089786,0.29985009992505995
2024-03,4,2024-07,2024-04-09T21:59:00+00:00,FOOD_ECM_R27,0.4011748741533224,0.6622516556291425,2.150537634408578,2.4559853789008166,1.3117277587765355,1.0582109330536784,0.7848849513491083,1.1,1.7513783308036377,1.3938441037584963
2024-03,5,2024-08,2024-04-09T21:59:00+00:00,FOOD_ECM_R27,0.05692025014905755,0.263157894736854,2.213279678068404,2.3080373776806895,1.3686318154958104,1.3210231736806415,0.18550333046132061,0.2,1.9367098163228045,1.5936443700258018
2024-03,6,2024-09,2024-04-09T21:59:00+00:00,FOOD_ECM_R27,-0.3284556845011592,-0.3937007874015741,2.567567567567563,2.729900819256271,1.0396355312329024,0.9265453445790073,-0.492335478225271,-0.7,1.4431583742592458,0.8911828763293559
2024-03,7,2024-10,2024-04-09T21:59:00+00:00,FOOD_ECM_R27,0.34959241645473865,0.3293807641633783,2.8359216745442346,3.0194290396278003,1.3886182938553033,1.2553848385376702,0.4983029663944958,0.4,1.9402239204540577,1.2903850032831012
2024-03,8,2024-11,2024-04-09T21:59:00+00:00,FOOD_ECM_R27,0.11650137832454105,0.0656598818122189,2.834008097166013,3.0698533251065774,1.5050518619855175,1.321023173680654,0.05725777895859081,0.0,1.997465313400938,1.2903850032831012
2024-03,9,2024-12,2024-04-09T21:59:00+00:00,FOOD_ECM_R27,0.03489702769858624,-0.2624671916010568,2.981029810298109,3.524950996631994,1.5399428020876116,1.0582109330536957,0.15834472917383252,0.0,2.1556848094910466,1.2903850032831012
2024-03,10,2025-01,2024-04-09T21:59:00+00:00,FOOD_ECM_R27,1.0232667769249726,1.3157894736842035,2.8037383177569937,3.0483366093380226,2.558009647227275,2.3654190897889658,0.5080966958567251,0.5,2.6624950498711537,1.7891391543870085
2024-03,11,2025-02,2024-04-09T21:59:00+00:00,FOOD_ECM_R27,0.25436853114728797,0.1948051948051921,2.729693741677764,3.0353314287718423,2.8120552091984012,2.5600347853375625,0.37698351245908834,0.5,3.038769760306254,2.287893305490916
2024-03,12,2025-03,2024-04-09T21:59:00+00:00,FOOD_ECM_R27,0.019501675833816384,0.0648088139987068,2.659574468085101,2.87202457169814,2.8315549837026057,2.6248226074936296,-0.049882076282452704,0.0,2.988875238777326,2.287893305490916
2024-04,1,2024-05,2024-05-12T21:59:00+00:00,FOOD_ECM_R27,0.4645938170626226,0.0,2.574525745257463,2.918634055989512,0.46351791109643486,0.0,0.30796792099607856,0.1,0.30749467118371837,0.09995003330835331
2024-04,2,2024-06,2024-05-12T21:59:00+00:00,FOOD_ECM_R27,0.3499906497903045,-0.264200792602387,1.958136394328148,2.930160247445099,0.8128975189234767,-0.26455041884241653,0.4433865740345646,0.1,0.7499011828568545,0.19990006661670662
2024-04,3,2024-07,2024-05-12T21:59:00+00:00,FOOD_ECM_R27,0.4696827803576309,0.6622516556291425,2.150537634408578,2.927116750436997,1.2814807313535335,0.39551798429279267,0.856842188385724,1.1,1.6030933138976617,1.293894070450143
2024-04,4,2024-08,2024-05-12T21:59:00+00:00,FOOD_ECM_R27,0.11562257528324316,0.263157894736854,2.213279678068404,2.8387874684313275,1.397036515216217,0.6583302249197557,0.255196200607242,0.2,1.8579644419319985,1.4936943367174487
2024-04,5,2024-09,2024-05-12T21:59:00+00:00,FOOD_ECM_R27,-0.2740179871101413,-0.3937007874015741,2.567567567567563,3.3192385968414917,1.1226424115780258,0.2638523958181216,-0.42457331648156643,-0.7,1.4324872536388278,0.7912328430210027
2024-04,6,2024-10,2024-05-12T21:59:00+00:00,FOOD_ECM_R27,0.41358100375962636,0.3293807641633783,2.8359216745442346,3.6764956546539747,1.5353705199045924,0.5926918897767846,0.5655607794176255,0.4,1.9964547426082015,1.190434969974748
2024-04,7,2024-11,2024-05-12T21:59:00+00:00,FOOD_ECM_R27,0.15488714683296212,0.0656598818122189,2.834008097166013,3.7670117165123655,1.6901378403108163,0.6583302249197681,0.12328141606457713,0.0,2.1196602295329834,1.190434969974748
2024-04,8,2024-12,2024-05-12T21:59:00+00:00,FOOD_ECM_R27,0.07286506125745165,-0.2624671916010568,2.981029810298109,4.264746091266916,1.7629763678709216,0.39551798429281004,0.22368310926258006,0.0,2.343093540563665,1.190434969974748
2024-04,9,2025-01,2024-05-12T21:59:00+00:00,FOOD_ECM_R27,1.0607921069112904,1.3157894736842035,2.8037383177569937,3.823276871313071,2.818181551011998,1.70272614102808,0.5730595722557302,0.5,2.9145173726544824,1.6891891210786554
2024-04,10,2025-02,2024-05-12T21:59:00+00:00,FOOD_ECM_R27,0.2913981716028027,0.1948051948051921,2.729693741677764,3.848516891290072,3.109155981126448,1.897341836576677,0.4413793453949419,0.5,3.354925496216402,2.187943272182563
2024-04,11,2025-03,2024-05-12T21:59:00+00:00,FOOD_ECM_R27,0.033360883327055106,0.0648088139987068,2.659574468085101,3.7450191716211827,3.1425113009481436,1.962129658732744,0.0005718998886540084,0.0,3.355497394469715,2.187943272182563
2024-04,12,2025-04,2024-05-12T21:59:00+00:00,FOOD_ECM_R27,0.2749719057819578,-0.1295336787564882,1.8494055482166376,3.476159636238585,3.417105850575916,1.8325120125880643,0.453631244105263,0.2,3.8081028331262794,2.3877435384498686
2024-05,1,2024-06,2024-06-10T21:59:00+00:00,FOOD_ECM_R27,0.1135860432126091,-0.264200792602387,1.958136394328148,2.557197996436542,0.11352158307374226,-0.26455041884241653,0.32113366206143584,0.1,0.3206191291814584,0.09995003330835331
2024-05,2,2024-07,2024-06-10T21:59:00+00:00,FOOD_ECM_R27,0.3359122919997529,0.6622516556291425,2.150537634408578,2.417619651794162,0.44887095000466176,0.39551798429279267,0.7387827577788464,1.1,1.0566862540274855,1.1939440371417898
2024-05,3,2024-08,2024-06-10T21:59:00+00:00,FOOD_ECM_R27,0.000847943340060428,0.263157894736854,2.213279678068404,2.2124146784885523,0.449718889749703,0.6583302249197557,0.14157614741415692,0.2,1.1981622769045597,1.3937443034090955
2024-05,4,2024-09,2024-06-10T21:59:00+00:00,FOOD_ECM_R27,-0.34949882487971023,-0.3937007874015741,2.567567567567563,2.6122152594907666,0.09960789095039223,0.2638523958181216,-0.5344550523560516,-0.7,0.6622739042841406,0.6912828097126495
2024-05,5,2024-10,2024-06-10T21:59:00+00:00,FOOD_ECM_R27,0.3081291559759984,0.3293807641633783,2.8359216745442346,2.858894159487652,0.40726330195735416,0.5926918897767846,0.4569844449424379,0.4,1.1182173455902773,1.090484936666395
2024-05,6,2024-11,2024-06-10T21:59:00+00:00,FOOD_ECM_R27,0.08776016342830585,0.0656598818122189,2.834008097166013,2.8796969211099266,0.49498497866992563,0.6583302249197681,0.017092609212765862,0.0,1.135308494183031,1.090484936666395
2024-05,7,2024-12,2024-06-10T21:59:00+00:00,FOOD_ECM_R27,-0.0009180329828566725,-0.2624671916010568,2.981029810298109,3.296958762338219,0.49406694147312036,0.39551798429281004,0.11891739088778043,0.0,1.2541552343466518,1.090484936666395
2024-05,8,2025-01,2024-06-10T21:59:00+00:00,FOOD_ECM_R27,0.9870428399918482,1.3157894736842035,2.8037383177569937,2.784525327537546,1.4762703325246491,1.70272614102808,0.46915658459764314,0.5,1.7222147095423819,1.5892390877703022
2024-05,9,2025-02,2024-06-10T21:59:00+00:00,FOOD_ECM_R27,0.2202848525736976,0.1948051948051921,2.729693741677764,2.7366139902134563,1.6963129137431416,1.897341836576677,0.3385934748865422,0.5,2.060236247386794,2.0879932388742097
2024-05,10,2025-03,2024-06-10T21:59:00+00:00,FOOD_ECM_R27,-0.02652260261731487,0.0648088139987068,2.659574468085101,2.5727839631956058,1.6697867932615456,1.962129658732744,-0.10098144990554232,0.0,1.9592037768646622,2.0879932388742097
2024-05,11,2025-04,2024-06-10T21:59:00+00:00,FOOD_ECM_R27,0.2274230826560677,-0.1295336787564882,1.8494055482166376,2.1270220992589817,1.8969516610443666,1.8325120125880643,0.30137075904502975,0.2,2.2601213245736362,2.2877935051415155
2024-05,12,2025-05,2024-06-10T21:59:00+00:00,FOOD_ECM_R27,0.30684763384817276,0.5188067444876765,2.377807133421391,2.227782042279654,2.203329478375772,2.3499775915898127,0.20936685312437572,0.2,2.469269310738746,2.487593771408821
2024-06,1,2024-07,2024-07-09T21:59:00+00:00,FOOD_ECM_R27,0.3758537694038347,0.6622516556291425,2.150537634408578,2.180354979037344,0.3751492039958766,0.6600684031352093,0.7055570331524553,1.1,0.7030796257063942,1.0939940038334364
2024-06,2,2024-08,2024-07-09T21:59:00+00:00,FOOD_ECM_R27,-0.006896220735950663,0.263157894736854,2.213279678068404,1.967728298832538,0.36825274545969083,0.9228806437621723,0.10978976414617884,0.2,0.8128091649674922,1.2937942701007419
2024-06,3,2024-09,2024-07-09T21:59:00+00:00,FOOD_ECM_R27,-0.3562650669428947,-0.3937007874015741,2.567567567567563,2.3596211343869564,0.011351543192466944,0.5284028146605382,-0.5650396558183576,-0.7,0.24616712115002204,0.5913327764042959
2024-06,4,2024-10,2024-07-09T21:59:00+00:00,FOOD_ECM_R27,0.2965918988955789,0.3293807641633783,2.8359216745442346,2.5938912815998694,0.30750447605985987,0.8572423086192011,0.4268926216786922,0.4,0.6721511411942478,0.9905349033580413
2024-06,5,2024-11,2024-07-09T21:59:00+00:00,FOOD_ECM_R27,0.07679799187297667,0.0656598818122189,2.834008097166013,2.603401517925002,0.3842729933646769,0.9228806437621846,-0.01223212453567868,0.0,0.6599182684732026,0.9905349033580413
2024-06,6,2024-12,2024-07-09T21:59:00+00:00,FOOD_ECM_R27,-0.006810132602086124,-0.2624671916010568,2.981029810298109,3.013472684090086,0.37746262886253196,0.6600684031352265,0.09007157891336916,0.0,0.7499493072815141,0.9905349033580413
2024-06,7,2025-01,2024-07-09T21:59:00+00:00,FOOD_ECM_R27,0.9694180862932126,1.3157894736842035,2.8037383177569937,2.4845563320039643,1.3422120066455154,1.9672765598704967,0.440618310219662,0.5,1.1895997370887268,1.4892890544619486
2024-06,8,2025-02,2024-07-09T21:59:00+00:00,FOOD_ECM_R27,0.20346260564419097,0.1948051948051921,2.729693741677764,2.419590527888517,1.5454679074607622,2.1618922554190934,0.3104186210847407,0.5,1.4995375543180545,1.988043205565856
2024-06,9,2025-03,2024-07-09T21:59:00+00:00,FOOD_ECM_R27,-0.0429089933386731,0.0648088139987068,2.659574468085101,2.239505489057395,1.502549705579253,2.2266800775751605,-0.1287729477102168,0.0,1.3706816229995853,1.988043205565856
2024-06,10,2025-04,2024-07-09T21:59:00+00:00,FOOD_ECM_R27,0.2113991976193318,-0.1295336787564882,1.8494055482166376,1.7789174576618967,1.7137257695080323,2.097062431430481,0.27367610595653885,0.2,1.6439839177672193,2.1878434718331614
2024-06,11,2025-05,2024-07-09T21:59:00+00:00,FOOD_ECM_R27,0.29890424910504904,0.5188067444876765,2.377807133421391,2.083138966635969,2.012184188045818,2.6145280104322293,0.18275201537262933,0.2,1.8265691448193295,2.387643738100467
2024-06,12,2025-06,2024-07-09T21:59:00+00:00,FOOD_ECM_R27,0.22052371300840778,0.2580645161290418,2.913907284768222,2.2575710859479443,2.2324651043981785,2.8722601118622832,0.3172207132029963,0.3,2.1432877746459966,2.687194636080315
2024-07,1,2024-08,2024-08-11T21:59:00+00:00,FOOD_ECM_R27,-0.062356155923850486,0.263157894736854,2.213279678068404,1.42368947406702,-0.06237560546050103,0.262812240626963,0.04723565251465379,0.2,0.047224499992151,0.19980026626730563
2024-07,2,2024-09,2024-08-11T21:59:00+00:00,FOOD_ECM_R27,-0.38802891354368124,-0.3937007874015741,2.567567567567563,1.7810358949214857,-0.45115930434916707,-0.13166558847467108,-0.6247847066083685,-0.7,-0.579520154163949,-0.5026612274291403
2024-07,3,2024-10,2024-08-11T21:59:00+00:00,FOOD_ECM_R27,0.2654088240654944,0.3293807641633783,2.8359216745442346,1.9822648097296325,-0.1861020675447853,0.1971739054839919,0.36848057941447726,0.4,-0.21171680131409892,-0.10345910047539497
2024-07,4,2024-11,2024-08-11T21:59:00+00:00,FOOD_ECM_R27,0.04538528696954945,0.0656598818122189,2.834008097166013,1.9597045779994677,-0.1407270765814722,0.26281224062697534,-0.06885227133793759,0.0,-0.2805927867141168,-0.10345910047539497
2024-07,5,2024-12,2024-08-11T21:59:00+00:00,FOOD_ECM_R27,-0.03657722908063872,-0.2624671916010568,2.981029810298109,2.3367292853319013,-0.17731099676220943,1.730386667286865e-14,0.034623962452304834,0.0,-0.24597481697245543,-0.10345910047539497
2024-07,6,2025-01,2024-08-11T21:59:00+00:00,FOOD_ECM_R27,0.9490454882495718,1.3157894736842035,2.8037383177569937,1.7907451686357045,0.7672593466203369,1.3072081567352873,0.38596432691911525,0.5,0.13924657865796514,0.3952950506285124
2024-07,7,2025-02,2024-08-11T21:59:00+00:00,FOOD_ECM_R27,0.17225209014288534,0.1948051948051921,2.729693741677764,1.6945343664657484,0.9393632529924537,1.5018238522838843,0.256624729961839,0.5,0.39554258962238703,0.8940492017324198
2024-07,8,2025-03,2024-08-11T21:59:00+00:00,FOOD_ECM_R27,-0.0730052023251504,0.0648088139987068,2.659574468085101,1.485158698788974,0.866331388892359,1.5666116744399514,-0.18170267570015664,0.0,0.21367463436852122,0.8940492017324198
2024-07,9,2025-04,2024-08-11T21:59:00+00:00,FOOD_ECM_R27,0.18189286679705924,-0.1295336787564882,1.8494055482166376,0.9982222304048305,1.0480590309388105,1.4369940282952718,0.2210380263559161,0.2,0.43446873106436584,1.0938494679997253
2024-07,10,2025-05,2024-08-11T21:59:00+00:00,FOOD_ECM_R27,0.2700311588247089,0.5188067444876765,2.377807133421391,1.2709489002859473,1.3177262606306615,1.9544596072970204,0.13056525197613242,0.2,0.5649488207355724,1.293649734267031
2024-07,11,2025-06,2024-08-11T21:59:00+00:00,FOOD_ECM_R27,0.16470780898476936,0.2580645161290418,2.913907284768222,1.706459333043419,1.4822985750633968,2.2121917087270746,0.23278567692600602,0.3,0.7974639715540149,1.5932006322468788
2024-07,12,2025-07,2024-08-11T21:59:00+00:00,FOOD_ECM_R27,0.302192902828322,0.4504504504504458,2.697368421052633,1.8000447717586985,1.7840357929400283,2.6616306675110013,0.6783559927577452,0.9,1.4735294826259104,2.489174769394069
2024-08,1,2024-09,2024-09-09T21:59:00+00:00,FOOD_ECM_R27,-0.3640688788379482,-0.3937007874015741,2.567567567567563,2.4033053212780393,-0.36473322251651447,-0.3944778291016341,-0.4709618616959354,-0.7,-0.47207438147539615,-0.702461493696446
2024-08,2,2024-10,2024-09-09T21:59:00+00:00,FOOD_ECM_R27,0.3643019666978891,0.3293807641633783,2.8359216745442346,2.7069659778933937,-0.0010932282015184164,-0.06563833514297109,0.5178712097367257,0.4,0.04446048701076144,-0.3032593667427006
2024-08,3,2024-11,2024-09-09T21:59:00+00:00,FOOD_ECM_R27,0.13421142546160936,0.0656598818122189,2.834008097166013,2.7754145025050065,0.13302821422914288,1.235990476633475e-14,0.07513273511086455,0.0,0.119565011611534,-0.3032593667427006
2024-08,4,2024-12,2024-09-09T21:59:00+00:00,FOOD_ECM_R27,0.05063405461932378,-0.2624671916010568,2.981029810298109,3.245451641946341,0.18364945413658704,-0.2628122406269457,0.17495053542275116,0.0,0.29436268684557215,-0.3032593667427006
2024-08,5,2025-01,2024-09-09T21:59:00+00:00,FOOD_ECM_R27,1.0310386381835506,1.3157894736842035,2.8037383177569937,2.7780302799999035,1.2094091432831566,1.0443959161083243,0.5237271383845304,0.5,0.8167231443616385,0.19549478436120676
2024-08,6,2025-02,2024-09-09T21:59:00+00:00,FOOD_ECM_R27,0.2592377439389661,0.1948051948051921,2.729693741677764,2.770050366837635,1.4683114457848527,1.2390116116569212,0.39176797023507354,0.5,1.2077257023263215,0.6942489354651141
2024-08,7,2025-03,2024-09-09T21:59:00+00:00,FOOD_ECM_R27,0.003138368996557516,0.0648088139987068,2.659574468085101,2.6366090802490687,1.4714497655356409,1.3037994338129884,-0.04909536444183605,0.0,1.158618282164409,0.6942489354651141
2024-08,8,2025-04,2024-09-09T21:59:00+00:00,FOOD_ECM_R27,0.2563228159448358,-0.1295336787564882,1.8494055482166376,2.2200356345826515,1.7274446348324561,1.1741817876683087,0.35261806212561986,0.2,1.5106161044255608,0.8940492017324198
2024-08,9,2025-05,2024-09-09T21:59:00+00:00,FOOD_ECM_R27,0.34240878137489306,0.5188067444876765,2.377807133421391,2.570046012920008,2.069268532088985,1.6916473666700576,0.26077780294113656,0.2,1.7710544720407577,1.0938494679997253
2024-08,10,2025-06,2024-09-09T21:59:00+00:00,FOOD_ECM_R27,0.23585307934812233,0.2580645161290418,2.913907284768222,3.084310189499626,2.304843914613879,1.9493794681001115,0.36213118695111746,0.3,2.132531542706137,1.393400365979573
2024-08,11,2025-07,2024-09-09T21:59:00+00:00,FOOD_ECM_R27,0.403369339092732,0.4504504504504458,2.697368421052633,2.819198843573129,2.70740190068905,2.3988184268840382,0.8842509440737186,0.9,3.0128958828700876,2.2893745031267634
2024-08,12,2025-08,2024-09-09T21:59:00+00:00,FOOD_ECM_R27,0.04518322598557342,0.0640614990390808,2.493438320209967,2.7908082599174944,2.752574922128784,2.4628594153039627,0.20575822513153574,0.3,3.218442715687294,2.588925401106611
2024-09,1,2024-10,2024-10-09T21:59:00+00:00,FOOD_ECM_R27,0.3120325295424119,0.3293807641633783,2.8359216745442346,2.7443621431348464,0.31154671837518627,0.32883949395866297,0.5146483656435913,0.4,0.513328577185409,0.39920212695374535
2024-09,2,2024-11,2024-10-09T21:59:00+00:00,FOOD_ECM_R27,0.14922101849736105,0.0656598818122189,2.834008097166013,2.828246694974015,0.4606565129433124,0.3944778291016464,0.07204736731196307,0.0,0.5853500028411283,0.39920212695374535
2024-09,3,2024-12,2024-10-09T21:59:00+00:00,FOOD_ECM_R27,0.05830955677509147,-0.2624671916010568,2.981029810298109,3.306450127218604,0.5189490763018837,0.13166558847468834,0.1719608134997116,0.0,0.7571631330146692,0.39920212695374535
2024-09,4,2025-01,2024-10-09T21:59:00+00:00,FOOD_ECM_R27,1.0401661306875922,1.3157894736842035,2.8037383177569937,2.8480434154954595,1.5537427022933286,1.4388737452099585,0.5208062609181927,0.5,1.2766178885778834,0.8979562780576527
2024-09,5,2025-02,2024-10-09T21:59:00+00:00,FOOD_ECM_R27,0.2643998582946886,0.1948051948051921,2.729693741677764,2.8453530611346696,1.817793639059383,1.6334894407585554,0.38891424682496434,0.5,1.66477781907583,1.39671042916156
2024-09,6,2025-03,2024-10-09T21:59:00+00:00,FOOD_ECM_R27,0.011234737486892266,0.0648088139987068,2.659574468085101,2.720129664086407,1.8290277454969073,1.6982772629146226,-0.05188612253317749,0.0,1.6128782310360739,1.39671042916156
2024-09,7,2025-04,2024-10-09T21:59:00+00:00,FOOD_ECM_R27,0.25995712229186396,-0.1295336787564882,1.8494055482166376,2.306925738171844,2.0886475636991637,1.5686596167699427,0.3498565965695094,0.2,1.962124253090496,1.5965106954288655
2024-09,8,2025-05,2024-10-09T21:59:00+00:00,FOOD_ECM_R27,0.3442927490036584,0.5188067444876765,2.377807133421391,2.6591610652169284,2.4323489821012934,2.0861251957716918,0.25805124207778074,0.2,2.2198431146358546,1.7963109616961712
2024-09,9,2025-06,2024-10-09T21:59:00+00:00,FOOD_ECM_R27,0.23655961737311693,0.2580645161290418,2.913907284768222,3.174599292927508,2.6686292376962455,2.3438572972017457,0.359427797979258,0.3,2.5786265145409084,2.095861859676019
2024-09,10,2025-07,2024-10-09T21:59:00+00:00,FOOD_ECM_R27,0.4031124381321748,0.4504504504504458,2.697368421052633,2.908992429514601,3.0709313545800603,2.7932962559856724,0.8815543415513374,0.9,3.4563178521921443,2.9918359968232093
2024-09,11,2025-08,2024-10-09T21:59:00+00:00,FOOD_ECM_R27,0.08728299464213121,0.0640614990390808,2.493438320209967,2.7284763841154414,3.1581762797669195,2.857337244405597,0.20145933456870938,0.3,3.6575745295789908,3.291386894803057
2024-09,12,2025-09,2024-10-09T21:59:00+00:00,FOOD_ECM_R27,-0.31677601151228096,-0.5761843790012655,2.305665349143618,2.8816358264216952,2.8408974709389927,2.2794865193111913,-0.47659539333491496,-0.7,3.179839798938524,2.588925401106611
2024-10,1,2024-11,2024-11-10T22:59:00+00:00,FOOD_ECM_R27,0.08871917142724642,0.0656598818122189,2.834008097166013,2.747455005245673,0.08867983923209871,0.06563833514298344,-0.008152199219290638,0.0,-0.00815253152911169,0.0
2024-10,2,2024-12,2024-11-10T22:59:00+00:00,FOOD_ECM_R27,-0.016472399078891864,-0.2624671916010568,2.981029810298109,3.1481338150414957,0.07220608330454405,-0.19717390548397462,0.09474836456638817,0.0,0.08655097510687065,0.0
2024-10,3,2025-01,2024-11-10T22:59:00+00:00,FOOD_ECM_R27,0.9707271625417668,1.3157894736842035,2.8037383177569937,2.6198565107044,1.0382519603516631,1.1100342512512955,0.4457872873204233,0.5,0.5313475740503439,0.49875415110390736
2024-10,4,2025-02,2024-11-10T22:59:00+00:00,FOOD_ECM_R27,0.20360658786714422,0.1948051948051921,2.729693741677764,2.554952299555258,1.24165155093148,1.3046499467998924,0.31596105541274677,0.5,0.8468105214628041,0.9975083022078147
2024-10,5,2025-03,2024-11-10T22:59:00+00:00,FOOD_ECM_R27,-0.047371947529815654,0.0648088139987068,2.659574468085101,2.370058359100225,1.1942683793497593,1.3694377689559594,-0.12295198433210912,0.0,0.7237828891649649,0.9975083022078147
2024-10,6,2025-04,2024-11-10T22:59:00+00:00,FOOD_ECM_R27,0.20929585089355035,-0.1295336787564882,1.8494055482166376,1.9067432128665247,1.4033455116034943,1.2398201228112797,0.2797637392526942,0.2,1.0031560180232268,1.1973085684751203
2024-10,7,2025-05,2024-11-10T22:59:00+00:00,FOOD_ECM_R27,0.3005778109852357,0.5188067444876765,2.377807133421391,2.2130522708621045,1.7034724906610166,1.7572857018130286,0.18902852328632025,0.2,1.1920061072219634,1.397108834742426
2024-10,8,2025-06,2024-11-10T22:59:00+00:00,FOOD_ECM_R27,0.19460080916820813,0.2580645161290418,2.913907284768222,2.6832496571207263,1.8978841977442953,2.0150178032430826,0.2911409186029161,0.3,1.4827240314600258,1.6966597327222739
2024-10,9,2025-07,2024-11-10T22:59:00+00:00,FOOD_ECM_R27,0.36275034860330174,0.4504504504504458,2.697368421052633,2.377735256477488,2.2599781940717545,2.4644567620270097,0.8135600586830766,0.9,2.2929925307879744,2.592633869869464
2024-10,10,2025-08,2024-11-10T22:59:00+00:00,FOOD_ECM_R27,0.047763748460803584,0.0640614990390808,2.493438320209967,2.1577983888755745,2.3077305392851573,2.5284977504469337,0.13443823622395404,0.3,2.427340479726497,2.892184767849312
2024-10,11,2025-09,2024-11-10T22:59:00+00:00,FOOD_ECM_R27,-0.3581308758455305,-0.5761843790012655,2.305665349143618,2.1942794536493655,1.9489568395924246,1.950647025352528,-0.5726489647825918,-0.7,1.853045594186363,2.189723274152866
2024-10,12,2025-10,2024-11-10T22:59:00+00:00,FOOD_ECM_R27,0.3068612576851661,0.5151320025756467,2.4950755088640726,2.280973501166317,2.255348239083363,2.464456762027014,0.4463131365338728,0.4,2.298365707207634,2.5889254011066116
2024-11,1,2024-12,2024-12-09T22:59:00+00:00,FOOD_ECM_R27,0.026979267730024063,-0.2624671916010568,2.981029810298109,3.34736869029785,0.02697562898004517,-0.26281224062695807,0.07898153738514924,0.0,0.07895036338230185,0.0
2024-11,2,2025-01,2024-12-09T22:59:00+00:00,FOOD_ECM_R27,0.9676138424070446,1.3157894736842035,2.8037383177569937,2.8149007156279677,0.9899380696480442,1.044395916108312,0.4305484877058981,0.5,0.5085746429134727,0.49875415110390736
2024-11,3,2025-02,2024-12-09T22:59:00+00:00,FOOD_ECM_R27,0.2004956780032649,0.1948051948051921,2.729693741677764,2.746683183464342,1.1902330233177825,1.239011611656909,0.30120800953524535,0.5,0.8093299299867327,0.9975083022078147
2024-11,4,2025-03,2024-12-09T22:59:00+00:00,FOOD_ECM_R27,-0.051293660640739654,0.0648088139987068,2.659574468085101,2.557419503993239,1.1389262029786802,1.3037994338129761,-0.1372692648162369,0.0,0.6719663646081753,0.9975083022078147
2024-11,5,2025-04,2024-12-09T22:59:00+00:00,FOOD_ECM_R27,0.2063601130814604,-0.1295336787564882,1.8494055482166376,2.0902654522629436,1.3450736860508885,1.1741817876682963,0.2656869013179552,0.2,0.9373009421925045,1.1973085684751203
2024-11,6,2025-05,2024-12-09T22:59:00+00:00,FOOD_ECM_R27,0.292366359824907,0.5188067444876765,2.377807133421391,2.3887430451013083,1.6370134866422297,1.6916473666700453,0.1752027443461382,0.2,1.1123503855627366,1.397108834742426
2024-11,7,2025-06,2024-12-09T22:59:00+00:00,FOOD_ECM_R27,0.1889153322886366,0.2580645161290418,2.913907284768222,2.8539119297921918,1.825750598339046,1.9493794681000993,0.27749190077446734,0.3,1.3894579883286375,1.6966597327222739
2024-11,8,2025-07,2024-12-09T22:59:00+00:00,FOOD_ECM_R27,0.3568725253987486,0.4504504504504458,2.697368421052633,2.54188395853871,2.1819878447164287,2.398818426884026,0.7999934202027742,0.9,2.186268425669499,2.592633869869464
2024-11,9,2025-08,2024-12-09T22:59:00+00:00,FOOD_ECM_R27,0.04128089134642514,0.0640614990390808,2.493438320209967,2.314964256302561,2.2232602178470855,2.4628594153039503,0.12108494323408683,0.3,2.3072801202089934,2.892184767849312
2024-11,10,2025-09,2024-12-09T22:59:00+00:00,FOOD_ECM_R27,-0.36523236148184196,-0.5761843790012655,2.305665349143618,2.3442068444062887,1.8573592545125293,1.8850086902095446,-0.5858110899388445,-0.7,1.719746426340279,2.189723274152866
2024-11,11,2025-10,2024-12-09T22:59:00+00:00,FOOD_ECM_R27,0.32785981738247144,0.5151320025756467,2.4950755088640726,2.342655353798464,2.1846827834588876,2.3988184268840307,0.4414673910070519,0.4,2.1602422085684716,2.5889254011066116
2024-11,12,2025-11,2024-12-09T22:59:00+00:00,FOOD_ECM_R27,0.07633626586428918,-0.3203074951953821,2.099737532808387,2.2867440383037305,2.2609899280148835,2.077996849174521,-0.008453932087441976,-0.1,2.15178791911605,2.4888753677482582
2024-12,1,2025-01,2025-01-12T22:59:00+00:00,FOOD_ECM_R27,0.9761753339280602,1.3157894736842035,2.8037383177569937,2.733119731561725,0.9714415244378584,1.30720815673527,0.4406159774832179,0.5,0.43964810730411535,0.49875415110390736
2024-12,2,2025-02,2025-01-12T22:59:00+00:00,FOOD_ECM_R27,0.20782308055198168,0.1948051948051921,2.729693741677764,2.6724640831365365,1.17904895155917,1.501823852283867,0.31088374991473783,0.5,0.7500496129100023,0.9975083022078147
2024-12,3,2025-03,2025-01-12T22:59:00+00:00,FOOD_ECM_R27,-0.04394866145049152,0.0648088139987068,2.659574468085101,2.4908683816885735,1.1350906298539898,1.566611674439934,-0.12793752431773914,0.0,0.6220301786718174,0.9975083022078147
2024-12,4,2025-04,2025-01-12T22:59:00+00:00,FOOD_ECM_R27,0.21322157508049414,-0.1295336787564882,1.8494055482166376,2.031003396598948,1.3480852103444438,1.4369940282952545,0.2748139619789779,0.2,0.8964672174827157,1.1973085684751203
2024-12,5,2025-05,2025-01-12T22:59:00+00:00,FOOD_ECM_R27,0.30006235107281093,0.5188067444876765,2.377807133421391,2.3371600242139623,1.6476982728840435,1.954459607297003,0.18412787624336793,0.2,1.0804257861484743,1.397108834742426
2024-12,6,2025-06,2025-01-12T22:59:00+00:00,FOOD_ECM_R27,0.1943073000483929,0.2580645161290418,2.913907284768222,2.8076271626225715,1.8418170404802168,2.2121917087270573,0.2862710345101617,0.3,1.3662878454650673,1.6966597327222739
2024-12,7,2025-07,2025-01-12T22:59:00+00:00,FOOD_ECM_R27,0.36488187655017684,0.4504504504504458,2.697368421052633,2.503919656838082,2.2060348380236086,2.661630667510984,0.8086935623992769,0.9,2.1717290043607536,2.592633869869464
2024-12,8,2025-08,2025-01-12T22:59:00+00:00,FOOD_ECM_R27,0.0491035377171367,0.0640614990390808,2.493438320209967,2.2850814407389954,2.255126323898756,2.7256716559309084,0.12962737184039586,0.3,2.301272432458379,2.892184767849312
2024-12,9,2025-09,2025-01-12T22:59:00+00:00,FOOD_ECM_R27,-0.35761325146699824,-0.5761843790012655,2.305665349143618,2.3221395041470654,1.8968721076707526,2.147820930836503,-0.5774077075685285,-0.7,1.7221912817504403,2.189723274152866
2024-12,10,2025-10,2025-01-12T22:59:00+00:00,FOOD_ECM_R27,0.33560587363269556,0.5151320025756467,2.4950755088640726,2.3284882577693504,2.231916081619291,2.6616306675109893,0.4498939708478744,0.4,2.1710762548215246,2.5889254011066116
2024-12,11,2025-11,2025-01-12T22:59:00+00:00,FOOD_ECM_R27,0.04812887037186502,-0.3203074951953821,2.099737532808387,2.310560809927204,2.2800333737651703,2.3408090898014793,-4.694028134023582e-05,-0.1,2.1710293145291675,2.4888753677482582
2024-12,12,2025-12,2025-01-12T22:59:00+00:00,FOOD_ECM_R27,-0.0017664914879975367,-0.2570694087403624,2.1052631578947296,2.3044175830079534,2.278266866674528,2.083408690284192,0.10024046619927698,0.2,2.2712195735222824,2.688675634015564
2025-01,1,2025-02,2025-02-05T22:59:00+00:00,FOOD_ECM_R27,0.2674676010456919,0.1948051948051921,2.729693741677764,2.609702314433578,0.26711054299234616,0.19461569554859698,0.28603174404271925,0.5,0.2856234516283653,0.49875415110390736
2025-01,2,2025-03,2025-02-05T22:59:00+00:00,FOOD_ECM_R27,-0.043682613237052095,0.0648088139987068,2.659574468085101,2.4284902473217107,0.22341838612242462,0.2594035177046641,-0.15170692900662178,0.0,0.13380133114315687,0.49875415110390736
2025-01,3,2025-04,2025-02-05T22:59:00+00:00,FOOD_ECM_R27,0.21387369613687426,-0.1295336787564882,1.8494055482166376,1.9695686917751258,0.4370636980476678,0.12978587155998442,0.2517309584003309,0.2,0.38521597789143014,0.698554417371213
2025-01,4,2025-05,2025-02-05T22:59:00+00:00,FOOD_ECM_R27,0.29709938444605555,0.5188067444876765,2.377807133421391,2.2725196526806877,0.7337226144753921,0.6472514505617332,0.16169099109613372,0.2,0.5467763898420824,0.8983546836385187
2025-01,5,2025-06,2025-02-05T22:59:00+00:00,FOOD_ECM_R27,0.19224799708757387,0.2580645161290418,2.913907284768222,2.740577944537703,0.92578605160507,0.9049835519917871,0.26431198071104683,0.3,0.8107396807215843,1.1979055816183666
2025-01,6,2025-07,2025-02-05T22:59:00+00:00,FOOD_ECM_R27,0.35945089333854485,0.4504504504504458,2.697368421052633,2.4315253969530217,1.2845924641529183,1.354422510775714,0.7870227710838062,0.9,1.594681581802591,2.093879718765557
2025-01,7,2025-08,2025-02-05T22:59:00+00:00,FOOD_ECM_R27,0.042061108960778144,0.0640614990390808,2.493438320209967,2.2056470035038194,1.3266447299088744,1.4184634991956384,0.10842251353745207,0.3,1.7030453605834668,2.393430616745405
2025-01,8,2025-09,2025-02-05T22:59:00+00:00,FOOD_ECM_R27,-0.36472414811907855,-0.5761843790012655,2.305665349143618,2.2353798235088425,0.9612538416000096,0.8406127741012329,-0.5982086772451843,-0.7,1.1030402473571224,1.690969123048959
2025-01,9,2025-10,2025-02-05T22:59:00+00:00,FOOD_ECM_R27,0.32827973954039286,0.5151320025756467,2.4950755088640726,2.2342578822622343,1.2889959195714307,1.3544225107757193,0.42908349835623094,0.4,1.5312058073484756,2.0901712500027045
2025-01,10,2025-11,2025-02-05T22:59:00+00:00,FOOD_ECM_R27,0.040700757636215466,-0.3203074951953821,2.099737532808387,2.2087578501779137,1.3296883966960298,1.0336009330662095,-0.020600591607811265,-0.1,1.5106030935273274,1.9901212166443512
2025-01,11,2025-12,2025-02-05T22:59:00+00:00,FOOD_ECM_R27,-0.05965354514706112,-0.2570694087403624,2.1052631578947296,2.416596667676539,1.2700170517425633,0.7762005335489218,0.051527480380496024,0.2,1.5621173030602116,2.189921482911657
2025-01,12,2026-01,2025-02-05T22:59:00+00:00,FOOD_ECM_R27,0.9759138820502591,0.8376288659793785,1.62337662337662,2.2665032117676103,2.24119965152278,1.6103407566578718,0.42884011857648774,0.4,1.9900405228188665,2.5891236098654025
2025-02,1,2025-03,2025-03-04T22:59:00+00:00,FOOD_ECM_R27,-0.04323245098356068,0.0648088139987068,2.659574468085101,2.6843752575725315,-0.04324179890197083,0.0647878221560671,-0.1211633005847561,0.0,-0.12123676265717549,0.0
2025-02,2,2025-04,2025-03-04T22:59:00+00:00,FOOD_ECM_R27,0.21822922149581536,-0.1295336787564882,1.8494055482166376,2.2287501358808823,0.17474964849381286,-0.06482982398861258,0.28122791569338623,0.2,0.1595964471755933,0.19980026626730563
2025-02,3,2025-05,2025-03-04T22:59:00+00:00,FOOD_ECM_R27,0.30083956345487534,0.5188067444876765,2.377807133421391,2.5362946615150412,0.475137595268379,0.45263575501313613,0.19022624022850154,0.2,0.34964198641591127,0.39960053253461125
2025-02,4,2025-06,2025-03-04T22:59:00+00:00,FOOD_ECM_R27,0.20010706869917433,0.2580645161290418,2.913907284768222,3.013639888188108,0.6750447164677906,0.7103678564431902,0.2921275328361241,0.3,0.6413436559492149,0.6991514305144592
2025-02,5,2025-07,2025-03-04T22:59:00+00:00,FOOD_ECM_R27,0.36682754179965965,0.4504504504504458,2.697368421052633,2.7113149076141654,1.0412010869005197,1.159806815227117,0.8143810690069136,0.9,1.4524265367753328,1.5951255676616496
2025-02,6,2025-08,2025-03-04T22:59:00+00:00,FOOD_ECM_R27,0.050547443384931,0.0640614990390808,2.493438320209967,2.493513080103567,1.091735759368687,1.2238478036470415,0.13511804168039074,0.3,1.5874533761743665,1.8946764656414974
2025-02,7,2025-09,2025-03-04T22:59:00+00:00,FOOD_ECM_R27,-0.35311274105851964,-0.5761843790012655,2.305665349143618,2.5352776220215305,0.7379981037349831,0.645997078552636,-0.5720817324829596,-0.7,1.0137289882646177,1.1922149719450514
2025-02,8,2025-10,2025-03-04T22:59:00+00:00,FOOD_ECM_R27,0.3400754819264926,0.5151320025756467,2.4950755088640726,2.5462074797220153,1.0774966366657999,1.159806815227122,0.45517319749135143,0.4,1.4678694053313164,1.5914170988987968
2025-02,9,2025-11,2025-03-04T22:59:00+00:00,FOOD_ECM_R27,0.05195612754590272,-0.3203074951953821,2.099737532808387,2.532164020358388,1.129439271689014,0.8389852375176122,0.005127580117093154,-0.1,1.4729968539925138,1.4913670655404434
2025-02,10,2025-12,2025-03-04T22:59:00+00:00,FOOD_ECM_R27,-0.0485918594785104,-0.2570694087403624,2.1052631578947296,2.7520321082849715,1.0808356025406187,0.5815848380003246,0.07707830641200357,0.2,1.5500454703333437,1.691167331807749
2025-02,11,2026-01,2025-03-04T22:59:00+00:00,FOOD_ECM_R27,0.9867335787444724,0.8376288659793785,1.62337662337662,2.4183115494470044,2.0627327545814604,1.4157250611092747,0.4643650073905695,0.4,2.013335629618002,2.0903694587614945
2025-02,12,2026-02,2025-03-04T22:59:00+00:00,FOOD_ECM_R27,0.21715977869144387,-0.0638977635782689,1.3609850939727857,2.3058398448252992,2.2796570822338533,1.3518068742095604,0.3228137962504022,0.5,2.3356295007593237,2.589123609865402
2025-03,1,2025-04,2025-04-03T21:59:00+00:00,FOOD_ECM_R27,0.21636243506997402,-0.1295336787564882,1.8494055482166376,2.162478239167305,0.21612870862353228,-0.1296176461446797,0.3470509110302385,0.2,0.34645007908320585,0.19980026626730563
2025-03,2,2025-05,2025-04-03T21:59:00+00:00,FOOD_ECM_R27,0.3440903745043403,0.5188067444876765,2.377807133421391,2.514009493143371,0.5596284466930301,0.38784793285706903,0.25348211792064845,0.2,0.5996114729544035,0.39960053253461125
2025-03,3,2025-06,2025-04-03T21:59:00+00:00,FOOD_ECM_R27,0.2419779683549612,0.2580645161290418,2.913907284768222,3.03428821671488,0.8013141197939302,0.6455800342871231,0.35343984325252387,0.3,0.9524281854229413,0.6991514305144592
2025-03,4,2025-07,2025-04-03T21:59:00+00:00,FOOD_ECM_R27,0.4046903814245645,0.4504504504504458,2.697368421052633,2.7706576886531242,1.2051878322734002,1.0950189930710497,0.8743979941233028,0.9,1.8230254598277762,1.5951255676616496
2025-03,5,2025-08,2025-04-03T21:59:00+00:00,FOOD_ECM_R27,0.08811785034085814,0.0640614990390808,2.493438320209967,2.591240035527601,1.2932668816285715,1.1590599814909741,0.19344758237142204,0.3,2.0162861733203137,1.8946764656414974
2025-03,6,2025-09,2025-04-03T21:59:00+00:00,FOOD_ECM_R27,-0.32040006032755813,-0.5761843790012655,2.305665349143618,2.666737394082992,0.9723524412979708,0.5812092563965686,-0.5151832847439312,-0.7,1.4997712439158981,1.1922149719450514
2025-03,7,2025-10,2025-04-03T21:59:00+00:00,FOOD_ECM_R27,0.37203561477892194,0.5151320025756467,2.4950755088640726,2.7103859675454727,1.343697715262916,1.095018993071055,0.5118357698453888,0.4,2.010301587017394,1.5914170988987968
2025-03,8,2025-11,2025-04-03T21:59:00+00:00,FOOD_ECM_R27,0.0835241252876954,-0.3203074951953821,2.099737532808387,2.7287223613148397,1.4271869785638485,0.7741974153615452,0.060880273239776114,-0.1,2.071163335736959,1.4913670655404434
2025-03,9,2025-12,2025-04-03T21:59:00+00:00,FOOD_ECM_R27,-0.016874925798071136,-0.2570694087403624,2.1052631578947296,2.981680089236866,1.410310628789975,0.5167970158442575,0.13234591563168835,0.2,2.203421751355013,1.691167331807749
2025-03,10,2026-01,2025-04-03T21:59:00+00:00,FOOD_ECM_R27,1.0190410128615175,0.8376288659793785,1.62337662337662,2.6800523250140653,2.424194425230286,1.3509372389532075,0.5194247148370491,0.4,2.721502109291981,2.0903694587614945
2025-03,11,2026-02,2025-04-03T21:59:00+00:00,FOOD_ECM_R27,0.20973430855154337,-0.0638977635782689,1.3609850939727857,2.6953517427599363,2.6337090984277576,1.2870190520534932,0.3975005357325374,0.5,3.1182146990145125,2.589123609865402
2025-03,12,2026-03,2025-04-03T21:59:00+00:00,FOOD_ECM_R27,-0.001181858160089956,0.5754475703324768,1.8782383419689104,2.667484308843417,2.6325272332836693,1.8608172473556328,-0.06332947271939078,0.2,3.054865164714171,2.7889238761327078
2025-04,1,2025-05,2025-05-05T21:59:00+00:00,FOOD_ECM_R27,0.2733208841566991,0.5188067444876765,2.377807133421391,2.453282558754211,0.2729480418442081,0.5174655790017487,0.27111067585051773,0.2,0.2707438337402205,0.19980026626730563
2025-04,2,2025-06,2025-05-05T21:59:00+00:00,FOOD_ECM_R27,0.2178278605358482,0.2580645161290418,2.913907284768222,2.9484449597562006,0.49053900145769275,0.7751976804318028,0.37040747746436414,0.3,0.6404669920334484,0.49935116424715353
2025-04,3,2025-07,2025-05-05T21:59:00+00:00,FOOD_ECM_R27,0.3868358029097467,0.4504504504504458,2.697368421052633,2.6667739928506884,0.8766285186564465,1.2246366392157295,0.890908096588996,0.9,1.5274299170275079,1.3953253013943439
2025-04,4,2025-08,2025-05-05T21:59:00+00:00,FOOD_ECM_R27,0.07561623343998145,0.0640614990390808,2.493438320209967,2.4747363814398815,0.9522161774264485,1.288677627635654,0.20941269063115597,0.3,1.7366236449208974,1.6948761993741916
2025-04,5,2025-09,2025-05-05T21:59:00+00:00,FOOD_ECM_R27,-0.3305840877267329,-0.5761843790012655,2.305665349143618,2.5396706999676786,0.6210844532386777,0.7108269025412484,-0.49967547186259714,-0.7,1.2356956209666352,0.9924147056777457
2025-04,6,2025-10,2025-05-05T21:59:00+00:00,FOOD_ECM_R27,0.3670107793296797,0.5151320025756467,2.4950755088640726,2.578129716999364,0.9874233913257223,1.2246366392157346,0.5272253283270084,0.4,1.7615359823577257,1.391616832631491
2025-04,7,2025-11,2025-05-05T21:59:00+00:00,FOOD_ECM_R27,0.0847774965372672,-0.3203074951953821,2.099737532808387,2.597727340854158,1.0721649720409836,0.9038150615062249,0.07597910679191543,-0.1,1.837486239638439,1.2915667992731377
2025-04,8,2025-12,2025-05-05T21:59:00+00:00,FOOD_ECM_R27,-0.01462583401607315,-0.2570694087403624,2.1052631578947296,2.852676097989948,1.0575380683455062,0.6464146619889372,0.1472780641687499,0.2,1.984655956034884,1.4913670655404432
2025-04,9,2026-01,2025-05-05T21:59:00+00:00,FOOD_ECM_R27,1.0220147499969856,0.8376288659793785,1.62337662337662,2.5544450260302694,2.074365560684113,1.4805548850978871,0.53427206241704,0.4,2.5175058485240367,1.8905691924941885
2025-04,10,2026-02,2025-05-05T21:59:00+00:00,FOOD_ECM_R27,0.21335085618340227,-0.0638977635782689,1.3609850939727857,2.573427447390191,2.2874891471255645,1.416636698198173,0.4122159937968916,0.5,2.9288745598177885,2.389323343598096
2025-04,11,2026-03,2025-05-05T21:59:00+00:00,FOOD_ECM_R27,0.033198458426001734,0.5754475703324768,1.8782383419689104,2.541024622137708,2.3206820960826957,1.9904348935003127,-0.039522910715775246,0.2,2.88934383674114,2.5891236098654016
2025-04,12,2026-04,2025-05-05T21:59:00+00:00,FOOD_ECM_R27,0.2571728753731047,0.4450095359186168,2.464332036316472,2.6110302704046653,2.577524847887712,2.434457189773769,0.35287931682498513,0.3,3.241601995368537,2.8886745078452494
2025-05,1,2025-06,2025-06-03T21:59:00+00:00,FOOD_ECM_R27,0.1925659658885684,0.2580645161290418,2.913907284768222,2.5835108967223275,0.1923807953113747,0.2577321014300541,0.31594206388014534,0.3,0.31544401569491554,0.2995508979798479
2025-05,2,2025-07,2025-06-03T21:59:00+00:00,FOOD_ECM_R27,0.36509490505807973,0.4504504504504458,2.697368421052633,2.2806825548278264,0.556810846660918,0.7071710602139809,0.8382690619705152,0.9,1.150219114857689,1.1955250351270383
2025-05,3,2025-08,2025-06-03T21:59:00+00:00,FOOD_ECM_R27,0.05510024157958556,0.0640614990390808,2.493438320209967,2.06843830457169,0.6118959136313012,0.7712120486339054,0.1588049171463558,0.3,1.3088980703334137,1.4950759331068864
2025-05,4,2025-09,2025-06-03T21:59:00+00:00,FOOD_ECM_R27,-0.3537490404743152,-0.5761843790012655,2.305665349143618,2.109377607092118,0.25751970172668326,0.19336132353949975,-0.5485940503254102,-0.7,0.7587937166923836,0.7926144394104404
2025-05,5,2025-10,2025-06-03T21:59:00+00:00,FOOD_ECM_R27,0.34492283314611655,0.5151320025756467,2.4950755088640726,2.125195416177218,0.6018490404090653,0.707171060213986,0.4788777579174285,0.4,1.2365285025814239,1.1918165663641858
2025-05,6,2025-11,2025-06-03T21:59:00+00:00,FOOD_ECM_R27,0.058749751329532564,-0.3203074951953821,2.099737532808387,2.1181430624853603,0.6605815408284387,0.3863494825044762,0.028705404339356155,-0.1,1.2652297877078609,1.0917665330058324
2025-05,7,2025-12,2025-06-03T21:59:00+00:00,FOOD_ECM_R27,-0.03991658257594948,-0.2570694087403624,2.1052631578947296,2.3460056763995016,0.6206569894640173,0.12894908298718846,0.10065665175944105,0.2,1.3658358146282488,1.2915667992731379
2025-05,8,2026-01,2025-06-03T21:59:00+00:00,FOOD_ECM_R27,0.997030732818324,0.8376288659793785,1.62337662337662,2.024005679444092,1.6127501630691357,0.9630893060961386,0.4880213933645071,0.4,1.8526702437839198,1.6907689262268832
2025-05,9,2026-02,2025-06-03T21:59:00+00:00,FOOD_ECM_R27,0.1886945998638164,-0.0638977635782689,1.3609850939727857,2.017783526790652,1.8012669583095422,0.8991711191964245,0.3664616636693127,0.5,2.2184620726582502,2.1895230773307905
2025-05,10,2026-03,2025-06-03T21:59:00+00:00,FOOD_ECM_R27,0.008946643981432585,0.5754475703324768,1.8782383419689104,1.9608310893083372,1.8102132021026507,1.472969314498564,-0.08472083238493706,0.2,2.1337053318934283,2.3893233435980963
2025-05,11,2026-04,2025-06-03T21:59:00+00:00,FOOD_ECM_R27,0.20992874813544488,0.4450095359186168,2.464332036316472,2.30739872280834,2.019921907742784,1.9169916107720204,0.2761545608723884,0.3,2.4094792866048627,2.688874241577944
2025-05,12,2026-05,2025-06-03T21:59:00+00:00,FOOD_ECM_R27,0.3186505583983625,0.18987341772152,2.129032258064519,2.3656128810917116,2.3380658511849357,2.1066849967719876,0.21616087044095625,0.2,2.6254068655657097,2.88867450784525
2025-06,1,2025-07,2025-07-03T21:59:00+00:00,FOOD_ECM_R27,0.41902385974435225,0.4504504504504458,2.697368421052633,2.6201562766271573,0.41814839950862615,0.44943895878392676,0.8328131803305746,0.9,0.829364425921365,0.8959741371471904
2025-06,2,2025-08,2025-07-03T21:59:00+00:00,FOOD_ECM_R27,0.04928188612802532,0.0640614990390808,2.493438320209967,2.4012524450691903,0.46741814610338,0.5134799472038513,0.15359104734669066,0.3,0.982837642854811,1.1955250351270383
2025-06,3,2025-09,2025-07-03T21:59:00+00:00,FOOD_ECM_R27,-0.3605101165801352,-0.5761843790012655,2.305665349143618,2.43537444627268,0.106256625746872,-0.06437077789055437,-0.5536080557452258,-0.7,0.42769149843080656,0.4930635414305924
2025-06,4,2025-10,2025-07-03T21:59:00+00:00,FOOD_ECM_R27,0.34066603615727226,0.5151320025756467,2.4950755088640726,2.4468966051220398,0.446343709653048,0.44943895878393186,0.47394373056168887,0.4,0.9005156517443156,0.8922656683843377
2025-06,5,2025-11,2025-07-03T21:59:00+00:00,FOOD_ECM_R27,0.05436727156407064,-0.3203074951953821,2.099737532808387,2.435335267537693,0.5006962075704752,0.12861738107442208,0.02389843433778639,-0.1,0.9244112308611759,0.7922156350259844
2025-06,6,2025-12,2025-07-03T21:59:00+00:00,FOOD_ECM_R27,-0.04465213833584837,-0.2570694087403624,2.1052631578947296,2.6590420044027474,0.4560340971987416,-0.12878301844286566,0.09593024581808306,0.2,1.0202954930247508,0.99201590129329
2025-06,7,2026-01,2025-07-03T21:59:00+00:00,FOOD_ECM_R27,0.9956039742545139,0.8376288659793785,1.62337662337662,2.334611460990846,1.446714587053383,0.7053572046660844,0.483344174962788,0.4,1.5024753104258197,1.3912180282470352
2025-06,8,2026-02,2025-07-03T21:59:00+00:00,FOOD_ECM_R27,0.18668059743224874,-0.0638977635782689,1.3609850939727857,2.326313350985835,1.6332211528135927,0.6414390177663701,0.3618440200479649,0.5,1.8636662499473169,1.8899721793509425
2025-06,9,2026-03,2025-07-03T21:59:00+00:00,FOOD_ECM_R27,0.006659101310386294,0.5754475703324768,1.8782383419689104,2.2668494316285783,1.63988003241567,1.2152372130685096,-0.08927477853264683,0.2,1.7743515977510769,2.089772445618248
2025-06,10,2026-04,2025-07-03T21:59:00+00:00,FOOD_ECM_R27,0.2071525204102493,0.4450095359186168,2.464332036316472,2.6116143867168873,1.846818287844872,1.659259509341966,0.27161864243876443,0.3,2.045602023368225,2.389323343598096
2025-06,11,2026-05,2025-07-03T21:59:00+00:00,FOOD_ECM_R27,0.3546338810265848,0.18987341772152,2.129032258064519,2.4440234342988574,2.200824825667137,1.8489528953419332,0.21087449722438512,0.2,2.256254492403807,2.5891236098654016
2025-06,12,2026-06,2025-07-03T21:59:00+00:00,FOOD_ECM_R27,0.20944647475375294,-0.3158559696778251,1.544401544401539,2.4393287464321802,2.4100522670770466,1.5325970478226754,0.31312082651804235,0.3,2.568886116592084,2.8886745078452494
2025-07,1,2025-08,2025-08-04T21:59:00+00:00,FOOD_ECM_R27,0.04937213204801347,0.0640614990390808,2.493438320209967,2.511292612002738,0.04935994802107626,0.06404098841992446,0.15077622114295636,0.3,0.15066266792514954,0.2995508979798479
2025-07,2,2025-09,2025-08-04T21:59:00+00:00,FOOD_ECM_R27,-0.3593048931376684,-0.5761843790012655,2.305665349143618,2.5466916541256968,-0.3105919955352694,-0.5138097366744812,-0.5562928690470149,-0.7,-0.40718327233025725,-0.40291059571659804
2025-07,3,2025-10,2025-08-04T21:59:00+00:00,FOOD_ECM_R27,0.3399217003605748,0.5151320025756467,2.4950755088640726,2.557465548330233,0.02875327691311061,5.117434254131581e-15,0.4713201959378405,0.4,0.06302968769336459,-0.0037084687628526902
2025-07,4,2025-11,2025-08-04T21:59:00+00:00,FOOD_ECM_R27,0.05524439286954508,-0.3203074951953821,2.099737532808387,2.5467906959416227,0.08398241568570167,-0.32082157770950465,0.02135754825983793,-0.1,0.08438495555355002,-0.10375850212120603
2025-07,5,2025-12,2025-08-04T21:59:00+00:00,FOOD_ECM_R27,-0.04373317141040818,-0.2570694087403624,2.1052631578947296,2.771685689380676,0.04023967853484931,-0.5782219772267924,0.09344428852980713,0.2,0.17778561208701976,0.09604176414609959
2025-07,6,2026-01,2025-08-04T21:59:00+00:00,FOOD_ECM_R27,0.9930027000423474,0.8376288659793785,1.62337662337662,2.4442605070103935,1.0283445040932317,0.2559182458821577,0.4808941786060015,0.4,0.6575271883592394,0.49524389109984496
2025-07,7,2026-02,2025-08-04T21:59:00+00:00,FOOD_ECM_R27,0.18858300702115474,-0.0638977635782689,1.3609850939727857,2.4378986260223314,1.2167499166020288,0.1920000589824434,0.35943340816034536,0.5,1.0163161783528918,0.9939980422037523
2025-07,8,2026-03,2025-08-04T21:59:00+00:00,FOOD_ECM_R27,0.007724096026301003,0.5754475703324768,1.8782383419689104,2.379460113801496,1.2244737143353928,0.7657982542845829,-0.09164554823566257,0.2,0.9246286099096107,1.193798308471058
2025-07,9,2026-04,2025-08-04T21:59:00+00:00,FOOD_ECM_R27,0.20788806555375774,0.4450095359186168,2.464332036316472,2.7253587291341064,1.4321459916637111,1.2098205505580395,0.2692625983012832,0.3,1.1935293459043608,1.493349206450906
2025-07,10,2026-05,2025-08-04T21:59:00+00:00,FOOD_ECM_R27,0.35490582399176773,0.18987341772152,2.129032258064519,2.557859915735181,1.786423511090122,1.3995139365580065,0.20853850041616,0.2,1.4018507066172594,1.6931494727182117
2025-07,11,2026-06,2025-08-04T21:59:00+00:00,FOOD_ECM_R27,0.20875444928662315,-0.3158559696778251,1.544401544401539,2.5074187372417867,1.9949603710419186,1.0831580890387487,0.30750356347918334,0.3,1.708882444894099,1.9927003706980595
2025-07,12,2026-07,2025-08-04T21:59:00+00:00,FOOD_ECM_R27,0.37804999031234326,0.6337135614702172,1.7296604740550945,2.400660366016197,2.372297548339898,1.714872129164898,0.8327922160170498,1.0,2.538226079651315,2.987733456014868
2025-08,1,2025-09,2025-09-03T21:59:00+00:00,FOOD_ECM_R27,-0.39161034785553017,-0.5761843790012655,2.305665349143618,2.555408225656422,-0.3923791489711343,-0.5778507250944056,-0.5482316245170819,-0.7,-0.5497399292827377,-0.702461493696446
2025-08,2,2025-10,2025-09-03T21:59:00+00:00,FOOD_ECM_R27,0.3435148833972032,0.5151320025756467,2.4950755088640726,2.5698559413394517,-0.04945293023423214,-0.06404098841991937,0.47908465113999205,0.4,-0.07179923642680414,-0.3032593667427006
2025-08,3,2025-11,2025-09-03T21:59:00+00:00,FOOD_ECM_R27,0.05942328031211428,-0.3203074951953821,2.099737532808387,2.5634632655885006,0.009952701437921296,-0.38486256612942915,0.028784520128398855,-0.1,-0.04301885824659285,-0.4033094001010539
2025-08,4,2025-12,2025-09-03T21:59:00+00:00,FOOD_ECM_R27,-0.03967427642597676,-0.2570694087403624,2.1052631578947296,2.7925687219595696,-0.029729447311365485,-0.6422629656467169,0.1006342711803305,0.2,0.05756481059707398,-0.2035091338337483
2025-08,5,2026-01,2025-09-03T21:59:00+00:00,FOOD_ECM_R27,0.9984679101182667,0.8376288659793785,1.62337662337662,2.470621878340655,0.9637867058251015,0.19187725746223325,0.4879173692424583,0.4,0.5442957207716278,0.19569299311999705
2025-08,6,2026-02,2025-09-03T21:59:00+00:00,FOOD_ECM_R27,0.1902918417423045,-0.0638977635782689,1.3609850939727857,2.4660060093421423,1.153897722003428,0.12795907056251893,0.36629259881081055,0.5,0.9099191019413237,0.6944471442239044
2025-08,7,2026-03,2025-09-03T21:59:00+00:00,FOOD_ECM_R27,0.013206706960975787,0.5754475703324768,1.8782383419689104,2.4131656364628897,1.1671035569556352,0.7017572658646584,-0.08494103610890907,0.2,0.8249419704930541,0.89424741049121
2025-08,8,2026-04,2025-09-03T21:59:00+00:00,FOOD_ECM_R27,0.2137834711886987,0.4450095359186168,2.464332036316472,2.7652236315670526,1.3806588364477792,1.1457795621381148,0.2758918927766647,0.3,1.1004539801379896,1.193798308471058
2025-08,9,2026-05,2025-09-03T21:59:00+00:00,FOOD_ECM_R27,0.3608299933685823,0.18987341772152,2.129032258064519,2.6037163805049777,1.7408394001516212,1.3354729481380818,0.21508427878733946,0.2,1.315307283825213,1.3935985747383635
2025-08,10,2026-06,2025-09-03T21:59:00+00:00,FOOD_ECM_R27,0.21486504254506325,-0.3158559696778251,1.544401544401539,2.5595062059241123,1.9554739378879291,1.019117100618824,0.313992142568413,0.3,1.6288075005356886,1.6931494727182113
2025-08,11,2026-07,2025-09-03T21:59:00+00:00,FOOD_ECM_R27,0.3806276569813317,0.6337135614702172,1.7296604740550945,2.4882174144055234,2.3353790407165387,1.6508311407449738,0.8885507631662413,1.0,2.5134338810309345,2.6881825580350194
2025-09,1,2025-10,2025-10-05T21:59:00+00:00,FOOD_ECM_R27,0.35044514091462026,0.5151320025756467,2.4950755088640726,2.4264543577952975,0.3498325127971042,0.5138097366744863,0.5331520034348818,0.4,0.5317357796612061,0.39920212695374535
2025-09,2,2025-11,2025-10-05T21:59:00+00:00,FOOD_ECM_R27,0.06472411543432698,-0.3203074951953821,2.099737532808387,2.4254965143921963,0.41453569120955175,0.19298815896497645,0.08056945702608699,-0.1,0.6122727969234574,0.299152093595392
2025-09,3,2025-12,2025-10-05T21:59:00+00:00,FOOD_ECM_R27,-0.03059647009310863,-0.2570694087403624,2.1052631578947296,2.6636162383202584,0.3839345394415565,-0.06441224055231129,0.15082317366257336,0.2,0.7629823466705783,0.49895235986269765
2025-09,4,2026-01,2025-10-05T21:59:00+00:00,FOOD_ECM_R27,1.0097556374749532,0.8376288659793785,1.62337662337662,2.353511165066222,1.3886262053073604,0.7697279825566389,0.5369888287617879,0.4,1.2985345312057173,0.898154486816443
2025-09,5,2026-02,2025-10-05T21:59:00+00:00,FOOD_ECM_R27,0.2039093765979405,-0.0638977635782689,1.3609850939727857,2.3628114972636958,1.5923279689163072,0.7058097956569245,0.4142566508314166,0.5,1.7119355015017037,1.3969086379203504
2025-09,6,2026-03,2025-10-05T21:59:00+00:00,FOOD_ECM_R27,0.02576534175129086,0.5754475703324768,1.8782383419689104,2.322871386077456,1.6180899919734566,1.279607990959064,-0.03802725831401244,0.2,1.6739010109922883,1.5967089041876559
2025-09,7,2026-04,2025-10-05T21:59:00+00:00,FOOD_ECM_R27,0.2337117309424468,0.4450095359186168,2.464332036316472,2.6950365987505545,1.8515290418258241,1.7236302872325204,0.3223049811890934,0.3,1.9956877030261293,1.8962598021675037
2025-09,8,2026-05,2025-10-05T21:59:00+00:00,FOOD_ECM_R27,0.38115531512054585,0.18987341772152,2.129032258064519,2.5544050191033665,2.23195980061485,1.9133236732324876,0.2609334595447055,0.2,2.256281322262299,2.0960600684348094
2025-09,9,2026-06,2025-10-05T21:59:00+00:00,FOOD_ECM_R27,0.2355454794219204,-0.3158559696778251,1.544401544401539,2.5313701996876112,2.4672283065195244,1.5969678257132296,0.35945754339644914,0.3,2.6150943610497537,2.395610966414657
2025-09,10,2026-07,2025-10-05T21:59:00+00:00,FOOD_ECM_R27,0.40167783238921656,0.6337135614702172,1.7296604740550945,2.48158721379139,2.868101567307775,2.228681865839379,0.9339313823499528,1.0,3.544691568844405,3.3906440517314653
2025-10,1,2025-11,2025-11-04T22:59:00+00:00,FOOD_ECM_R27,0.0023805901592090922,-0.3203074951953821,2.099737532808387,2.1500717730293855,0.0023805618236112636,-0.3208215777095098,0.012207827484671986,-0.1,0.012207082390051801,-0.10005003335835334
2025-10,2,2025-12,2025-11-04T22:59:00+00:00,FOOD_ECM_R27,-0.08365948949880048,-0.2570694087403624,2.1052631578947296,2.333204632736317,-0.08131394175586804,-0.5782219772267975,0.08505028463847136,0.2,0.09722121976805105,0.09975023290895228
2025-10,3,2026-01,2025-11-04T22:59:00+00:00,FOOD_ECM_R27,0.9652129605328309,0.8376288659793785,1.62337662337662,1.9791076233154021,0.8792705973967228,0.2559182458821526,0.4730798963366054,0.4,0.5691856099365308,0.49895235986269765
2025-10,4,2026-02,2025-11-04T22:59:00+00:00,FOOD_ECM_R27,0.15930018196989873,-0.0638977635782689,1.3609850939727857,1.942970325398032,1.0384440312155796,0.1920000589824383,0.35211775345876134,0.5,0.9206848802678276,0.997706510966605
2025-10,5,2026-03,2025-11-04T22:59:00+00:00,FOOD_ECM_R27,-0.014637567252475725,0.5754475703324768,1.8782383419689104,1.8620327791983078,1.0238053925666764,0.7657982542845778,-0.09853873362550146,0.2,0.8220975653152985,1.1975067772339107
2025-10,6,2026-04,2025-11-04T22:59:00+00:00,FOOD_ECM_R27,0.19169532862845748,0.4450095359186168,2.464332036316472,2.1896675733988684,1.2153172201712141,1.2098205505580342,0.2626573094922096,0.3,1.0844105333232867,1.4970576752137585
2025-10,7,2026-05,2025-11-04T22:59:00+00:00,FOOD_ECM_R27,0.3448610797297345,0.18987341772152,2.129032258064519,2.0128305193873537,1.5595850176877453,1.3995139365580012,0.2021872989686626,0.2,1.2863937088674122,1.6968579414810643
2025-10,8,2026-06,2025-11-04T22:59:00+00:00,FOOD_ECM_R27,0.2014139275224925,-0.3158559696778251,1.544401544401539,1.9551884042893337,1.7607963793109223,1.0831580890387433,0.30134635738295856,0.3,1.5872869282298696,1.996408839460912
2025-10,9,2026-07,2025-11-04T22:59:00+00:00,FOOD_ECM_R27,0.3689963670960325,0.6337135614702172,1.7296604740550945,1.8725141467080364,2.129113624922007,1.7148721291648932,0.8760448964841298,1.0,2.459516816013161,2.99144192477772
2025-11,1,2025-12,2025-12-03T22:59:00+00:00,FOOD_ECM_R27,-0.08348893291572725,-0.2570694087403624,2.1052631578947296,2.6259033481466525,-0.08352380433585962,-0.2574003995172877,0.06016377867051559,0.2,0.060145687525043484,0.19980026626730563
2025-11,2,2026-01,2025-12-03T22:59:00+00:00,FOOD_ECM_R27,0.9203862521450699,0.8376288659793785,1.62337662337662,2.225387169888368,0.8326527044279785,0.5767398235916624,0.449037637401478,0.4,0.5081781588535385,0.599002393221051
2025-11,3,2026-02,2025-12-03T22:59:00+00:00,FOOD_ECM_R27,0.12479193148767972,-0.0638977635782689,1.3609850939727857,2.1539549939811966,0.9573668355038673,0.512821636691948,0.3288561254879453,0.5,0.8364947351552275,1.0977565443249584
2025-11,4,2026-03,2025-12-03T22:59:00+00:00,FOOD_ECM_R27,-0.045065678543711574,0.5754475703324768,1.8782383419689104,2.0417865493581906,0.9122909993313918,1.0866198319940876,-0.1210972471691338,0.2,0.7153241060213923,1.2975568105922641
2025-11,5,2026-04,2025-12-03T22:59:00+00:00,FOOD_ECM_R27,0.1639925063365476,0.4450095359186168,2.464332036316472,2.341694394281709,1.0761491847880005,1.530642128267544,0.24049789104423916,0.3,0.9555332637267154,1.597107708572112
2025-11,6,2026-05,2025-12-03T22:59:00+00:00,FOOD_ECM_R27,0.3186178887719158,0.18987341772152,2.129032258064519,2.1378751553120137,1.3942605623696824,1.7203355142675112,0.1804255397037985,0.2,1.1357962320710888,1.7969079748394177
2025-11,7,2026-06,2025-12-03T22:59:00+00:00,FOOD_ECM_R27,0.18432198965096758,-0.3158559696778251,1.544401544401539,2.062749977109086,1.5784128874953323,1.4039796667482534,0.27987080378857937,0.3,1.4152761267161245,2.0964588728192655
2025-11,8,2026-07,2025-12-03T22:59:00+00:00,FOOD_ECM_R27,0.3536926327275412,0.6337135614702172,1.7296604740550945,1.964439129180586,1.9314814988096154,2.0356937068744028,0.8546938980069294,1.0,2.266338195767859,3.091491958136074
2025-12,1,2026-01,2026-01-06T22:59:00+00:00,FOOD_ECM_R27,0.8099214416956451,0.8376288659793785,1.62337662337662,1.5337618200553127,0.80665918065063,0.8341402231089501,0.4174949230686498,0.4,0.4166258311181778,0.39920212695374535
2025-12,2,2026-02,2026-01-06T22:59:00+00:00,FOOD_ECM_R27,0.09341070104452985,-0.0638977635782689,1.3609850939727857,1.431012337591186,0.9000262810494785,0.7702220362092358,0.29855112123788735,0.5,0.7147321735376396,0.8979562780576527
2025-12,3,2026-03,2026-01-06T22:59:00+00:00,FOOD_ECM_R27,-0.07191999989754153,0.5754475703324768,1.8782383419689104,1.2924167396623127,0.8280804063131441,1.3440202315113754,-0.15031065815561725,0.2,0.5643084355840491,1.0977565443249584
2025-12,4,2026-04,2026-01-06T22:59:00+00:00,FOOD_ECM_R27,0.13749110141091092,0.4450095359186168,2.464332036316472,1.5632434045296986,0.9654770752568018,1.7880425277848315,0.2119460376918346,0.3,0.7760301845195946,1.3973074423048062
2025-12,5,2026-05,2026-01-06T22:59:00+00:00,FOOD_ECM_R27,0.29595741387554986,0.18987341772152,2.129032258064519,1.3380785668189965,1.2609973973695034,1.9777359137847987,0.1525042893116875,0.2,0.9284183041341725,1.597107708572112
2025-12,6,2026-06,2026-01-06T22:59:00+00:00,FOOD_ECM_R27,0.1591851875627877,-0.3158559696778251,1.544401544401539,1.2381340764157396,1.4200560196102885,1.6613800662655407,0.25241312081641365,0.3,1.1805133980813984,1.8966586065519597
2025-12,7,2026-07,2026-01-06T22:59:00+00:00,FOOD_ECM_R27,0.33421668508617497,0.6337135614702172,1.7296604740550945,1.120988862338684,1.7537154420315177,2.29309410639169,0.8274741040950662,1.0,2.004582704860911,2.8916916918687683
2026-01,1,2026-02,2026-02-04T22:59:00+00:00,FOOD_ECM_R27,0.15796351648808038,-0.0638977635782689,1.3609850939727857,1.5999358452815144,0.1578388853559242,-0.0639181868997143,0.37750474784282584,0.5,0.37679398687893506,0.49875415110390736
2026-01,2,2026-03,2026-02-04T22:59:00+00:00,FOOD_ECM_R27,-0.02680333971884124,0.5754475703324768,1.8782383419689104,1.5069182394851317,0.13103195289998587,0.5098800084024252,-0.0746419192940456,0.2,0.3021241966345054,0.698554417371213
2026-01,3,2026-04,2026-02-04T22:59:00+00:00,FOOD_ECM_R27,0.18523579279357066,0.4450095359186168,2.464332036316472,1.8268454430904821,0.3160963957671957,0.9539023046758817,0.28553561785155046,0.3,0.5872529358789618,0.998105315351061
2026-01,4,2026-05,2026-02-04T22:59:00+00:00,FOOD_ECM_R27,0.33746148937935605,0.18987341772152,2.129032258064519,1.6431403647891485,0.6529897616357339,1.1435956906758487,0.22416842655758876,0.2,0.8111704798822506,1.1979055816183666
2026-01,5,2026-06,2026-02-04T22:59:00+00:00,FOOD_ECM_R27,0.20007342941555348,-0.3158559696778251,1.544401544401539,1.5843481250309444,0.8528633107260413,0.8272398431565908,0.3226418375354945,0.3,1.133292945482027,1.4974564795982146
2026-01,6,2026-07,2026-02-04T22:59:00+00:00,FOOD_ECM_R27,0.37235768994609697,0.6337135614702172,1.7296604740550945,1.5053738433473434,1.2245294655503451,1.4589538832827404,0.8968932350182683,1.0,2.0261879817251627,2.492489564915023
2026-02,1,2026-03,2026-03-03T22:59:00+00:00,FOOD_ECM_R27,-0.12885016509656566,0.5754475703324768,1.8782383419689104,1.3062849999767756,-0.1289332482980227,0.5737981953021395,-0.12326292123863015,0.2,-0.12333895246268545,0.19980026626730563
2026-02,2,2026-04,2026-03-03T22:59:00+00:00,FOOD_ECM_R27,0.09577121488210111,0.4450095359186168,2.464332036316472,1.5348290591726357,-0.033207864784083704,1.017820491575596,0.23854796588083893,0.3,0.11492493943680052,0.49935116424715353
2026-02,3,2026-05,2026-03-03T22:59:00+00:00,FOOD_ECM_R27,0.25253757621811623,0.18987341772152,2.129032258064519,1.2658684998546106,0.21901137113696367,1.207513877575563,0.17865554775856463,0.2,0.2934210879937471,0.6991514305144592
2026-02,4,2026-06,2026-03-03T22:59:00+00:00,FOOD_ECM_R27,0.1343218391148707,-0.3158559696778251,1.544401544401539,1.1408819492083917,0.35324307917097414,0.8911580300563051,0.27824220876252537,0.3,0.5712769196660843,0.9987023284943071
2026-02,5,2026-07,2026-03-03T22:59:00+00:00,FOOD_ECM_R27,0.3272876891210189,0.6337135614702172,1.7296604740550945,1.0168726466288804,0.6799963478787453,1.5228720701824547,0.8531711473216251,1.0,1.4208291311969026,1.9937354138111154
2026-03,1,2026-04,2026-04-06T21:59:00+00:00,FOOD_ECM_R27,0.4866644497406527,0.4450095359186168,2.464332036316472,2.5146724112333847,0.48548406642895975,0.44402229627345635,0.30133629046555144,0.3,0.30088318268969283,0.2995508979798479
2026-03,2,2026-05,2026-04-06T21:59:00+00:00,FOOD_ECM_R27,0.2939599458961381,0.18987341772152,2.129032258064519,2.2853611345991722,0.7790127949403786,0.6337156822734235,0.23901375873603992,0.2,0.5396117578696366,0.49935116424715353
2026-03,3,2026-06,2026-04-06T21:59:00+00:00,FOOD_ECM_R27,0.17394722110123623,-0.3158559696778251,1.544401544401539,2.1995429219585265,0.9528089030754626,0.3173598347541656,0.33674448153813813,0.3,0.875790524831203,0.7989020622270014
2026-03,4,2026-07,2026-04-06T21:59:00+00:00,FOOD_ECM_R27,0.3637881160323073,0.6337135614702172,1.7296604740550945,2.111371580502447,1.3159369105874446,0.9490738748803154,0.9104673202552779,1.0,1.7821380785842362,1.79393514754381
2026-04,1,2026-05,2026-05-05T21:59:00+00:00,FOOD_ECM_R27,0.2873646288063195,0.18987341772152,2.129032258064519,2.2823741864057805,0.2869525259599802,0.18969338599996707,0.33676814027079605,0.2,0.33620234628935003,0.19980026626730563
2026-04,2,2026-06,2026-05-05T21:59:00+00:00,FOOD_ECM_R27,0.24343443916595392,-0.3158559696778251,1.544401544401539,2.2674487136915755,0.5300911434856426,-0.12666246151929078,0.4308797582285649,0.3,0.7661564756334591,0.49935116424715353
2026-04,3,2026-07,2026-05-05T21:59:00+00:00,FOOD_ECM_R27,0.43031987675334643,0.6337135614702172,1.7296604740550945,2.246954008053985,0.9594877918665417,0.5050515786068589,1.0021524378109101,1.0,1.763320664787544,1.4943842495639619
2026-05,1,2026-06,2026-06-03T21:59:00+00:00,FOOD_ECM_R27,0.222229879334672,-0.3158559696778251,1.544401544401539,2.2736808838601665,0.22198331396537221,-0.3163558475192579,0.3902141696206325,0.3,0.38945480891079653,0.2995508979798479
2026-05,2,2026-07,2026-06-03T21:59:00+00:00,FOOD_ECM_R27,0.4165522630284136,0.6337135614702172,1.7296604740550945,2.2391674258577825,0.6376703998324825,0.3153581926068918,0.962801666039338,1.0,1.3476510766805716,1.2945839832966564
2026-06,1,2026-07,2026-07-06T21:59:00+00:00,FOOD_ECM_R27,0.27309399238662757,0.6337135614702172,1.7296604740550945,1.6269158145207332,0.27272176827037103,0.6317140401261497,0.9258048864624644,1.0,0.9215455814108175,0.9950330853168083
2019-03,1,2019-04,2019-04-09T21:59:00+00:00,CORE_LEVELPHASE_FIXED040_R29B,0.351613781351548,0.0930232558139509,2.769818529130847,2.9459194551948253,0.35099706531162883,0.09298001599665273,0.434769878195373,0.4,0.4338274844691249,0.39920212695374535
2019-03,1,2019-04,2019-04-09T21:59:00+00:00,CORE_LEVELPHASE_FIXED060_R29B,0.3615687784111518,0.0930232558139509,2.769818529130847,2.9561318104012657,0.3609166898632476,0.09298001599665273,0.452810442674678,0.4,0.45178834048519856,0.39920212695374535
2019-03,1,2019-04,2019-04-09T21:59:00+00:00,CORE_LEVELPHASE_FIXED080_R29B,0.37152556363402384,0.0930232558139509,2.769818529130847,2.9663459999988517,0.3708371120673428,0.09298001599665273,0.47085424768479844,0.4,0.46974919650127217,0.39920212695374535
2019-03,1,2019-04,2019-04-09T21:59:00+00:00,CORE_LEVELPHASE_PANEL_R29B,0.3578227510941509,0.0930232558139509,2.769818529130847,2.95228894019797,0.3571840885546339,0.09298001599665273,0.446021847263854,0.4,0.4450301176164758,0.39920212695374535
2019-04,1,2019-05,2019-05-12T21:59:00+00:00,CORE_LEVELPHASE_FIXED040_R29B,0.26141032140267545,0.6505576208178487,2.9467680608364977,2.8500423430146835,0.2610692389092491,0.6484506279260935,0.12091573250020808,0.1,0.120842688303732,0.09995003330835331
2019-04,2,2019-06,2019-05-12T21:59:00+00:00,CORE_LEVELPHASE_FIXED040_R29B,0.1369125520743292,0.1846722068328699,2.7462121212121224,2.6007400783687835,0.3978881512089931,0.8329525252830231,0.19252455527198636,0.3,0.31318215257947496,0.3995009312882012
2019-04,1,2019-05,2019-05-12T21:59:00+00:00,CORE_LEVELPHASE_FIXED060_R29B,0.2622004787565434,0.6505576208178487,2.9467680608364977,2.8508529013046826,0.2618573329902594,0.6484506279260935,0.12235077699741825,0.1,0.1222759894301563,0.09995003330835331
2019-04,2,2019-06,2019-05-12T21:59:00+00:00,CORE_LEVELPHASE_FIXED060_R29B,0.13770327456723436,0.1846722068328699,2.7462121212121224,2.602358856194093,0.399465883547099,0.8329525252830231,0.19396062614661552,0.3,0.3160487548323236,0.3995009312882012
2019-04,1,2019-05,2019-05-12T21:59:00+00:00,CORE_LEVELPHASE_FIXED080_R29B,0.2629906474358268,0.6505576208178487,2.9467680608364977,2.8516634712125053,0.26264543215610453,0.6484506279260935,0.12378584206328479,0.1,0.12370929055658067,0.09995003330835331
2019-04,2,2019-06,2019-05-12T21:59:00+00:00,CORE_LEVELPHASE_FIXED080_R29B,0.13849400839365505,0.1846722068328699,2.7462121212121224,2.6039776699917825,0.4010436260526443,0.8329525252830231,0.19539671760461214,0.3,0.31891535708517227,0.3995009312882012
2019-04,1,2019-05,2019-05-12T21:59:00+00:00,CORE_LEVELPHASE_PANEL_R29B,0.26190164665695886,0.6505576208178487,2.9467680608364977,2.850546353710776,0.26155928193662803,0.6484506279260935,0.12180805299693998,0.1,0.12173392717610537,0.09995003330835331
2019-04,2,2019-06,2019-05-12T21:59:00+00:00,CORE_LEVELPHASE_PANEL_R29B,0.13740422873593647,0.1846722068328699,2.7462121212121224,2.601746644005771,0.3988691974458813,0.8329525252830231,0.19341751397722684,0.3,0.31496463032422173,0.3995009312882012
2019-05,1,2019-06,2019-06-10T21:59:00+00:00,CORE_LEVELPHASE_FIXED040_R29B,0.21296701176634353,0.1846722068328699,2.7462121212121224,2.3411762194986245,0.21274055848270576,0.18450189735692968,0.18905571985278188,0.3,0.18887723444924065,0.2995508979798479
2019-05,2,2019-07,2019-06-10T21:59:00+00:00,CORE_LEVELPHASE_FIXED040_R29B,0.3283138790686667,0.3686635944700533,2.9300567107750517,2.483079763053874,0.5405166642701664,0.5524875931969915,0.4570279985913773,1.0,0.6448640312669317,1.2945839832966564
2019-05,3,2019-08,2019-06-10T21:59:00+00:00,CORE_LEVELPHASE_FIXED040_R29B,0.028510715708109546,0.0918273645546419,2.9272898961284195,2.415497385347795,0.5690233164460682,0.6442728222198875,0.1475644035398862,0.2,0.7923196655308651,1.494384249563962
2019-05,4,2019-09,2019-06-10T21:59:00+00:00,CORE_LEVELPHASE_FIXED040_R29B,-0.1147833371964604,-0.5504587155963248,2.6515151515151705,2.5885606115165394,0.45417405272384526,0.09229349986010649,-0.3919467267302807,-0.9,0.3996028146413437,0.5903097843490557
2019-05,5,2019-10,2019-06-10T21:59:00+00:00,CORE_LEVELPHASE_FIXED040_R29B,0.29194193703532556,0.4612546125461358,2.735849056603792,2.4998028137026664,0.7456906668823238,0.552487593197012,0.35219774428141015,0.6,0.7511817950899347,1.188516952103802
2019-05,6,2019-11,2019-06-10T21:59:00+00:00,CORE_LEVELPHASE_FIXED040_R29B,0.04532649676093803,0.2754820936639035,3.116147308781873,2.6430954924601315,0.7910068942897603,0.8275909303859917,-9.634920792066739e-05,0.0,0.7510854458355981,1.188516952103802
2019-05,7,2019-12,2019-06-10T21:59:00+00:00,CORE_LEVELPHASE_FIXED040_R29B,0.10902852318048491,0.1831501831501825,3.207547169811327,2.658067058958504,0.8999760245421454,1.0105735980936075,0.16857093431713882,0.1,0.9195144588229439,1.2884669854121553
2019-05,8,2020-01,2019-06-10T21:59:00+00:00,CORE_LEVELPHASE_FIXED040_R29B,0.8101052316012999,1.4625228519195457,3.6414565826330487,2.426785953982948,1.7068175183376426,2.4625047305389227,0.2753463202811813,0.8,1.1944823955413337,2.085283950329843
2019-05,9,2020-02,2019-06-10T21:59:00+00:00,CORE_LEVELPHASE_FIXED040_R29B,0.26826585461571173,0.2702702702702675,3.7278657968313063,2.5101332264603275,1.9747241823566692,2.7324104274554206,0.2841572332864566,0.7,1.4782366653477392,2.782845323972367
2019-05,10,2020-03,2019-06-10T21:59:00+00:00,CORE_LEVELPHASE_FIXED040_R29B,0.017681858685666664,-0.0898472596585708,3.4418604651162905,2.3375086741961946,1.992404477985952,2.642522780953716,0.014923387922806425,-0.3,1.4931589398437828,2.482394421942495
2019-05,11,2020-04,2019-06-10T21:59:00+00:00,CORE_LEVELPHASE_FIXED040_R29B,0.1941082645352696,-0.1798561151079125,3.159851301115256,2.4408604126126705,2.1863245958622173,2.4625047305389303,0.4128619494649473,0.2,1.9051709529349727,2.6821946882098007
2019-05,12,2020-05,2019-06-10T21:59:00+00:00,CORE_LEVELPHASE_FIXED040_R29B,0.1844959563351765,0.3603603603603567,2.862419205909517,2.3989738605995603,2.3706505674524143,2.822217348623878,0.12437067965391528,0.7,2.02946435632514,3.3797560618523246
2019-05,1,2019-06,2019-06-10T21:59:00+00:00,CORE_LEVELPHASE_FIXED060_R29B,0.21356264184611262,0.1846722068328699,2.7462121212121224,2.3417844988937264,0.21333492099629142,0.18450189735692968,0.19013690932247795,0.3,0.18995637790273026,0.2995508979798479
2019-05,2,2019-07,2019-06-10T21:59:00+00:00,CORE_LEVELPHASE_FIXED060_R29B,0.3289111022600648,0.3686635944700533,2.9300567107750517,2.4842989393401744,0.5417062938532089,0.5524875931969915,0.4581120798819801,1.0,0.6470223181739111,1.2945839832966564
2019-05,3,2019-08,2019-06-10T21:59:00+00:00,CORE_LEVELPHASE_FIXED060_R29B,0.029286857473342545,0.0918273645546419,2.9272898961284195,2.4175104299881585,0.5709888635635951,0.6442728222198875,0.14897325835105785,0.2,0.7958847214490724,1.494384249563962
2019-05,4,2019-09,2019-06-10T21:59:00+00:00,CORE_LEVELPHASE_FIXED060_R29B,-0.11383159146406155,-0.5504587155963248,2.6515151515151705,2.591554581302643,0.45709243473518457,0.09229349986010649,-0.39021911508229823,-0.9,0.4049022651285171,0.5903097843490557
2019-05,5,2019-10,2019-06-10T21:59:00+00:00,CORE_LEVELPHASE_FIXED060_R29B,0.2930819218868525,0.4612546125461358,2.735849056603792,2.5039593080266487,0.7497457088791473,0.552487593197012,0.35426704813114485,0.6,0.7585432657038123,1.188516952103802
2019-05,6,2019-11,2019-06-10T21:59:00+00:00,CORE_LEVELPHASE_FIXED060_R29B,0.046528139412069194,0.2754820936639035,3.116147308781873,2.6484906918822997,0.7962630273088352,0.8275909303859917,0.002084876060696288,0.0,0.7606281200312697,1.188516952103802
2019-05,7,2019-12,2019-06-10T21:59:00+00:00,CORE_LEVELPHASE_FIXED060_R29B,0.11029796324062202,0.1831501831501825,3.207547169811327,2.6647648770858825,0.9065002070371937,1.0105735980936075,0.17087522564165128,0.1,0.9313575200554991,1.2884669854121553
2019-05,8,2020-01,2019-06-10T21:59:00+00:00,CORE_LEVELPHASE_FIXED060_R29B,0.8114418656460795,1.4625228519195457,3.6414565826330487,2.4348268405225166,1.7146675849597024,2.4625047305389227,0.2777725823239128,0.8,1.2087450272658624,2.085283950329843
2019-05,9,2020-02,2019-06-10T21:59:00+00:00,CORE_LEVELPHASE_FIXED060_R29B,0.26964311526390067,0.2702702702702675,3.7278657968313063,2.519588821006849,1.9839478153585572,2.7324104274554206,0.2866572408589854,0.7,1.494992189748815,2.782845323972367
2019-05,10,2020-03,2019-06-10T21:59:00+00:00,CORE_LEVELPHASE_FIXED060_R29B,0.019095822220320982,-0.0898472596585708,3.4418604651162905,2.3483952384441364,2.0030418145588236,2.642522780953716,0.017490018682614822,-0.3,1.512480679105979,2.482394421942495
2019-05,11,2020-04,2019-06-10T21:59:00+00:00,CORE_LEVELPHASE_FIXED060_R29B,0.19556841514257978,-0.1798561151079125,3.159851301115256,2.4532510231468536,2.1984192436414647,2.4625047305389303,0.41551241913465586,0.2,1.9271322292428634,2.6821946882098007
2019-05,12,2020-05,2019-06-10T21:59:00+00:00,CORE_LEVELPHASE_FIXED060_R29B,0.18595191185537682,0.3603603603603567,2.862419205909517,2.412847722750562,2.3841984789596378,2.822217348623878,0.12701353438918442,0.7,2.054065169678725,3.3797560618523246
2019-05,1,2019-06,2019-06-10T21:59:00+00:00,CORE_LEVELPHASE_FIXED080_R29B,0.21415827835361945,0.1846722068328699,2.7462121212121224,2.3423927848530712,0.21392928639123168,0.18450189735692968,0.19121811045982245,0.3,0.19103552135622,0.2995508979798479
2019-05,2,2019-07,2019-06-10T21:59:00+00:00,CORE_LEVELPHASE_FIXED080_R29B,0.3295083318963926,0.3686635944700533,2.9300567107750517,2.4855181360351613,0.5428959291979611,0.5524875931969915,0.45919617287143816,1.0,0.6491806050808904,1.2945839832966564
2019-05,3,2019-08,2019-06-10T21:59:00+00:00,CORE_LEVELPHASE_FIXED080_R29B,0.03006301015717423,0.0918273645546419,2.9272898961284195,2.419523525110685,0.5729544213377155,0.6442728222198875,0.1503821329817019,0.2,0.7994497773672795,1.494384249563962
2019-05,4,2019-09,2019-06-10T21:59:00+00:00,CORE_LEVELPHASE_FIXED080_R29B,-0.11287982922449329,-0.5504587155963248,2.6515151515151705,2.594548657038764,0.4600108348500843,0.09229349986010649,-0.3884914734704534,-0.9,0.4102017156156903,0.5903097843490557
2019-05,5,2019-10,2019-06-10T21:59:00+00:00,CORE_LEVELPHASE_FIXED080_R29B,0.294221930245339,0.4612546125461358,2.735849056603792,2.5081160002412535,0.7538007794977187,0.552487593197012,0.3563363946507815,0.6,0.7659047363176898,1.188516952103802
2019-05,6,2019-11,2019-06-10T21:59:00+00:00,CORE_LEVELPHASE_FIXED080_R29B,0.04772980827375875,0.2754820936639035,3.116147308781873,2.653886216356561,0.8015192007216889,0.8275909303859917,0.004266148906795811,0.0,0.7701707942269412,1.188516952103802
2019-05,7,2019-12,2019-06-10T21:59:00+00:00,CORE_LEVELPHASE_FIXED080_R29B,0.1115674325031296,0.1831501831501825,3.207547169811327,2.6714631871185217,0.9130244430165562,1.0105735980936075,0.17317956997439238,0.1,0.9432005812880544,1.2884669854121553
2019-05,8,2020-01,2019-06-10T21:59:00+00:00,CORE_LEVELPHASE_FIXED080_R29B,0.8127785320320531,1.4625228519195457,3.6414565826330487,2.4428684279479143,1.7225177195670738,2.4625047305389227,0.28019890307247486,0.8,1.2230076589903909,2.085283950329843
2019-05,9,2020-02,2019-06-10T21:59:00+00:00,CORE_LEVELPHASE_FIXED080_R29B,0.2710204102461474,0.2702702702702675,3.7278657968313063,2.529045373211126,1.9931715317204273,2.7324104274554206,0.2891573107547968,0.7,1.5117477141498905,2.782845323972367
2019-05,10,2020-03,2019-06-10T21:59:00+00:00,CORE_LEVELPHASE_FIXED080_R29B,0.02050982204078324,-0.0898472596585708,3.4418604651162905,2.359283062798303,2.013679250784749,2.642522780953716,0.02005671530852833,-0.3,1.5318024183681753,2.482394421942495
2019-05,11,2020-04,2019-06-10T21:59:00+00:00,CORE_LEVELPHASE_FIXED080_R29B,0.19702860429161473,-0.1798561151079125,3.159851301115256,2.4656432521359926,2.2105140083024515,2.4625047305389303,0.4181629587654164,0.2,1.949093505550754,2.6821946882098007
2019-05,12,2020-05,2019-06-10T21:59:00+00:00,CORE_LEVELPHASE_FIXED080_R29B,0.18740790580656969,0.3603603603603567,2.862419205909517,2.4267236020236123,2.3977465245882574,2.822217348623878,0.129656458884504,0.7,2.0786659830323098,3.3797560618523246
2019-05,1,2019-06,2019-06-10T21:59:00+00:00,CORE_LEVELPHASE_PANEL_R29B,0.21333918651911746,0.1846722068328699,2.7462121212121224,2.341556298076216,0.21311194162081157,0.18450189735692968,0.18973129255680302,0.3,0.18955153008112494,0.2995508979798479
2019-05,2,2019-07,2019-06-10T21:59:00+00:00,CORE_LEVELPHASE_PANEL_R29B,0.32868704926466424,0.3686635944700533,2.9300567107750517,2.4838415548808603,0.5412599957522338,0.5524875931969915,0.45770537822686075,1.0,0.6462126225307003,1.2945839832966564
2019-05,3,2019-08,2019-06-10T21:59:00+00:00,CORE_LEVELPHASE_PANEL_R29B,0.028902740747913627,0.0918273645546419,2.9272898961284195,2.4166600577535102,0.5701585604626739,0.6442728222198875,0.1482760085432092,0.2,0.7943788107450922,1.494384249563962
2019-05,4,2019-09,2019-06-10T21:59:00+00:00,CORE_LEVELPHASE_PANEL_R29B,-0.1143735274029289,-0.5504587155963248,2.6515151515151705,2.590146154494358,0.45571957662624424,0.09229349986010649,-0.3912028387897718,-0.9,0.4024087721246033,0.5903097843490557
2019-05,5,2019-10,2019-06-10T21:59:00+00:00,CORE_LEVELPHASE_PANEL_R29B,0.2923748537112947,0.4612546125461358,2.735849056603792,2.5018294387858075,0.7476678463427406,0.552487593197012,0.3529835759027666,0.6,0.7547708231608008,1.188516952103802
2019-05,6,2019-11,2019-06-10T21:59:00+00:00,CORE_LEVELPHASE_PANEL_R29B,0.04605851893509355,0.2754820936639035,3.116147308781873,2.6458759953777933,0.7937157615978088,0.8275909303859917,0.0012324195919824355,0.0,0.7560032351585554,1.188516952103802
2019-05,7,2019-12,2019-06-10T21:59:00+00:00,CORE_LEVELPHASE_PANEL_R29B,0.11006291402340185,0.1831501831501825,3.207547169811327,2.661908725323511,0.9037181508021762,1.0105735980936075,0.1704485636123977,0.1,0.9263067000624768,1.2884669854121553
2019-05,8,2020-01,2019-06-10T21:59:00+00:00,CORE_LEVELPHASE_PANEL_R29B,0.8114421816868832,1.4625228519195457,3.6414565826330487,2.431977406797778,1.7118858422216425,2.4625047305389227,0.27777315600210783,0.8,1.2036947793619268,2.085283950329843
2019-05,9,2020-02,2019-06-10T21:59:00+00:00,CORE_LEVELPHASE_PANEL_R29B,0.27012409921949754,0.2702702702702675,3.7278657968313063,2.5172287925063683,1.9816457619731669,2.7324104274554206,0.2875303243474581,0.7,1.4908125259405467,2.782845323972367
2019-05,10,2020-03,2019-06-10T21:59:00+00:00,CORE_LEVELPHASE_PANEL_R29B,0.020054897180595433,-0.0898472596585708,3.4418604651162905,2.3470205386962104,2.001698648428086,2.642522780953716,0.019230934366557283,-0.3,1.5100416113999586,2.482394421942495
2019-05,11,2020-04,2019-06-10T21:59:00+00:00,CORE_LEVELPHASE_PANEL_R29B,0.19701260062492656,-0.1798561151079125,3.159851301115256,2.453351622152183,2.1985174337476208,2.4625047305389303,0.41813390886265384,0.2,1.927303769645671,2.6821946882098007
2019-05,12,2020-05,2019-06-10T21:59:00+00:00,CORE_LEVELPHASE_PANEL_R29B,0.18739194811923154,0.3603603603603567,2.862419205909517,2.4144203283797423,2.3857340221948466,2.822217348623878,0.1296274924435926,0.7,2.0568473181903606,3.3797560618523246
2019-06,1,2019-07,2019-07-10T21:59:00+00:00,CORE_LEVELPHASE_FIXED040_R29B,0.26377651098921095,0.3686635944700533,2.9300567107750517,2.7603292622697473,0.26342923131122414,0.3679856958400618,0.4552559176119352,1.0,0.45422276233961284,0.9950330853168083
2019-06,2,2019-08,2019-07-10T21:59:00+00:00,CORE_LEVELPHASE_FIXED040_R29B,0.01709412185055125,0.0918273645546419,2.9272898961284195,2.680843401304618,0.2805218922832467,0.4597709248629578,0.14692105699360045,0.2,0.6010359959455265,1.1948333515841139
2019-06,3,2019-09,2019-07-10T21:59:00+00:00,CORE_LEVELPHASE_FIXED040_R29B,-0.1260940133749002,-0.5504587155963248,2.6515151515151705,2.8427081213839056,0.1543483135154706,-0.09220839749682318,-0.39234728030771776,-0.9,0.2079170145357822,0.29075888636920744
2019-06,4,2019-10,2019-07-10T21:59:00+00:00,CORE_LEVELPHASE_FIXED040_R29B,0.2827601364195779,0.4612546125461358,2.735849056603792,2.7443232605120533,0.4367094354536003,0.36798569584008234,0.3520130346649365,0.6,0.5593119334584522,0.8889660541239538
2019-06,5,2019-11,2019-07-10T21:59:00+00:00,CORE_LEVELPHASE_FIXED040_R29B,0.033340433664616954,0.2754820936639035,3.116147308781873,2.875631145665771,0.47004431243068073,0.6430890330290621,-0.0007054265205525546,0.0,0.558606504449755,0.8889660541239538
2019-06,6,2019-12,2019-07-10T21:59:00+00:00,CORE_LEVELPHASE_FIXED040_R29B,0.10772322991002463,0.1831501831501825,3.207547169811327,2.8892950680447673,0.5777095625041602,0.8260717007366778,0.16806486285624703,0.1,0.7265302963537188,0.9889160874323071
2019-06,7,2020-01,2019-07-10T21:59:00+00:00,CORE_LEVELPHASE_FIXED040_R29B,0.8047339748967008,1.4625228519195457,3.6414565826330487,2.6520233360489143,1.379222820811625,2.2780028331819926,0.2749324553021702,0.8,1.0010855036742354,1.7857330523499946
2019-06,8,2020-02,2019-07-10T21:59:00+00:00,CORE_LEVELPHASE_FIXED040_R29B,0.2626902612925626,0.2702702702702675,3.7278657968313063,2.7298410986793393,1.6415686542909882,2.547908530098491,0.28368899249424834,0.7,1.2843728583683531,2.4832944259925185
2019-06,9,2020-03,2019-07-10T21:59:00+00:00,CORE_LEVELPHASE_FIXED040_R29B,0.011877241843249193,-0.0898472596585708,3.4418604651162905,2.5508945841744244,1.6534451908457137,2.458020883596786,0.0145144413231107,-0.3,1.2988862464483428,2.1828435239626462
2019-06,10,2020-04,2019-07-10T21:59:00+00:00,CORE_LEVELPHASE_FIXED040_R29B,0.1882274112032889,-0.1798561151079125,3.159851301115256,2.6484365604853477,1.8414956762378212,2.2780028331820006,0.41250379990112696,0.2,1.7105415819231529,2.382643790229952
2019-06,11,2020-05,2019-07-10T21:59:00+00:00,CORE_LEVELPHASE_FIXED040_R29B,0.26285975796820893,0.3603603603603567,2.862419205909517,2.2530430284466765,2.1040105621652443,2.637715451266948,0.11138805434785493,0.7,1.821867645806795,3.080205163872476
2019-06,12,2020-06,2019-07-10T21:59:00+00:00,CORE_LEVELPHASE_FIXED040_R29B,0.11287736205211074,0.6283662477558183,3.317972350230406,2.241578394846715,2.2168242656226274,3.2641157097599898,0.1933029627047329,0.5,2.014984018751571,3.5789593149763834
2019-06,1,2019-07,2019-07-10T21:59:00+00:00,CORE_LEVELPHASE_FIXED060_R29B,0.2641107615427918,0.3686635944700533,2.9300567107750517,2.7606718356111606,0.263762601954208,0.3679856958400618,0.4558621554035406,1.0,0.454826250884619,0.9950330853168083
2019-06,2,2019-08,2019-07-10T21:59:00+00:00,CORE_LEVELPHASE_FIXED060_R29B,0.01742734646380762,0.0918273645546419,2.9272898961284195,2.681527810167955,0.28118843003239874,0.4597709248629578,0.14752543401402696,0.2,0.6022429730355388,1.1948333515841139
2019-06,3,2019-09,2019-07-10T21:59:00+00:00,CORE_LEVELPHASE_FIXED060_R29B,-0.12560631711308226,-0.5504587155963248,2.6515151515151705,2.843895805766339,0.15550316206639248,-0.09220839749682318,-0.3914627345633015,-0.9,0.21001201758843147,0.29075888636920744
2019-06,4,2019-10,2019-07-10T21:59:00+00:00,CORE_LEVELPHASE_FIXED060_R29B,0.28340891139676155,0.4612546125461358,2.735849056603792,2.7461745163214046,0.4385112275845547,0.36798569584008234,0.35318973251989316,0.6,0.5625794998913691,0.8889660541239538
2019-06,5,2019-11,2019-07-10T21:59:00+00:00,CORE_LEVELPHASE_FIXED060_R29B,0.03414380961326081,0.2754820936639035,3.116147308781873,2.87831098489627,0.4726492095256295,0.6430890330290621,0.000751674614261091,0.0,0.5633311716805708,0.8889660541239538
2019-06,6,2019-12,2019-07-10T21:59:00+00:00,CORE_LEVELPHASE_FIXED060_R29B,0.10858512835269303,0.1831501831501825,3.207547169811327,2.892861133255619,0.5811754268696986,0.8260717007366778,0.1696281075625719,0.1,0.7328155732563124,0.9889160874323071
2019-06,7,2020-01,2019-07-10T21:59:00+00:00,CORE_LEVELPHASE_FIXED060_R29B,0.8056540205579275,1.4625228519195457,3.6414565826330487,2.6565181159601785,1.383601381859493,2.2780028331819926,0.2766011629344023,0.8,1.0090348991224865,1.7857330523499946
2019-06,8,2020-02,2019-07-10T21:59:00+00:00,CORE_LEVELPHASE_FIXED060_R29B,0.2636676200275787,0.2702702702702675,3.7278657968313063,2.735340738284595,1.6469220086232406,2.547908530098491,0.2854616501451476,0.7,1.294089881236141,2.4832944259925185
2019-06,9,2020-03,2019-07-10T21:59:00+00:00,CORE_LEVELPHASE_FIXED060_R29B,0.012887092568002708,-0.0898472596585708,3.4418604651162905,2.557420187281887,1.6598082708768038,2.458020883596786,0.01634603043094326,-0.3,1.3104345758490967,2.1828435239626462
2019-06,10,2020-04,2019-07-10T21:59:00+00:00,CORE_LEVELPHASE_FIXED060_R29B,0.18927653554926377,-0.1798561151079125,3.159851301115256,2.6560433253700357,1.8489059041026952,2.2780028331820006,0.4144066204643528,0.2,1.7239848969703022,2.382643790229952
2019-06,11,2020-05,2019-07-10T21:59:00+00:00,CORE_LEVELPHASE_FIXED060_R29B,0.2639408856192544,0.3603603603603567,2.862419205909517,2.261723162054307,2.1124990774685912,2.637715451266948,0.11334892002957718,0.7,1.8372696256137695,3.080205163872476
2019-06,12,2020-06,2019-07-10T21:59:00+00:00,CORE_LEVELPHASE_FIXED060_R29B,0.11395937432252051,0.6283662477558183,3.317972350230406,2.251362668146835,2.2263935673860282,3.2641157097599898,0.19526543284061107,0.5,2.0323446633183706,3.5789593149763834
2019-06,1,2019-07,2019-07-10T21:59:00+00:00,CORE_LEVELPHASE_FIXED080_R29B,0.2644450141135425,0.3686635944700533,2.9300567107750517,2.76101441101997,0.26409597349768527,0.3679856958400618,0.4564683968537326,1.0,0.45542973942962506,0.9950330853168083
2019-06,2,2019-08,2019-07-10T21:59:00+00:00,CORE_LEVELPHASE_FIXED080_R29B,0.01776057308804241,0.0918273645546419,2.9272898961284195,2.682212225442575,0.281854969582666,0.4597709248629578,0.14812981468181052,0.2,0.6034499501255509,1.1948333515841139
2019-06,3,2019-09,2019-07-10T21:59:00+00:00,CORE_LEVELPHASE_FIXED080_R29B,-0.12511861652037565,-0.5504587155963248,2.6515151515151705,2.8450835077245493,0.156658014370281,-0.09220839749682318,-0.3905781809638545,-0.9,0.21210702064108056,0.29075888636920744
2019-06,4,2019-10,2019-07-10T21:59:00+00:00,CORE_LEVELPHASE_FIXED080_R29B,0.28405769398128766,0.4612546125461358,2.735849056603792,2.7480258128368433,0.4403130268689371,0.36798569584008234,0.35436644417245894,0.6,0.5658470663242863,0.8889660541239538
2019-06,5,2019-11,2019-07-10T21:59:00+00:00,CORE_LEVELPHASE_FIXED080_R29B,0.034947197267987305,0.2754820936639035,3.116147308781873,2.8809909066978365,0.47525411902627523,0.6430890330290621,0.0022087969806616824,0.0,0.5680558389113867,0.8889660541239538
2019-06,6,2019-12,2019-07-10T21:59:00+00:00,CORE_LEVELPHASE_FIXED080_R29B,0.10944704024633685,0.1831501831501825,3.207547169811327,2.896427341026774,0.5846413096646211,0.8260717007366778,0.17119137666523526,0.1,0.7391008501589064,0.9889160874323071
2019-06,7,2020-01,2019-07-10T21:59:00+00:00,CORE_LEVELPHASE_FIXED080_R29B,0.8065740815299319,1.4625228519195457,3.6414565826330487,2.66101311864292,1.3879799681949418,2.2780028331819926,0.2782698983361386,0.8,1.0169842945707375,1.7857330523499946
2019-06,8,2020-02,2019-07-10T21:59:00+00:00,CORE_LEVELPHASE_FIXED080_R29B,0.2646449960388084,0.2702702702702675,3.7278657968313063,2.7408407062339126,1.6522753959715606,2.547908530098491,0.28723433913030644,0.7,1.3038069041039284,2.4832944259925185
2019-06,9,2020-03,2019-07-10T21:59:00+00:00,CORE_LEVELPHASE_FIXED080_R29B,0.013896961786387855,-0.0898472596585708,3.4418604651162905,2.5639462480028925,1.6661713922196668,2.458020883596786,0.018177653081093936,-0.3,1.3219829052498504,2.1828435239626462
2019-06,10,2020-04,2019-07-10T21:59:00+00:00,CORE_LEVELPHASE_FIXED080_R29B,0.1903256797761828,-0.1798561151079125,3.159851301115256,2.663650705480982,1.8563161821574488,2.2780028331820006,0.41630947708609695,0.2,1.7374282120174516,2.382643790229952
2019-06,11,2020-05,2019-07-10T21:59:00+00:00,CORE_LEVELPHASE_FIXED080_R29B,0.26502203444617356,0.3603603603603567,2.862419205909517,2.270404093545591,2.1209876524548066,2.637715451266948,0.11530982411846064,0.7,1.8526716054207442,3.080205163872476
2019-06,12,2020-06,2019-07-10T21:59:00+00:00,CORE_LEVELPHASE_FIXED080_R29B,0.11504140778613083,0.6283662477558183,3.317972350230406,2.2611479485132944,2.2359629383202773,3.2641157097599898,0.1972279414150766,0.5,2.0497053078851706,3.5789593149763834
2019-06,1,2019-07,2019-07-10T21:59:00+00:00,CORE_LEVELPHASE_PANEL_R29B,0.26398958852218973,0.3686635944700533,2.9300567107750517,2.7605476454008167,0.2636417480485553,0.3679856958400618,0.45564238115447814,1.0,0.45460747371745824,0.9950330853168083
2019-06,2,2019-08,2019-07-10T21:59:00+00:00,CORE_LEVELPHASE_PANEL_R29B,0.01730654536865714,0.0918273645546419,2.9272898961284195,2.681279696959154,0.2809467960074135,0.4597709248629578,0.147306334334571,0.2,0.6018054187012173,1.1948333515841139
2019-06,3,2019-09,2019-07-10T21:59:00+00:00,CORE_LEVELPHASE_PANEL_R29B,-0.1258520221844125,-0.5504587155963248,2.6515151515151705,2.8433942903683724,0.1550155136582357,-0.09220839749682318,-0.39190837541036583,-0.9,0.2091270700324216,0.29075888636920744
2019-06,4,2019-10,2019-07-10T21:59:00+00:00,CORE_LEVELPHASE_PANEL_R29B,0.2830348770383452,0.4612546125461358,2.735849056603792,2.7452902594120903,0.43765060117334637,0.36798569584008234,0.3525113379413302,0.6,0.5610185430591432,0.8889660541239538
2019-06,5,2019-11,2019-07-10T21:59:00+00:00,CORE_LEVELPHASE_PANEL_R29B,0.03364504093379135,0.2754820936639035,3.116147308781873,2.8769126455524563,0.4712899834324472,0.6430890330290621,-0.00015295342456837573,0.0,0.560865589517601,0.8889660541239538
2019-06,6,2019-12,2019-07-10T21:59:00+00:00,CORE_LEVELPHASE_PANEL_R29B,0.10825058277272004,0.1831501831501825,3.207547169811327,2.8911187506685017,0.5794820175108732,0.8260717007366778,0.16902133467492397,0.1,0.7297442438854633,0.9889160874323071
2019-06,7,2020-01,2019-07-10T21:59:00+00:00,CORE_LEVELPHASE_PANEL_R29B,0.8054843598766268,1.4625228519195457,3.6414565826330487,2.654606962746651,1.3817396676315383,2.2780028331819926,0.2762934455180747,0.8,1.0056567006666226,1.7857330523499946
2019-06,8,2020-02,2019-07-10T21:59:00+00:00,CORE_LEVELPHASE_PANEL_R29B,0.2636632016160476,0.2702702702702675,3.7278657968313063,2.7334235903840085,1.645055887602942,2.547908530098491,0.285453636372185,0.7,1.2907036918181267,2.4832944259925185
2019-06,9,2020-03,2019-07-10T21:59:00+00:00,CORE_LEVELPHASE_PANEL_R29B,0.013239866649439023,-0.0898472596585708,3.4418604651162905,2.555868102190537,1.6582948778593911,2.458020883596786,0.016985864764123643,-0.3,1.3076881141475791,2.1828435239626462
2019-06,10,2020-04,2019-07-10T21:59:00+00:00,CORE_LEVELPHASE_PANEL_R29B,0.18998931817768583,-0.1798561151079125,3.159851301115256,2.6552200687781418,1.848103944601508,2.2780028331820006,0.41569941044456377,0.2,1.7225258816639282,2.382643790229952
2019-06,11,2020-05,2019-07-10T21:59:00+00:00,CORE_LEVELPHASE_PANEL_R29B,0.26500906290334403,0.3603603603603567,2.862419205909517,2.2619925199649655,2.112762477641779,2.637715451266948,0.11528629733774345,0.7,1.8377457753811859,3.080205163872476
2019-06,12,2020-06,2019-07-10T21:59:00+00:00,CORE_LEVELPHASE_PANEL_R29B,0.1150284256294964,0.6283662477558183,3.317972350230406,2.2527238768787217,2.227724796267469,3.2641157097599898,0.19720439538386134,0.5,2.0347559781595774,3.5789593149763834
2019-07,1,2019-08,2019-08-11T21:59:00+00:00,CORE_LEVELPHASE_FIXED040_R29B,0.04941758201750922,0.0918273645546419,2.9272898961284195,2.951912118079101,0.0494053755517082,0.09178522902289597,0.1915944419662114,0.2,0.1914111339165946,0.19980026626730563
2019-07,2,2019-09,2019-08-11T21:59:00+00:00,CORE_LEVELPHASE_FIXED040_R29B,-0.09538155744574445,-0.5504587155963248,2.6515151515151705,3.1459130348036752,-0.046021699047154876,-0.460194093336885,-0.34867833325645514,-0.9,-0.15787649898313705,-0.7042741989476008
2019-07,3,2019-10,2019-08-11T21:59:00+00:00,CORE_LEVELPHASE_FIXED040_R29B,0.31115697626369676,0.4612546125461358,2.735849056603792,3.076417762568975,0.2646521857529323,2.0556473190325164e-14,0.39556404597427847,0.6,0.2369072494595894,-0.10606703119285443
2019-07,4,2019-11,2019-08-11T21:59:00+00:00,CORE_LEVELPHASE_FIXED040_R29B,0.0608532648094036,0.2754820936639035,3.116147308781873,3.2365360865983344,0.3254869424712839,0.2751033371890003,0.042509140345348126,0.0,0.27940735722956245,-0.10606703119285443
2019-07,5,2019-12,2019-08-11T21:59:00+00:00,CORE_LEVELPHASE_FIXED040_R29B,0.1328954575056265,0.1831501831501825,3.207547169811327,3.2762103641534472,0.4582941721223389,0.458086004896616,0.21083227064882865,0.1,0.4900176885384109,-0.006116997884501124
2019-07,6,2020-01,2019-08-11T21:59:00+00:00,CORE_LEVELPHASE_FIXED040_R29B,0.8320357105702528,1.4625228519195457,3.6414565826330487,3.065952972736955,1.2868875467032235,1.9100171373419308,0.31739127702440334,0.8,0.8069063426891117,0.7906999670331862
2019-07,7,2020-02,2019-08-11T21:59:00+00:00,CORE_LEVELPHASE_FIXED040_R29B,0.2847841472506997,0.2702702702702675,3.7278657968313063,3.166813354375881,1.5712669521462135,2.179922834258429,0.3259304347174331,0.7,1.1323067754779803,1.4882613406757104
2019-07,8,2020-03,2019-08-11T21:59:00+00:00,CORE_LEVELPHASE_FIXED040_R29B,0.033820241273868554,-0.0898472596585708,3.4418604651162905,3.0097014481816595,1.6050814756656189,2.0900351877567247,0.056408690951006944,-0.3,1.1886995627073529,1.1878104386458381
2019-07,9,2020-04,2019-08-11T21:59:00+00:00,CORE_LEVELPHASE_FIXED040_R29B,0.21012034619500627,-0.1798561151079125,3.159851301115256,3.130210709749025,1.8149813778057304,1.9100171373419392,0.45441534831016006,0.2,1.642085561643309,1.3876107049131439
2019-07,10,2020-05,2019-08-11T21:59:00+00:00,CORE_LEVELPHASE_FIXED040_R29B,0.2846698905588782,0.3603603603603567,2.862419205909517,2.755308875028193,2.0992468509529285,2.2697297554268867,0.15309301415055693,0.7,1.7950615079055658,2.0851720785556678
2019-07,11,2020-06,2019-08-11T21:59:00+00:00,CORE_LEVELPHASE_FIXED040_R29B,0.13893953148084842,0.6283662477558183,3.317972350230406,2.7084027457973994,2.2380899507775296,2.8961300139199277,0.24069567468275577,0.5,2.035467974530493,2.5839262296595753
2019-07,12,2020-07,2019-08-11T21:59:00+00:00,CORE_LEVELPHASE_FIXED040_R29B,0.30058851503149475,0.4460303300624524,3.397612488521572,2.570714883266686,2.5382276018031718,3.3411685766675143,0.5008595448824011,1.2,2.5350773905167023,3.7767833161869557
2019-07,1,2019-08,2019-08-11T21:59:00+00:00,CORE_LEVELPHASE_FIXED060_R29B,0.04941758201750922,0.0918273645546419,2.9272898961284195,2.951912118079101,0.0494053755517082,0.09178522902289597,0.1915944419662114,0.2,0.1914111339165946,0.19980026626730563
2019-07,2,2019-09,2019-08-11T21:59:00+00:00,CORE_LEVELPHASE_FIXED060_R29B,-0.09538155744574445,-0.5504587155963248,2.6515151515151705,3.1459130348036752,-0.046021699047154876,-0.460194093336885,-0.34867833325645514,-0.9,-0.15787649898313705,-0.7042741989476008
2019-07,3,2019-10,2019-08-11T21:59:00+00:00,CORE_LEVELPHASE_FIXED060_R29B,0.31115697626369676,0.4612546125461358,2.735849056603792,3.076417762568975,0.2646521857529323,2.0556473190325164e-14,0.39556404597427847,0.6,0.2369072494595894,-0.10606703119285443
2019-07,4,2019-11,2019-08-11T21:59:00+00:00,CORE_LEVELPHASE_FIXED060_R29B,0.0608532648094036,0.2754820936639035,3.116147308781873,3.2365360865983344,0.3254869424712839,0.2751033371890003,0.042509140345348126,0.0,0.27940735722956245,-0.10606703119285443
2019-07,5,2019-12,2019-08-11T21:59:00+00:00,CORE_LEVELPHASE_FIXED060_R29B,0.1328954575056265,0.1831501831501825,3.207547169811327,3.2762103641534472,0.4582941721223389,0.458086004896616,0.21083227064882865,0.1,0.4900176885384109,-0.006116997884501124
2019-07,6,2020-01,2019-08-11T21:59:00+00:00,CORE_LEVELPHASE_FIXED060_R29B,0.8320357105702528,1.4625228519195457,3.6414565826330487,3.065952972736955,1.2868875467032235,1.9100171373419308,0.31739127702440334,0.8,0.8069063426891117,0.7906999670331862
2019-07,7,2020-02,2019-08-11T21:59:00+00:00,CORE_LEVELPHASE_FIXED060_R29B,0.2847841472506997,0.2702702702702675,3.7278657968313063,3.166813354375881,1.5712669521462135,2.179922834258429,0.3259304347174331,0.7,1.1323067754779803,1.4882613406757104
2019-07,8,2020-03,2019-08-11T21:59:00+00:00,CORE_LEVELPHASE_FIXED060_R29B,0.033820241273868554,-0.0898472596585708,3.4418604651162905,3.0097014481816595,1.6050814756656189,2.0900351877567247,0.056408690951006944,-0.3,1.1886995627073529,1.1878104386458381
2019-07,9,2020-04,2019-08-11T21:59:00+00:00,CORE_LEVELPHASE_FIXED060_R29B,0.21012034619500627,-0.1798561151079125,3.159851301115256,3.130210709749025,1.8149813778057304,1.9100171373419392,0.45441534831016006,0.2,1.642085561643309,1.3876107049131439
2019-07,10,2020-05,2019-08-11T21:59:00+00:00,CORE_LEVELPHASE_FIXED060_R29B,0.2846698905588782,0.3603603603603567,2.862419205909517,2.755308875028193,2.0992468509529285,2.2697297554268867,0.15309301415055693,0.7,1.7950615079055658,2.0851720785556678
2019-07,11,2020-06,2019-08-11T21:59:00+00:00,CORE_LEVELPHASE_FIXED060_R29B,0.13893953148084842,0.6283662477558183,3.317972350230406,2.7084027457973994,2.2380899507775296,2.8961300139199277,0.24069567468275577,0.5,2.035467974530493,2.5839262296595753
2019-07,12,2020-07,2019-08-11T21:59:00+00:00,CORE_LEVELPHASE_FIXED060_R29B,0.30058851503149475,0.4460303300624524,3.397612488521572,2.570714883266686,2.5382276018031718,3.3411685766675143,0.5008595448824011,1.2,2.5350773905167023,3.7767833161869557
2019-07,1,2019-08,2019-08-11T21:59:00+00:00,CORE_LEVELPHASE_FIXED080_R29B,0.04941758201750922,0.0918273645546419,2.9272898961284195,2.951912118079101,0.0494053755517082,0.09178522902289597,0.1915944419662114,0.2,0.1914111339165946,0.19980026626730563
2019-07,2,2019-09,2019-08-11T21:59:00+00:00,CORE_LEVELPHASE_FIXED080_R29B,-0.09538155744574445,-0.5504587155963248,2.6515151515151705,3.1459130348036752,-0.046021699047154876,-0.460194093336885,-0.34867833325645514,-0.9,-0.15787649898313705,-0.7042741989476008
2019-07,3,2019-10,2019-08-11T21:59:00+00:00,CORE_LEVELPHASE_FIXED080_R29B,0.31115697626369676,0.4612546125461358,2.735849056603792,3.076417762568975,0.2646521857529323,2.0556473190325164e-14,0.39556404597427847,0.6,0.2369072494595894,-0.10606703119285443
2019-07,4,2019-11,2019-08-11T21:59:00+00:00,CORE_LEVELPHASE_FIXED080_R29B,0.0608532648094036,0.2754820936639035,3.116147308781873,3.2365360865983344,0.3254869424712839,0.2751033371890003,0.042509140345348126,0.0,0.27940735722956245,-0.10606703119285443
2019-07,5,2019-12,2019-08-11T21:59:00+00:00,CORE_LEVELPHASE_FIXED080_R29B,0.1328954575056265,0.1831501831501825,3.207547169811327,3.2762103641534472,0.4582941721223389,0.458086004896616,0.21083227064882865,0.1,0.4900176885384109,-0.006116997884501124
2019-07,6,2020-01,2019-08-11T21:59:00+00:00,CORE_LEVELPHASE_FIXED080_R29B,0.8320357105702528,1.4625228519195457,3.6414565826330487,3.065952972736955,1.2868875467032235,1.9100171373419308,0.31739127702440334,0.8,0.8069063426891117,0.7906999670331862
2019-07,7,2020-02,2019-08-11T21:59:00+00:00,CORE_LEVELPHASE_FIXED080_R29B,0.2847841472506997,0.2702702702702675,3.7278657968313063,3.166813354375881,1.5712669521462135,2.179922834258429,0.3259304347174331,0.7,1.1323067754779803,1.4882613406757104
2019-07,8,2020-03,2019-08-11T21:59:00+00:00,CORE_LEVELPHASE_FIXED080_R29B,0.033820241273868554,-0.0898472596585708,3.4418604651162905,3.0097014481816595,1.6050814756656189,2.0900351877567247,0.056408690951006944,-0.3,1.1886995627073529,1.1878104386458381
2019-07,9,2020-04,2019-08-11T21:59:00+00:00,CORE_LEVELPHASE_FIXED080_R29B,0.21012034619500627,-0.1798561151079125,3.159851301115256,3.130210709749025,1.8149813778057304,1.9100171373419392,0.45441534831016006,0.2,1.642085561643309,1.3876107049131439
2019-07,10,2020-05,2019-08-11T21:59:00+00:00,CORE_LEVELPHASE_FIXED080_R29B,0.2846698905588782,0.3603603603603567,2.862419205909517,2.755308875028193,2.0992468509529285,2.2697297554268867,0.15309301415055693,0.7,1.7950615079055658,2.0851720785556678
2019-07,11,2020-06,2019-08-11T21:59:00+00:00,CORE_LEVELPHASE_FIXED080_R29B,0.13893953148084842,0.6283662477558183,3.317972350230406,2.7084027457973994,2.2380899507775296,2.8961300139199277,0.24069567468275577,0.5,2.035467974530493,2.5839262296595753
2019-07,12,2020-07,2019-08-11T21:59:00+00:00,CORE_LEVELPHASE_FIXED080_R29B,0.30058851503149475,0.4460303300624524,3.397612488521572,2.570714883266686,2.5382276018031718,3.3411685766675143,0.5008595448824011,1.2,2.5350773905167023,3.7767833161869557
2019-07,1,2019-08,2019-08-11T21:59:00+00:00,CORE_LEVELPHASE_PANEL_R29B,0.03319086316566311,0.0918273645546419,2.9272898961284195,2.935214652230981,0.033185356217176824,0.09178522902289597,0.16215216509750408,0.2,0.1620208404189815,0.19980026626730563
2019-07,2,2019-09,2019-08-11T21:59:00+00:00,CORE_LEVELPHASE_PANEL_R29B,-0.11152077540017821,-0.5504587155963248,2.6515151515151705,3.1125239700281817,-0.07839764987079667,-0.460194093336885,-0.3779618457026445,-0.9,-0.21665708597836322,-0.7042741989476008
2019-07,3,2019-10,2019-08-11T21:59:00+00:00,CORE_LEVELPHASE_PANEL_R29B,0.29452552453562236,0.4612546125461358,2.735849056603792,3.0259667978784277,0.21569499798839456,2.0556473190325164e-14,0.36538740885020593,0.6,0.14806440470690488,-0.10606703119285443
2019-07,4,2019-11,2019-08-11T21:59:00+00:00,CORE_LEVELPHASE_PANEL_R29B,0.043909910909349925,0.2754820936639035,3.116147308781873,3.168534213975107,0.2595952713174962,0.2751033371890003,0.011766577960154763,0.0,0.15983029045957406,-0.10606703119285443
2019-07,5,2019-12,2019-08-11T21:59:00+00:00,CORE_LEVELPHASE_PANEL_R29B,0.11555258647242564,0.1831501831501825,3.207547169811327,3.1903068518702504,0.37508114717433516,0.458086004896616,0.1793648116190759,0.1,0.33903443549127327,-0.006116997884501124
2019-07,6,2020-01,2019-08-11T21:59:00+00:00,CORE_LEVELPHASE_PANEL_R29B,0.8174348735848176,1.4625228519195457,3.6414565826330487,2.965312446882189,1.1891931179918924,1.9100171373419308,0.29089905213501116,0.8,0.6295111950987036,0.7906999670331862
2019-07,7,2020-02,2019-08-11T21:59:00+00:00,CORE_LEVELPHASE_PANEL_R29B,0.2729429158365583,0.2702702702702675,3.7278657968313063,3.053904706482901,1.4617642210560111,2.179922834258429,0.30444532630182,0.7,0.9334940250781807,1.4882613406757104
2019-07,8,2020-03,2019-08-11T21:59:00+00:00,CORE_LEVELPHASE_PANEL_R29B,0.024764389891480963,-0.0898472596585708,3.4418604651162905,2.887649702122366,1.4865255450786108,2.0900351877567247,0.03997746501331298,-0.3,0.9734635012320406,1.1878104386458381
2019-07,9,2020-04,2019-08-11T21:59:00+00:00,CORE_LEVELPHASE_PANEL_R29B,0.200015272266566,-0.1798561151079125,3.159851301115256,2.9976289669265284,1.686341053127755,1.9100171373419392,0.4360803794790432,0.2,1.4085958054716874,1.3876107049131439
2019-07,10,2020-05,2019-08-11T21:59:00+00:00,CORE_LEVELPHASE_PANEL_R29B,0.27358498543914495,0.3603603603603567,2.862419205909517,2.611865702944477,1.9595524760311729,2.2697297554268867,0.1329802083160362,0.7,1.5414876734168381,2.0851720785556678
2019-07,11,2020-06,2019-08-11T21:59:00+00:00,CORE_LEVELPHASE_PANEL_R29B,0.12683392318196643,0.6283662477558183,3.317972350230406,2.552626159971051,2.086306032940078,2.8961300139199277,0.21873087240485992,0.5,1.7599796781038626,2.5839262296595753
2019-07,12,2020-07,2019-08-11T21:59:00+00:00,CORE_LEVELPHASE_PANEL_R29B,0.2884514879372326,0.4460303300624524,3.397612488521572,2.4027542244337865,2.3743422978591866,3.3411685766675143,0.47883773533883994,1.2,2.2376746321521694,3.7767833161869557
2019-08,1,2019-09,2019-09-09T21:59:00+00:00,CORE_LEVELPHASE_FIXED040_R29B,-0.02752400026207502,-0.5504587155963248,2.6515151515151705,3.170969434200683,-0.027527788810216433,-0.551979322359781,-0.16943261889111114,-0.9,-0.16957631829154302,-0.9040744652149064
2019-08,2,2019-10,2019-09-09T21:59:00+00:00,CORE_LEVELPHASE_FIXED040_R29B,0.38812730069693363,0.4612546125461358,2.735849056603792,3.180568645674273,0.3598482411760291,-0.09178522902287545,0.5692620683807669,0.6,0.39807157659775455,-0.30586729746016006
2019-08,3,2019-11,2019-09-09T21:59:00+00:00,CORE_LEVELPHASE_FIXED040_R29B,0.14050838739869032,0.2754820936639035,3.116147308781873,3.4231149751787813,0.500258007909468,0.1833181081661043,0.21010693562378605,0.0,0.6079580962850046,-0.30586729746016006
2019-08,4,2019-12,2019-09-09T21:59:00+00:00,CORE_LEVELPHASE_FIXED040_R29B,0.21252955124068976,0.1831501831501825,3.207547169811327,3.5451433180153202,0.712562034580447,0.36630077587372,0.374313364796743,0.1,0.9815726518876948,-0.20591726415180675
2019-08,5,2020-01,2019-09-09T21:59:00+00:00,CORE_LEVELPHASE_FIXED040_R29B,0.9152710964571567,1.4625228519195457,3.6414565826330487,3.4196394134320025,1.6236699090343687,1.818231908319035,0.47752365586630474,0.8,1.4579597802334892,0.5908997007658806
2019-08,6,2020-02,2019-09-09T21:59:00+00:00,CORE_LEVELPHASE_FIXED040_R29B,0.371215528584689,0.2702702702702675,3.7278657968313063,3.61006632426222,1.9941981331711711,2.0881376052355334,0.48325825119341764,0.7,1.9400540871384528,1.2884610744084046
2019-08,7,2020-03,2019-09-09T21:59:00+00:00,CORE_LEVELPHASE_FIXED040_R29B,0.11957579608872532,-0.0898472596585708,3.4418604651162905,3.54096547401678,2.113702494345086,1.9982499587338283,0.21106541139467153,-0.3,2.1508970684207216,0.9880101723785324
2019-08,8,2020-04,2019-09-09T21:59:00+00:00,CORE_LEVELPHASE_FIXED040_R29B,0.29547896662322376,-0.1798561151079125,3.159851301115256,3.750395253246702,2.4087457798893674,1.8182319083190426,0.6078813943840347,0.2,2.756938317359015,1.1878104386458381
2019-08,9,2020-05,2019-09-09T21:59:00+00:00,CORE_LEVELPHASE_FIXED040_R29B,0.36947741027482156,0.3603603603603567,2.862419205909517,3.4606583294676216,2.7775422990245926,2.17794452640399,0.30465838424826686,0.7,3.061133558383162,1.8853718122883623
2019-08,10,2020-06,2019-09-09T21:59:00+00:00,CORE_LEVELPHASE_FIXED040_R29B,0.22313456510979335,0.6283662477558183,3.317972350230406,3.5003783866438223,3.0004282886668356,2.8043447848970313,0.39124035187256656,0.5,3.451610555577621,2.3841259633922696
2019-08,11,2020-07,2019-09-09T21:59:00+00:00,CORE_LEVELPHASE_FIXED040_R29B,0.379254535298668,0.4460303300624524,3.397612488521572,3.5112997872481095,3.3789654671196283,3.2493833476446174,0.7041631623486094,1.2,4.153306066552596,3.57698304991965
2019-08,12,2020-08,2019-09-09T21:59:00+00:00,CORE_LEVELPHASE_FIXED040_R29B,0.09760154310859175,0.0,3.302752293577968,3.537656773766639,3.4765194108914077,3.2493833476446174,0.33941298849776286,0.0,4.492144349216899,3.57698304991965
2019-08,1,2019-09,2019-09-09T21:59:00+00:00,CORE_LEVELPHASE_FIXED060_R29B,-0.02752400026207502,-0.5504587155963248,2.6515151515151705,3.170969434200683,-0.027527788810216433,-0.551979322359781,-0.16943261889111114,-0.9,-0.16957631829154302,-0.9040744652149064
2019-08,2,2019-10,2019-09-09T21:59:00+00:00,CORE_LEVELPHASE_FIXED060_R29B,0.38812730069693363,0.4612546125461358,2.735849056603792,3.180568645674273,0.3598482411760291,-0.09178522902287545,0.5692620683807669,0.6,0.39807157659775455,-0.30586729746016006
2019-08,3,2019-11,2019-09-09T21:59:00+00:00,CORE_LEVELPHASE_FIXED060_R29B,0.14050838739869032,0.2754820936639035,3.116147308781873,3.4231149751787813,0.500258007909468,0.1833181081661043,0.21010693562378605,0.0,0.6079580962850046,-0.30586729746016006
2019-08,4,2019-12,2019-09-09T21:59:00+00:00,CORE_LEVELPHASE_FIXED060_R29B,0.21252955124068976,0.1831501831501825,3.207547169811327,3.5451433180153202,0.712562034580447,0.36630077587372,0.374313364796743,0.1,0.9815726518876948,-0.20591726415180675
2019-08,5,2020-01,2019-09-09T21:59:00+00:00,CORE_LEVELPHASE_FIXED060_R29B,0.9152710964571567,1.4625228519195457,3.6414565826330487,3.4196394134320025,1.6236699090343687,1.818231908319035,0.47752365586630474,0.8,1.4579597802334892,0.5908997007658806
2019-08,6,2020-02,2019-09-09T21:59:00+00:00,CORE_LEVELPHASE_FIXED060_R29B,0.371215528584689,0.2702702702702675,3.7278657968313063,3.61006632426222,1.9941981331711711,2.0881376052355334,0.48325825119341764,0.7,1.9400540871384528,1.2884610744084046
2019-08,7,2020-03,2019-09-09T21:59:00+00:00,CORE_LEVELPHASE_FIXED060_R29B,0.11957579608872532,-0.0898472596585708,3.4418604651162905,3.54096547401678,2.113702494345086,1.9982499587338283,0.21106541139467153,-0.3,2.1508970684207216,0.9880101723785324
2019-08,8,2020-04,2019-09-09T21:59:00+00:00,CORE_LEVELPHASE_FIXED060_R29B,0.29547896662322376,-0.1798561151079125,3.159851301115256,3.750395253246702,2.4087457798893674,1.8182319083190426,0.6078813943840347,0.2,2.756938317359015,1.1878104386458381
2019-08,9,2020-05,2019-09-09T21:59:00+00:00,CORE_LEVELPHASE_FIXED060_R29B,0.36947741027482156,0.3603603603603567,2.862419205909517,3.4606583294676216,2.7775422990245926,2.17794452640399,0.30465838424826686,0.7,3.061133558383162,1.8853718122883623
2019-08,10,2020-06,2019-09-09T21:59:00+00:00,CORE_LEVELPHASE_FIXED060_R29B,0.22313456510979335,0.6283662477558183,3.317972350230406,3.5003783866438223,3.0004282886668356,2.8043447848970313,0.39124035187256656,0.5,3.451610555577621,2.3841259633922696
2019-08,11,2020-07,2019-09-09T21:59:00+00:00,CORE_LEVELPHASE_FIXED060_R29B,0.379254535298668,0.4460303300624524,3.397612488521572,3.5112997872481095,3.3789654671196283,3.2493833476446174,0.7041631623486094,1.2,4.153306066552596,3.57698304991965
2019-08,12,2020-08,2019-09-09T21:59:00+00:00,CORE_LEVELPHASE_FIXED060_R29B,0.09760154310859175,0.0,3.302752293577968,3.537656773766639,3.4765194108914077,3.2493833476446174,0.33941298849776286,0.0,4.492144349216899,3.57698304991965
2019-08,1,2019-09,2019-09-09T21:59:00+00:00,CORE_LEVELPHASE_FIXED080_R29B,-0.02752400026207502,-0.5504587155963248,2.6515151515151705,3.170969434200683,-0.027527788810216433,-0.551979322359781,-0.16943261889111114,-0.9,-0.16957631829154302,-0.9040744652149064
2019-08,2,2019-10,2019-09-09T21:59:00+00:00,CORE_LEVELPHASE_FIXED080_R29B,0.38812730069693363,0.4612546125461358,2.735849056603792,3.180568645674273,0.3598482411760291,-0.09178522902287545,0.5692620683807669,0.6,0.39807157659775455,-0.30586729746016006
2019-08,3,2019-11,2019-09-09T21:59:00+00:00,CORE_LEVELPHASE_FIXED080_R29B,0.14050838739869032,0.2754820936639035,3.116147308781873,3.4231149751787813,0.500258007909468,0.1833181081661043,0.21010693562378605,0.0,0.6079580962850046,-0.30586729746016006
2019-08,4,2019-12,2019-09-09T21:59:00+00:00,CORE_LEVELPHASE_FIXED080_R29B,0.21252955124068976,0.1831501831501825,3.207547169811327,3.5451433180153202,0.712562034580447,0.36630077587372,0.374313364796743,0.1,0.9815726518876948,-0.20591726415180675
2019-08,5,2020-01,2019-09-09T21:59:00+00:00,CORE_LEVELPHASE_FIXED080_R29B,0.9152710964571567,1.4625228519195457,3.6414565826330487,3.4196394134320025,1.6236699090343687,1.818231908319035,0.47752365586630474,0.8,1.4579597802334892,0.5908997007658806
2019-08,6,2020-02,2019-09-09T21:59:00+00:00,CORE_LEVELPHASE_FIXED080_R29B,0.371215528584689,0.2702702702702675,3.7278657968313063,3.61006632426222,1.9941981331711711,2.0881376052355334,0.48325825119341764,0.7,1.9400540871384528,1.2884610744084046
2019-08,7,2020-03,2019-09-09T21:59:00+00:00,CORE_LEVELPHASE_FIXED080_R29B,0.11957579608872532,-0.0898472596585708,3.4418604651162905,3.54096547401678,2.113702494345086,1.9982499587338283,0.21106541139467153,-0.3,2.1508970684207216,0.9880101723785324
2019-08,8,2020-04,2019-09-09T21:59:00+00:00,CORE_LEVELPHASE_FIXED080_R29B,0.29547896662322376,-0.1798561151079125,3.159851301115256,3.750395253246702,2.4087457798893674,1.8182319083190426,0.6078813943840347,0.2,2.756938317359015,1.1878104386458381
2019-08,9,2020-05,2019-09-09T21:59:00+00:00,CORE_LEVELPHASE_FIXED080_R29B,0.36947741027482156,0.3603603603603567,2.862419205909517,3.4606583294676216,2.7775422990245926,2.17794452640399,0.30465838424826686,0.7,3.061133558383162,1.8853718122883623
2019-08,10,2020-06,2019-09-09T21:59:00+00:00,CORE_LEVELPHASE_FIXED080_R29B,0.22313456510979335,0.6283662477558183,3.317972350230406,3.5003783866438223,3.0004282886668356,2.8043447848970313,0.39124035187256656,0.5,3.451610555577621,2.3841259633922696
2019-08,11,2020-07,2019-09-09T21:59:00+00:00,CORE_LEVELPHASE_FIXED080_R29B,0.379254535298668,0.4460303300624524,3.397612488521572,3.5112997872481095,3.3789654671196283,3.2493833476446174,0.7041631623486094,1.2,4.153306066552596,3.57698304991965
2019-08,12,2020-08,2019-09-09T21:59:00+00:00,CORE_LEVELPHASE_FIXED080_R29B,0.09760154310859175,0.0,3.302752293577968,3.537656773766639,3.4765194108914077,3.2493833476446174,0.33941298849776286,0.0,4.492144349216899,3.57698304991965
2019-08,1,2019-09,2019-09-09T21:59:00+00:00,CORE_LEVELPHASE_PANEL_R29B,-0.10566562161053482,-0.5504587155963248,2.6515151515151705,3.0903277701120393,-0.10572148708568815,-0.551979322359781,-0.31138050855738575,-0.9,-0.3118663063781957,-0.9040744652149064
2019-08,2,2019-10,2019-09-09T21:59:00+00:00,CORE_LEVELPHASE_PANEL_R29B,0.3094074716706134,0.4612546125461358,2.735849056603792,3.019073184739075,0.2032083047317659,-0.09178522902287545,0.42626383757433184,0.6,0.11349160042444911,-0.30586729746016006
2019-08,3,2019-11,2019-09-09T21:59:00+00:00,CORE_LEVELPHASE_PANEL_R29B,0.06214495552518473,0.2754820936639035,3.116147308781873,3.1804343743808436,0.26533395827585554,0.1833181081661043,0.06775611682201765,0.0,0.18122477315306562,-0.30586729746016006
2019-08,4,2019-12,2019-09-09T21:59:00+00:00,CORE_LEVELPHASE_PANEL_R29B,0.1341131060018852,0.1831501831501825,3.207547169811327,3.221342281537031,0.3993572129776743,0.36630077587372,0.23186624475117598,0.1,0.4128226229251414,-0.20591726415180675
2019-08,5,2020-01,2019-09-09T21:59:00+00:00,CORE_LEVELPHASE_PANEL_R29B,0.8368494914552275,1.4625228519195457,3.6414565826330487,3.0161144099560597,1.2327245326131633,1.818231908319035,0.33506716287103333,0.8,0.7473296865683403,0.5908997007658806
2019-08,6,2020-02,2019-09-09T21:59:00+00:00,CORE_LEVELPHASE_PANEL_R29B,0.30561563990719165,0.2702702702702675,3.7278657968313063,3.1383458142497855,1.5378741172406858,2.0881376052355334,0.364093002259191,0.7,1.1107614747262249,1.2884610744084046
2019-08,7,2020-03,2019-09-09T21:59:00+00:00,CORE_LEVELPHASE_PANEL_R29B,0.06694802510920111,-0.0898472596585708,3.4418604651162905,3.0153811419494243,1.604799742156657,1.9982499587338283,0.11546461761192627,-0.3,1.2261594832169307,0.9880101723785324
2019-08,8,2020-04,2019-09-09T21:59:00+00:00,CORE_LEVELPHASE_PANEL_R29B,0.25549086435589646,-0.1798561151079125,3.159851301115256,3.1825922229295105,1.8599647834511477,1.8182319083190426,0.5352411467073954,0.2,1.759973305319177,1.1878104386458381
2019-08,9,2020-05,2019-09-09T21:59:00+00:00,CORE_LEVELPHASE_PANEL_R29B,0.3254073987047256,0.3603603603603567,2.862419205909517,2.8492622983613223,2.184843878063699,2.17794452640399,0.2246031584672788,0.7,1.9843246079394463,1.8853718122883623
2019-08,10,2020-06,2019-09-09T21:59:00+00:00,CORE_LEVELPHASE_PANEL_R29B,0.17482077579026323,0.6283662477558183,3.317972350230406,2.83914885093472,2.3595120202000563,2.8043447848970313,0.30347610642511175,0.5,2.287341155162197,2.3841259633922696
2019-08,11,2020-07,2019-09-09T21:59:00+00:00,CORE_LEVELPHASE_PANEL_R29B,0.32657162523780076,0.4460303300624524,3.397612488521572,2.7960208253709404,2.685551558421239,3.2493833476446174,0.6084622058600012,1.2,2.893959704597633,3.57698304991965
2019-08,12,2020-08,2019-09-09T21:59:00+00:00,CORE_LEVELPHASE_PANEL_R29B,0.04510945038834122,0.0,3.302752293577968,2.768274786400379,2.7306508375556917,3.2493833476446174,0.2440586605835924,0.0,3.137721025722397,3.57698304991965
2019-09,1,2019-10,2019-10-09T21:59:00+00:00,CORE_LEVELPHASE_FIXED040_R29B,0.26401014283443547,0.4612546125461358,2.735849056603792,2.780470514296208,0.26366224824032225,0.46019409333690553,0.4098539995797702,0.6,0.4090163859568919,0.5982071677547464
2019-09,2,2019-11,2019-10-09T21:59:00+00:00,CORE_LEVELPHASE_FIXED040_R29B,0.026511207506875474,0.2754820936639035,3.116147308781873,2.9047988570325183,0.29016994214756514,0.7352974305258853,0.05378769961940221,0.0,0.462789625178187,0.5982071677547464
2019-09,3,2019-12,2019-10-09T21:59:00+00:00,CORE_LEVELPHASE_FIXED040_R29B,0.10744519782297407,0.1831501831501825,3.207547169811327,2.9181808150151767,0.39755745893117034,0.918280098233501,0.22126188595777146,0.1,0.6838070875028968,0.6981572010630996
2019-09,4,2020-01,2019-10-09T21:59:00+00:00,CORE_LEVELPHASE_FIXED040_R29B,0.8156766611865823,1.4625228519195457,3.6414565826330487,2.6919888140088997,1.2099254578535397,2.370211230678816,0.3274382172799365,0.8,1.010710393204053,1.494974165980787
2019-09,5,2020-02,2019-10-09T21:59:00+00:00,CORE_LEVELPHASE_FIXED040_R29B,0.2777748124475927,0.2702702702702675,3.7278657968313063,2.7852986255009804,1.4873151890100456,2.6401169275953142,0.33596452159058976,0.7,1.3461118148540154,2.192535539623311
2019-09,6,2020-03,2019-10-09T21:59:00+00:00,CORE_LEVELPHASE_FIXED040_R29B,0.030819896063597405,-0.0898472596585708,3.4418604651162905,2.6256895487335505,1.5181303367192762,2.550229281093609,0.06574942074243989,-0.3,1.4118396301346074,1.8920846375934386
2019-09,7,2020-04,2019-10-09T21:59:00+00:00,CORE_LEVELPHASE_FIXED040_R29B,0.2148164669136418,-0.1798561151079125,3.159851301115256,2.7505645086947013,1.7327164029606883,2.370211230678824,0.46336775244854883,0.2,1.8741371390485768,2.0918849038607443
2019-09,8,2020-05,2019-10-09T21:59:00+00:00,CORE_LEVELPHASE_FIXED040_R29B,0.28984213592345853,0.3603603603603567,2.862419205909517,2.382322935314087,2.022139306444841,2.7299238487637716,0.1617886291665027,0.7,2.035795031404975,2.7894462775032682
2019-09,9,2020-06,2019-10-09T21:59:00+00:00,CORE_LEVELPHASE_FIXED040_R29B,0.14413574848187763,0.6283662477558183,3.317972350230406,2.34089726931024,2.1661712790635432,3.356324107256813,0.24911359002969613,0.5,2.2845988478830033,3.2882004286071758
2019-09,10,2020-07,2019-10-09T21:59:00+00:00,CORE_LEVELPHASE_FIXED040_R29B,0.3005710554709594,0.4460303300624524,3.397612488521572,2.271466719087224,2.4662915228512885,3.8013626700043996,0.5623561953270837,1.2,2.8453797239355683,4.481057515134556
2019-09,11,2020-08,2019-10-09T21:59:00+00:00,CORE_LEVELPHASE_FIXED040_R29B,0.028050028423542914,0.0,3.302752293577968,2.2063005423742426,2.494337617989866,3.8013626700043996,0.1813261250591176,0.0,3.0265416516350507,4.481057515134556
2019-09,12,2020-09,2019-10-09T21:59:00+00:00,CORE_LEVELPHASE_FIXED040_R29B,-0.11709942553429552,-0.6216696269982114,3.2287822878228734,2.4056494775919526,2.3771695775078983,3.177752631233366,-0.3416361045805195,-0.8,2.68432063836196,3.6778403454081303
2019-09,1,2019-10,2019-10-09T21:59:00+00:00,CORE_LEVELPHASE_FIXED060_R29B,0.28103799958767467,0.4612546125461358,2.735849056603792,2.7979257420140575,0.2806438261470142,0.46019409333690553,0.44080417212628503,0.6,0.4398354761936095,0.5982071677547464
2019-09,2,2019-11,2019-10-09T21:59:00+00:00,CORE_LEVELPHASE_FIXED060_R29B,0.04347868128265896,0.2754820936639035,3.116147308781873,2.93973388100412,0.3241130581898801,0.7352974305258853,0.08462811886001316,0.0,0.5244278056516222,0.5982071677547464
2019-09,3,2019-12,2019-10-09T21:59:00+00:00,CORE_LEVELPHASE_FIXED060_R29B,0.12416499953372925,0.1831501831501825,3.207547169811327,2.9703154643040053,0.448201036736876,0.918280098233501,0.2516521315060227,0.1,0.7757638234081116,0.6981572010630996
2019-09,4,2020-01,2019-10-09T21:59:00+00:00,CORE_LEVELPHASE_FIXED060_R29B,0.8321378121554919,1.4625228519195457,3.6414565826330487,2.760784890992507,1.27689567034008,2.370211230678816,0.3573583340735585,0.8,1.1324851497361093,1.494974165980787
2019-09,5,2020-02,2019-10-09T21:59:00+00:00,CORE_LEVELPHASE_FIXED060_R29B,0.2939609762391482,0.2702702702702675,3.7278657968313063,2.870759239299128,1.5704254261745851,2.6401169275953142,0.3653848161981008,0.7,1.4972040572079752,2.192535539623311
2019-09,6,2020-03,2019-10-09T21:59:00+00:00,CORE_LEVELPHASE_FIXED060_R29B,0.046862196362491886,-0.0898472596585708,3.4418604651162905,2.727489589076711,1.6172766456390473,2.550229281093609,0.09490822619218271,-0.3,1.5920672740193154,1.8920846375934386
2019-09,7,2020-04,2019-10-09T21:59:00+00:00,CORE_LEVELPHASE_FIXED060_R29B,0.23082184168657013,-0.1798561151079125,3.159851301115256,2.8689150584567336,1.8478325029340343,2.370211230678824,0.4924594413247507,0.2,2.0833181001728773,2.0918849038607443
2019-09,8,2020-05,2019-10-09T21:59:00+00:00,CORE_LEVELPHASE_FIXED060_R29B,0.3056990961019575,0.3603603603603567,2.862419205909517,2.5164557862505132,2.1530652894436395,2.7299238487637716,0.19061055671145918,0.7,2.2737472254777127,2.7894462775032682
2019-09,9,2020-06,2019-10-09T21:59:00+00:00,CORE_LEVELPHASE_FIXED060_R29B,0.159944732581987,0.6283662477558183,3.317972350230406,2.4911527836563354,2.312882246666716,3.356324107256813,0.27784831529630477,0.5,2.551210255849235,3.2882004286071758
2019-09,10,2020-07,2019-10-09T21:59:00+00:00,CORE_LEVELPHASE_FIXED060_R29B,0.31636744315728854,0.4460303300624524,3.397612488521572,2.437750729247701,2.628750301020399,3.8013626700043996,0.5910680251004066,1.2,3.1405383267403497,4.481057515134556
2019-09,11,2020-08,2019-10-09T21:59:00+00:00,CORE_LEVELPHASE_FIXED060_R29B,0.04372480483808502,0.0,3.302752293577968,2.388520755618223,2.6724655493513017,3.8013626700043996,0.20981691175579525,0.0,3.3501354302234385,4.481057515134556
2019-09,12,2020-09,2019-10-09T21:59:00+00:00,CORE_LEVELPHASE_FIXED060_R29B,-0.10150647391025996,-0.6216696269982114,3.2287822878228734,2.604240389541371,2.570907522730635,3.177752631233366,-0.3132940442574225,-0.8,3.0363495927339548,3.6778403454081303
2019-09,1,2019-10,2019-10-09T21:59:00+00:00,CORE_LEVELPHASE_FIXED080_R29B,0.29807110498020184,0.4612546125461358,2.735849056603792,2.8153863501033367,0.29762775384468004,0.46019409333690553,0.4717638847044053,0.6,0.47065456643032705,0.5982071677547464
2019-09,2,2019-11,2019-10-09T21:59:00+00:00,CORE_LEVELPHASE_FIXED080_R29B,0.06045138508537827,0.2754820936639035,3.116147308781873,2.9746856050489345,0.3580608744406518,0.7352974305258853,0.11547804430204645,0.0,0.5860659861250572,0.5982071677547464
2019-09,3,2019-12,2019-10-09T21:59:00+00:00,CORE_LEVELPHASE_FIXED080_R29B,0.14088987121536628,0.1831501831501825,3.207547169811327,3.0224837083908267,0.4988515890004923,0.918280098233501,0.28205159233461563,0.1,0.8677205593133261,0.6981572010630996
2019-09,4,2020-01,2019-10-09T21:59:00+00:00,CORE_LEVELPHASE_FIXED080_R29B,0.8486038722456578,1.4625228519195457,3.6414565826330487,2.8296364930805997,1.3438750599425824,2.370211230678816,0.38728737378403016,0.8,1.2542599062681656,1.494974165980787
2019-09,5,2020-02,2019-10-09T21:59:00+00:00,CORE_LEVELPHASE_FIXED080_R29B,0.31015188610265887,0.2702702702702675,3.7278657968313063,2.9563025472470477,1.6535469672690446,2.6401169275953142,0.39481373736079495,0.7,1.648296299561935,2.192535539623311
2019-09,6,2020-03,2019-10-09T21:59:00+00:00,CORE_LEVELPHASE_FIXED080_R29B,0.06290917133095202,-0.0898472596585708,3.4418604651162905,2.82940439423761,1.7164363590757972,2.550229281093609,0.12407552841469921,-0.3,1.772294917904023,1.8920846375934386
2019-09,7,2020-04,2019-10-09T21:59:00+00:00,CORE_LEVELPHASE_FIXED080_R29B,0.24683185121735768,-0.1798561151079125,3.159851301115256,2.987417867520603,1.9629640808353859,2.370211230678824,0.5215595544294115,0.2,2.2924990612971774,2.0918849038607443
2019-09,8,2020-05,2019-10-09T21:59:00+00:00,CORE_LEVELPHASE_FIXED080_R29B,0.3215606191797777,0.3603603603603567,2.862419205909517,2.650782358629459,2.2840087995155023,2.7299238487637716,0.21944077787336064,0.7,2.51169941955045,2.7894462775032682
2019-09,9,2020-06,2019-10-09T21:59:00+00:00,CORE_LEVELPHASE_FIXED080_R29B,0.17575824806196183,0.6283662477558183,3.317972350230406,2.6416489770293556,2.459612773508471,3.356324107256813,0.306591276889466,0.5,2.817821663815466,3.2882004286071758
2019-09,10,2020-07,2019-10-09T21:59:00+00:00,CORE_LEVELPHASE_FIXED080_R29B,0.33216834091290653,0.4460303300624524,3.397612488521572,2.6043272386422096,2.79123065402115,3.8013626700043996,0.6197880524657523,1.2,3.435696929545131,4.481057515134556
2019-09,11,2020-08,2019-10-09T21:59:00+00:00,CORE_LEVELPHASE_FIXED080_R29B,0.05940403903661357,0.0,3.302752293577968,2.5710900244838544,2.8506170558429607,3.8013626700043996,0.23831580100968577,0.0,3.6737292088118263,4.481057515134556
2019-09,12,2020-09,2019-10-09T21:59:00+00:00,CORE_LEVELPHASE_FIXED080_R29B,-0.08590908777256931,-0.6216696269982114,3.2287822878228734,2.803242714480301,2.764671045065256,3.177752631233366,-0.2849439236737317,-0.8,3.388378547105949,3.6778403454081303
2019-09,1,2019-10,2019-10-09T21:59:00+00:00,CORE_LEVELPHASE_PANEL_R29B,0.27387442225907865,0.4612546125461358,2.735849056603792,2.7905823707749677,0.27350006961157247,0.46019409333690553,0.42778351088962224,0.6,0.4268711183464311,0.5982071677547464
2019-09,2,2019-11,2019-10-09T21:59:00+00:00,CORE_LEVELPHASE_PANEL_R29B,0.03634050692371453,0.2754820936639035,3.116147308781873,2.9250360801199626,0.3098339749723822,0.7352974305258853,0.07165363056838414,0.0,0.4984990899572653,0.5982071677547464
2019-09,3,2019-12,2019-10-09T21:59:00+00:00,CORE_LEVELPHASE_PANEL_R29B,0.11577047913118489,0.1831501831501825,3.207547169811327,2.9469813848117754,0.42553749176114264,0.918280098233501,0.2363940835514812,0.1,0.7346142022562469,0.6981572010630996
2019-09,4,2020-01,2019-10-09T21:59:00+00:00,CORE_LEVELPHASE_PANEL_R29B,0.8224887228079911,1.4625228519195457,3.6414565826330487,2.7276668711517136,1.2446622091956325,2.370211230678816,0.33981995654609454,0.8,1.0738580755164076,1.494974165980787
2019-09,5,2020-02,2019-10-09T21:59:00+00:00,CORE_LEVELPHASE_PANEL_R29B,0.28306532595732936,0.2702702702702675,3.7278657968313063,2.82643379202344,1.5273276596872916,2.6401169275953142,0.3455806646178013,0.7,1.4188429823101072,2.192535539623311
2019-09,6,2020-03,2019-10-09T21:59:00+00:00,CORE_LEVELPHASE_PANEL_R29B,0.039851390232018245,-0.0898472596585708,3.4418604651162905,2.676030324614802,1.567171111361806,2.550229281093609,0.08216524493665586,-0.3,1.5009744900882667,1.8920846375934386
2019-09,7,2020-04,2019-10-09T21:59:00+00:00,CORE_LEVELPHASE_PANEL_R29B,0.22765425572710304,-0.1798561151079125,3.159851301115256,2.814135620868935,1.794566627401688,2.370211230678824,0.486701973815942,0.2,1.9864958988536334,2.0918849038607443
2019-09,8,2020-05,2019-10-09T21:59:00+00:00,CORE_LEVELPHASE_PANEL_R29B,0.30640073265105305,0.3603603603603567,2.862419205909517,2.4625807580718457,2.1004989096542697,2.7299238487637716,0.19188586531747728,0.7,2.1781978984152595,2.7894462775032682
2019-09,9,2020-06,2019-10-09T21:59:00+00:00,CORE_LEVELPHASE_PANEL_R29B,0.16573209248017978,0.6283662477558183,3.317972350230406,2.4432100005130137,2.2660938180531773,3.356324107256813,0.28836753624310857,0.5,2.466150453068613,3.2882004286071758
2019-09,10,2020-07,2019-10-09T21:59:00+00:00,CORE_LEVELPHASE_PANEL_R29B,0.32727434600761335,0.4460303300624524,3.397612488521572,2.4009652667469776,2.5928337871745644,3.8013626700043996,0.6108926295739797,1.2,3.0751846982666007,4.481057515134556
2019-09,11,2020-08,2019-10-09T21:59:00+00:00,CORE_LEVELPHASE_PANEL_R29B,0.05967296867577092,0.0,3.302752293577968,2.36806906270853,2.652488958614123,3.8013626700043996,0.23880461289337798,0.0,3.313704626081603,4.481057515134556
2019-09,12,2020-09,2019-10-09T21:59:00+00:00,CORE_LEVELPHASE_PANEL_R29B,-0.0856415619882934,-0.6216696269982114,3.2287822878228734,2.6000369651768906,2.566810703288804,3.177752631233366,-0.2844576634647124,-0.8,3.0288416129240328,3.6778403454081303
2019-10,1,2019-11,2019-11-10T22:59:00+00:00,CORE_LEVELPHASE_FIXED040_R29B,0.015216040722050093,0.2754820936639035,3.116147308781873,2.6111503846754234,0.01521488319999168,0.2751033371889798,-0.044858342983561894,0.0,-0.044868407348155386,0.0
2019-10,2,2019-12,2019-11-10T22:59:00+00:00,CORE_LEVELPHASE_FIXED040_R29B,0.0917279348287339,0.1831501831501825,3.207547169811327,2.6083817063991557,0.10690077366757095,0.45808600489659546,0.13039149130126496,0.1,0.08543814807284764,0.09995003330835331
2019-10,3,2020-01,2019-11-10T22:59:00+00:00,CORE_LEVELPHASE_FIXED040_R29B,0.7934454412019313,1.4625228519195457,3.6414565826330487,2.360293769691915,0.8972149886709114,1.9100171373419104,0.23914783848958646,0.8,0.32430048321195926,0.8967669982260407
2019-10,4,2020-02,2019-11-10T22:59:00+00:00,CORE_LEVELPHASE_FIXED040_R29B,0.2511741409194745,0.2702702702702675,3.7278657968313063,2.4261244171887624,1.148074214558243,2.1799228342584085,0.24883028232345578,0.7,0.57282169558865,1.5943283718685648
2019-10,5,2020-03,2019-11-10T22:59:00+00:00,CORE_LEVELPHASE_FIXED040_R29B,0.0008725295150101078,-0.0898472596585708,3.4418604651162905,2.2364562211872894,1.1489467402667364,2.090035187756704,-0.020241572322131272,-0.3,0.5525780743837797,1.2938774698386926
2019-10,6,2020-04,2019-11-10T22:59:00+00:00,CORE_LEVELPHASE_FIXED040_R29B,0.1758577633602728,-0.1798561151079125,3.159851301115256,2.321064580780136,1.3246500549092017,1.9100171373419184,0.37913269060107807,0.2,0.9309938684209335,1.4936777361059983
2019-10,7,2020-05,2019-11-10T22:59:00+00:00,CORE_LEVELPHASE_FIXED040_R29B,0.247395867722611,0.3603603603603567,2.862419205909517,1.911211513394585,1.5717404028467823,2.269729755426866,0.07912448838180235,0.7,1.0100870698820836,2.1912391097485227
2019-10,8,2020-06,2019-11-10T22:59:00+00:00,CORE_LEVELPHASE_FIXED040_R29B,0.10250788600657386,0.6283662477558183,3.317972350230406,1.82763120820283,1.6741957853969474,2.8961300139199073,0.16728795761743417,0.5,1.177235257053404,2.68999326085243
2019-10,9,2020-07,2019-11-10T22:59:00+00:00,CORE_LEVELPHASE_FIXED040_R29B,0.2586694319360627,0.4460303300624524,3.397612488521572,1.7160381609662871,1.9325312437589763,3.3411685766674935,0.48116602746870674,1.2,1.657247380773661,3.8828503473798106
2019-10,10,2020-08,2019-11-10T22:59:00+00:00,CORE_LEVELPHASE_FIXED040_R29B,-0.013490107810722109,0.0,3.302752293577968,1.6090116801816483,1.9190402259513697,3.3411685766674935,0.10093533661588064,0.0,1.758131811930171,3.8828503473798106
2019-10,11,2020-09,2019-11-10T22:59:00+00:00,CORE_LEVELPHASE_FIXED040_R29B,-0.21423281771627828,-0.6216696269982114,3.2287822878228734,1.9525384651586948,1.7045776014611447,2.71755853789646,-0.47681471256704455,-0.8,1.280176711543861,3.0796331776533847
2019-10,12,2020-10,2019-11-10T22:59:00+00:00,CORE_LEVELPHASE_FIXED040_R29B,0.25502224455673494,0.1787310098301908,2.9384756657483617,1.978594982474251,1.9592752160936648,2.8961300139199135,0.32352273273950743,0.5,1.6031772354966645,3.5783873287572923
2019-10,1,2019-11,2019-11-10T22:59:00+00:00,CORE_LEVELPHASE_FIXED060_R29B,0.004711619324039757,0.2754820936639035,3.116147308781873,2.6003733168806953,0.004711508330742858,0.2751033371889798,-0.063893183197767,0.0,-0.06391360359068537,0.0
2019-10,2,2019-12,2019-11-10T22:59:00+00:00,CORE_LEVELPHASE_FIXED060_R29B,0.08120509618796105,0.1831501831501825,3.207547169811327,2.586818643015536,0.08588365101921001,0.45808600489659546,0.11132327759033045,0.1,0.04734775558778763,0.09995003330835331
2019-10,3,2020-01,2019-11-10T22:59:00+00:00,CORE_LEVELPHASE_FIXED060_R29B,0.783533254120108,1.4625228519195457,3.6414565826330487,2.328718683765735,0.866363224037173,1.9100171373419104,0.22118617357470088,0.8,0.26828967265369263,0.8967669982260407
2019-10,4,2020-02,2019-11-10T22:59:00+00:00,CORE_LEVELPHASE_FIXED060_R29B,0.24188314438308264,0.2702702702702675,3.7278657968313063,2.3850393878469887,1.1079543020206883,2.1799228342584085,0.23199426367949216,0.7,0.5000152451265001,1.5943283718685648
2019-10,5,2020-03,2019-11-10T22:59:00+00:00,CORE_LEVELPHASE_FIXED060_R29B,-0.007773044509820987,-0.0898472596585708,3.4418604651162905,2.1866119653441416,1.1001809553941069,2.090035187756704,-0.03590803446100863,-0.3,0.46410076218706975,1.2938774698386926
2019-10,6,2020-04,2019-11-10T22:59:00+00:00,CORE_LEVELPHASE_FIXED060_R29B,0.1674042772842393,-0.1798561151079125,3.159851301115256,2.2625487722397093,1.2674452679009918,1.9100171373419184,0.36381430697827477,0.2,0.8272548657074246,1.4936777361059983
2019-10,7,2020-05,2019-11-10T22:59:00+00:00,CORE_LEVELPHASE_FIXED060_R29B,0.23919359375018123,0.3603603603603567,2.862419205909517,1.844596454085325,1.5063532491286213,2.269729755426866,0.06426132090758936,0.7,0.891495547869537,2.1912391097485227
2019-10,8,2020-06,2019-11-10T22:59:00+00:00,CORE_LEVELPHASE_FIXED060_R29B,0.0945245330537135,0.6283662477558183,3.317972350230406,1.7529551555206275,1.6008331358778487,2.8961300139199073,0.15282149230025993,0.5,1.0442003869595806,2.68999326085243
2019-10,9,2020-07,2019-11-10T22:59:00+00:00,CORE_LEVELPHASE_FIXED060_R29B,0.25080062570666917,0.4460303300624524,3.397612488521572,1.633466612527434,1.8513197816813778,3.3411685766674935,0.4669071298504698,1.2,1.5100208865272584,3.8828503473798106
2019-10,10,2020-08,2019-11-10T22:59:00+00:00,CORE_LEVELPHASE_FIXED060_R29B,-0.021190102598589028,0.0,3.302752293577968,1.5187084222037157,1.830127433663338,3.3411685766674935,0.08698233864637603,0.0,1.5969654174598864,3.8828503473798106
2019-10,11,2020-09,2019-11-10T22:59:00+00:00,CORE_LEVELPHASE_FIXED060_R29B,-0.22175013765655066,-0.6216696269982114,3.2287822878228734,1.85425617686167,1.6081310663118968,2.71755853789646,-0.49043668930240725,-0.8,1.1053221407783917,3.0796331776533847
2019-10,12,2020-10,2019-11-10T22:59:00+00:00,CORE_LEVELPHASE_FIXED060_R29B,0.2474444724452507,0.1787310098301908,2.9384756657483617,1.872586957953173,1.855269899011038,2.8961300139199135,0.30979121190114084,0.5,1.4146344884360105,3.5783873287572923
2019-10,1,2019-11,2019-11-10T22:59:00+00:00,CORE_LEVELPHASE_FIXED080_R29B,-0.005790801676797014,0.2754820936639035,3.116147308781873,2.5895983014042376,-0.005790969350190435,0.2751033371889798,-0.08292439853449234,0.0,-0.08295879983321537,0.0
2019-10,2,2019-12,2019-11-10T22:59:00+00:00,CORE_LEVELPHASE_FIXED080_R29B,0.07068426145162779,0.1831501831501825,3.207547169811327,2.5652619512885626,0.06486832254302502,0.45808600489659546,0.09225869511231842,0.1,0.009257363102727637,0.09995003330835331
2019-10,3,2020-01,2019-11-10T22:59:00+00:00,CORE_LEVELPHASE_FIXED080_R29B,0.7736228431844987,1.4625228519195457,3.6414565826330487,2.297155986676658,0.8355140487896918,1.9100171373419104,0.20322772717686646,0.8,0.212278862095426,0.8967669982260407
2019-10,4,2020-02,2019-11-10T22:59:00+00:00,CORE_LEVELPHASE_FIXED080_R29B,0.23259370819797331,0.2702702702702675,3.7278657968313063,2.3439742025759567,1.0678376765345527,2.1799228342584085,0.2151610725151408,0.7,0.42720879466435013,1.5943283718685648
2019-10,5,2020-03,2019-11-10T22:59:00+00:00,CORE_LEVELPHASE_FIXED080_R29B,-0.016417263804852193,-0.0898472596585708,3.4418604651162905,2.136795988161656,1.0514190649494317,2.090035187756704,-0.05157204172262076,-0.3,0.3756234499903598,1.2938774698386926
2019-10,6,2020-04,2019-11-10T22:59:00+00:00,CORE_LEVELPHASE_FIXED080_R29B,0.1589520812546447,-0.1798561151079125,3.159851301115256,2.2040709966961205,1.2102449510922066,1.9100171373419184,0.3484982610213841,0.2,0.7235158629939158,1.4936777361059983
2019-10,7,2020-05,2019-11-10T22:59:00+00:00,CORE_LEVELPHASE_FIXED080_R29B,0.23099253793161065,0.3603603603603567,2.862419205909517,1.7780300433952263,1.4409711113903554,2.269729755426866,0.04940036082426326,0.7,0.7729040258569905,2.1912391097485227
2019-10,8,2020-06,2019-11-10T22:59:00+00:00,CORE_LEVELPHASE_FIXED080_R29B,0.08654233308104226,0.6283662477558183,3.317972350230406,1.6783394917482763,1.5274760181858194,2.8961300139199073,0.13835711627414116,0.5,0.9111655168657574,2.68999326085243
2019-10,9,2020-07,2019-11-10T22:59:00+00:00,CORE_LEVELPHASE_FIXED080_R29B,0.24293293610944508,0.4460303300624524,3.397612488521572,1.5509682176127166,1.7701143492699891,3.3411685766674935,0.45265025565780925,1.2,1.3627943922808559,3.8828503473798106
2019-10,10,2020-08,2019-11-10T22:59:00+00:00,CORE_LEVELPHASE_FIXED080_R29B,-0.028889024089675266,0.0,3.302752293577968,1.4284920228089713,1.741221151497906,3.3411685766674935,0.073031285575305,0.0,1.435799022989602,3.8828503473798106
2019-10,11,2020-09,2019-11-10T22:59:00+00:00,CORE_LEVELPHASE_FIXED080_R29B,-0.22926642868323835,-0.6216696269982114,3.2287822878228734,1.7560757289799804,1.5116915049476345,2.71755853789646,-0.5040568015651886,-0.8,0.9304675700129227,3.0796331776533847
2019-10,12,2020-10,2019-11-10T22:59:00+00:00,CORE_LEVELPHASE_FIXED080_R29B,0.23986773752158455,0.1787310098301908,2.9384756657483617,1.7666966985854953,1.75127201902426,2.8961300139199135,0.29606157052891924,0.5,1.226091741375357,3.5783873287572923
2019-10,1,2019-11,2019-11-10T22:59:00+00:00,CORE_LEVELPHASE_PANEL_R29B,0.009329047103055464,0.2754820936639035,3.116147308781873,2.6051105918172413,0.009328611974518227,0.2751033371889798,-0.05552603981651958,0.0,-0.055541461230872786,0.0
2019-10,2,2019-12,2019-11-10T22:59:00+00:00,CORE_LEVELPHASE_PANEL_R29B,0.08583061963308938,0.1831501831501825,3.207547169811327,2.5962968381700082,0.09512241819455565,0.45808600489659546,0.11970509095720033,0.1,0.06409204030741278,0.09995003330835331
2019-10,3,2020-01,2019-11-10T22:59:00+00:00,CORE_LEVELPHASE_PANEL_R29B,0.7886113102380958,1.4625228519195457,3.6414565826330487,2.3433294204076085,0.8806404414706503,1.9100171373419104,0.2303880118428205,0.8,0.2942150658899031,0.8967669982260407
2019-10,4,2020-02,2019-11-10T22:59:00+00:00,CORE_LEVELPHASE_PANEL_R29B,0.2474092565953367,0.2702702702702675,3.7278657968313063,2.4053032316454486,1.1277441452382913,2.1799228342584085,0.24200801493531546,0.7,0.5359307130360685,1.5943283718685648
2019-10,5,2020-03,2019-11-10T22:59:00+00:00,CORE_LEVELPHASE_PANEL_R29B,-0.0018153866482536578,-0.0898472596585708,3.4418604651162905,2.2129261437608005,1.1259287421116946,2.090035187756704,-0.025112288446162253,-0.3,0.5108152709267689,1.2938774698386926
2019-10,6,2020-04,2019-11-10T22:59:00+00:00,CORE_LEVELPHASE_PANEL_R29B,0.17129188552385155,-0.1798561151079125,3.159851301115256,2.292852450387239,1.297074090399047,1.9100171373419184,0.37085895978232764,0.2,0.8809882443735795,1.4936777361059983
2019-10,7,2020-05,2019-11-10T22:59:00+00:00,CORE_LEVELPHASE_PANEL_R29B,0.2409820549262105,0.3603603603603567,2.862419205909517,1.8765939226712276,1.5377662492096122,2.269729755426866,0.06750215364126803,0.7,0.9484676255584725,2.1912391097485227
2019-10,8,2020-06,2019-11-10T22:59:00+00:00,CORE_LEVELPHASE_PANEL_R29B,0.09422526468156744,0.6283662477558183,3.317972350230406,1.7846195098780988,1.6319471497546207,2.8961300139199073,0.15227919440215348,0.5,1.1006309927676219,2.68999326085243
2019-10,9,2020-07,2019-11-10T22:59:00+00:00,CORE_LEVELPHASE_PANEL_R29B,0.24802243297375776,0.4460303300624524,3.397612488521572,1.662276397193606,1.8796625147189838,3.3411685766674935,0.46187282546077235,1.2,1.5614404586826087,3.8828503473798106
2019-10,10,2020-08,2019-11-10T22:59:00+00:00,CORE_LEVELPHASE_PANEL_R29B,-0.02642629411411487,0.0,3.302752293577968,1.5421673288600224,1.8532327282444847,3.3411685766674935,0.07749394656341088,0.0,1.6389043941907497,3.8828503473798106
2019-10,11,2020-09,2019-11-10T22:59:00+00:00,CORE_LEVELPHASE_PANEL_R29B,-0.2294102745330353,-0.6216696269982114,3.2287822878228734,1.8699712996183135,1.6235589051924035,2.71755853789646,-0.5043174615922968,-0.8,1.1333109603129716,3.0796331776533847
2019-10,12,2020-10,2019-11-10T22:59:00+00:00,CORE_LEVELPHASE_PANEL_R29B,0.23972273490394896,0.1787310098301908,2.9384756657483617,1.880456781239264,1.8629947635289672,2.8961300139199135,0.2957988143472358,0.5,1.428673150774307,3.5783873287572923
2019-11,1,2019-12,2019-12-09T22:59:00+00:00,CORE_LEVELPHASE_FIXED040_R29B,0.06574577418858267,0.1831501831501825,3.207547169811327,2.9681656403650236,0.06572417112268107,0.18298266770761573,0.17934498250548003,0.1,0.1791843514189172,0.09995003330835331
2019-11,2,2020-01,2019-12-09T22:59:00+00:00,CORE_LEVELPHASE_FIXED040_R29B,0.7861008690165235,1.4625228519195457,3.6414565826330487,2.7117229153975457,0.8487513648750113,1.6349138001529306,0.2865464285743935,0.8,0.4653210182997009,0.8967669982260407
2019-11,3,2020-02,2019-12-09T22:59:00+00:00,CORE_LEVELPHASE_FIXED040_R29B,0.25017691996337066,0.2702702702702675,3.7278657968313063,2.776757222725843,1.0986158633444623,1.904819497069429,0.2953381621730539,0.7,0.7602239141170893,1.5943283718685648
2019-11,4,2020-03,2019-12-09T22:59:00+00:00,CORE_LEVELPHASE_FIXED040_R29B,0.005571728234888069,-0.0898472596585708,3.4418604651162905,2.591260438904928,1.104187436364338,1.814931850567724,0.026045252924310133,-0.3,0.7862657758542161,1.2938774698386926
2019-11,5,2020-04,2019-12-09T22:59:00+00:00,CORE_LEVELPHASE_FIXED040_R29B,0.18483002217908923,-0.1798561151079125,3.159851301115256,2.6853586244912306,1.2888468580395536,1.6349138001529386,0.42399172615333725,0.2,1.209361189721799,1.4936777361059983
2019-11,6,2020-05,2019-12-09T22:59:00+00:00,CORE_LEVELPHASE_FIXED040_R29B,0.26252092257291526,0.3603603603603567,2.862419205909517,2.2894771861701866,1.5510237963274867,1.9946264182378861,0.12293334578683326,0.7,1.3322190343421725,2.1912391097485227
2019-11,7,2020-06,2019-12-09T22:59:00+00:00,CORE_LEVELPHASE_FIXED040_R29B,0.12486554915744066,0.6283662477558183,3.317972350230406,2.2284140353795943,1.6758114532916961,2.6210266767309274,0.21062714291801193,0.5,1.5426246692762744,2.68999326085243
2019-11,8,2020-07,2019-12-09T22:59:00+00:00,CORE_LEVELPHASE_FIXED040_R29B,0.28096410841001423,0.4460303300624524,3.397612488521572,2.139089548527209,1.956381595314216,3.066065239478514,0.5239842801396118,1.2,2.0652409285154913,3.8828503473798106
2019-11,9,2020-08,2019-12-09T22:59:00+00:00,CORE_LEVELPHASE_FIXED040_R29B,0.008698784468531525,0.0,3.302752293577968,2.0542606697963577,1.965080001460431,3.066065239478514,0.14323858169646086,0.0,2.2083770216126575,3.8828503473798106
2019-11,10,2020-09,2019-12-09T22:59:00+00:00,CORE_LEVELPHASE_FIXED040_R29B,-0.19170205665637616,-0.6216696269982114,3.2287822878228734,2.4224136558798093,1.7731939612403051,2.4424552007074807,-0.43489869282579174,-0.8,1.7725298936013791,3.0796331776533847
2019-11,11,2020-10,2019-12-09T22:59:00+00:00,CORE_LEVELPHASE_FIXED040_R29B,0.3081944261463878,0.1787310098301908,2.9384756657483617,2.2663654979492467,2.080914441897856,2.6210266767309336,0.4009332736175717,0.5,2.1726615716307727,3.5783873287572923
2019-11,12,2020-11,2019-12-09T22:59:00+00:00,CORE_LEVELPHASE_FIXED040_R29B,0.03496828835680244,0.0,2.655677655677633,2.1384200030786746,2.1158766177736172,2.6210266767309336,0.012292759074998785,0.0,2.184953575208057,3.5783873287572923
2019-11,1,2019-12,2019-12-09T22:59:00+00:00,CORE_LEVELPHASE_FIXED060_R29B,0.07029506883381208,0.1831501831501825,3.207547169811327,2.9728468878883656,0.07027037342272678,0.18298266770761573,0.18760761880034163,0.1,0.18743185550307262,0.09995003330835331
2019-11,2,2020-01,2019-12-09T22:59:00+00:00,CORE_LEVELPHASE_FIXED060_R29B,0.7906550318405642,1.4625228519195457,3.6414565826330487,2.721033890038429,0.8578161068295551,1.6349138001529306,0.2948179066775071,0.8,0.4818160264680117,0.8967669982260407
2019-11,3,2020-02,2019-12-09T22:59:00+00:00,CORE_LEVELPHASE_FIXED060_R29B,0.25478389940232327,0.2702702702702675,3.7278657968313063,2.790797608978407,1.1122759823120603,1.904819497069429,0.3037055682195909,0.7,0.785061340968747,1.5943283718685648
2019-11,4,2020-03,2019-12-09T22:59:00+00:00,CORE_LEVELPHASE_FIXED060_R29B,0.010218614615527519,-0.0898472596585708,3.4418604651162905,2.610043169275241,1.1224940748627292,1.814931850567724,0.03448513977732653,-0.3,0.8195405359884123,1.2938774698386926
2019-11,5,2020-04,2019-12-09T22:59:00+00:00,CORE_LEVELPHASE_FIXED060_R29B,0.189547880572068,-0.1798561151079125,3.159851301115256,2.7089950801193687,1.3118625401224895,1.6349138001529386,0.4325605156101209,0.2,1.2511681977377254,1.4936777361059983
2019-11,6,2020-05,2019-12-09T22:59:00+00:00,CORE_LEVELPHASE_FIXED060_R29B,0.2672436730590289,0.3603603603603567,2.862419205909517,2.3178418534992034,1.5787497522159202,1.9946264182378861,0.13151102048615365,0.7,1.3825928182233849,2.1912391097485227
2019-11,7,2020-06,2019-12-09T22:59:00+00:00,CORE_LEVELPHASE_FIXED060_R29B,0.12961148843058956,0.6283662477558183,3.317972350230406,2.2616087616127145,1.708277317465073,2.6210266767309274,0.21924693414930768,0.5,1.601599757006329,2.68999326085243
2019-11,8,2020-07,2019-12-09T22:59:00+00:00,CORE_LEVELPHASE_FIXED060_R29B,0.28574400006033024,0.4460303300624524,3.397612488521572,2.1771253101197336,1.9936138453911159,3.066065239478514,0.5326657372258928,1.2,2.132851848077944,3.8828503473798106
2019-11,9,2020-08,2019-12-09T22:59:00+00:00,CORE_LEVELPHASE_FIXED060_R29B,0.013472284942802693,0.0,3.302752293577968,2.0971377926671497,2.0070852229031106,3.066065239478514,0.1519084308374947,0.0,2.284645014774508,3.8828503473798106
2019-11,10,2020-09,2019-12-09T22:59:00+00:00,CORE_LEVELPHASE_FIXED060_R29B,-0.18694446852131516,-0.6216696269982114,3.2287822878228734,2.47032970178896,1.8199657951251367,2.4424552007074807,-0.42625774440052755,-0.8,1.8574762021296272,3.0796331776533847
2019-11,11,2020-10,2019-12-09T22:59:00+00:00,CORE_LEVELPHASE_FIXED060_R29B,0.3130036967565506,0.1787310098301908,2.9384756657483617,2.319113989043384,2.1324806550966198,2.6210266767309336,0.40966809010984095,0.5,2.266307437292418,3.5783873287572923
2019-11,12,2020-11,2019-12-09T22:59:00+00:00,CORE_LEVELPHASE_FIXED060_R29B,0.039758942831202654,0.0,2.655677655677633,2.1959964118197566,2.172231696154519,2.6210266767309336,0.02099376409295894,0.0,2.2872989980030995,3.5783873287572923
2019-11,1,2019-12,2019-12-09T22:59:00+00:00,CORE_LEVELPHASE_FIXED080_R29B,0.074844738697776,0.1831501831501825,3.207547169811327,2.9775285215137104,0.07481674399072834,0.18298266770761573,0.1958709365845716,0.1,0.19567935958722796,0.09995003330835331
2019-11,2,2020-01,2019-12-09T22:59:00+00:00,CORE_LEVELPHASE_FIXED080_R29B,0.7952095702848591,1.4625228519195457,3.6414565826330487,2.7303460546901874,0.8668811855461259,1.6349138001529306,0.3030900669992477,0.8,0.4983110346363224,0.8967669982260407
2019-11,3,2020-02,2019-12-09T22:59:00+00:00,CORE_LEVELPHASE_FIXED080_R29B,0.2593912631908211,0.2702702702702675,3.7278657968313063,2.8048404365227166,1.1259366102316464,1.904819497069429,0.3120736723392909,0.7,0.8098987678204046,1.5943283718685648
2019-11,4,2020-03,2019-12-09T22:59:00+00:00,CORE_LEVELPHASE_FIXED080_R29B,0.014865893085998894,-0.0898472596585708,3.4418604651162905,2.6288300415488983,1.1408013984532563,1.814931850567724,0.042925738761767404,-0.3,0.8528152961226084,1.2938774698386926
2019-11,5,2020-04,2019-12-09T22:59:00+00:00,CORE_LEVELPHASE_FIXED080_R29B,0.19426614152159288,-0.1798561151079125,3.159851301115256,2.7326378652335728,1.3348790873331204,1.6349138001529386,0.4411300362084523,0.2,1.2929752057536517,1.4936777361059983
2019-11,6,2020-05,2019-12-09T22:59:00+00:00,CORE_LEVELPHASE_FIXED080_R29B,0.2719668281499219,0.3603603603603567,2.862419205909517,2.3462154576321135,1.6064767548830794,1.9946264182378861,0.14008943004711646,0.7,1.4329666021045973,2.1912391097485227
2019-11,7,2020-06,2019-12-09T22:59:00+00:00,CORE_LEVELPHASE_FIXED080_R29B,0.1343578359339521,0.6283662477558183,3.317972350230406,2.2948155245764394,1.74074441144298,2.6210266767309274,0.22786746682692485,0.5,1.6605748447363833,2.68999326085243
2019-11,8,2020-07,2019-12-09T22:59:00+00:00,CORE_LEVELPHASE_FIXED080_R29B,0.29052430451187516,0.4460303300624524,3.397612488521572,2.2151766814830496,2.030847509704444,3.066065239478514,0.5413479440605815,1.2,2.2004627676403965,3.8828503473798106
2019-11,9,2020-08,2019-12-09T22:59:00+00:00,CORE_LEVELPHASE_FIXED080_R29B,0.0182461986804112,0.0,3.302752293577968,2.1400345638067417,2.0490920439684825,3.066065239478514,0.16057903056623865,0.0,2.3609130079363583,3.8828503473798106
2019-11,10,2020-09,2019-12-09T22:59:00+00:00,CORE_LEVELPHASE_FIXED080_R29B,-0.18218646748983602,-0.6216696269982114,3.2287822878228734,2.518269995209246,1.8667394150875822,2.4424552007074807,-0.4176160460539686,-0.8,1.942422510657875,3.0796331776533847
2019-11,11,2020-10,2019-12-09T22:59:00+00:00,CORE_LEVELPHASE_FIXED080_R29B,0.31781338577015716,0.1787310098301908,2.9384756657483617,2.371891707661687,2.1840488416012027,2.6210266767309336,0.41840366652551597,0.5,2.3599533029540636,3.5783873287572923
2019-11,12,2020-11,2019-12-09T22:59:00+00:00,CORE_LEVELPHASE_FIXED080_R29B,0.04455001408945485,0.0,2.655677655677633,2.2536074862094546,2.2285889351181822,2.6210266767309336,0.02969552609274837,0.0,2.3896444207981427,3.5783873287572923
2019-11,1,2019-12,2019-12-09T22:59:00+00:00,CORE_LEVELPHASE_PANEL_R29B,0.06832314060418154,0.1831501831501825,3.207547169811327,2.9708177636260267,0.0682998109722248,0.18298266770761573,0.1840261128677476,0.1,0.1838569922689167,0.09995003330835331
2019-11,2,2020-01,2019-12-09T22:59:00+00:00,CORE_LEVELPHASE_PANEL_R29B,0.7886809934598061,1.4625228519195457,3.6414565826330487,2.7169979216303988,0.8538869722161073,1.6349138001529306,0.2912325681922532,0.8,0.4746662999996999,0.8967669982260407
2019-11,3,2020-02,2019-12-09T22:59:00+00:00,CORE_LEVELPHASE_PANEL_R29B,0.252383490053145,0.2702702702702675,3.7278657968313063,2.784297866858423,1.1059525099993215,1.904819497069429,0.2993458353471896,0.7,0.7735649878239378,1.5943283718685648
2019-11,4,2020-03,2019-12-09T22:59:00+00:00,CORE_LEVELPHASE_PANEL_R29B,0.007399599266166599,-0.0898472596585708,3.4418604651162905,2.6006627423244533,1.1133518355086462,1.814931850567724,0.02936511560702421,-0.3,0.8029257927247642,1.2938774698386926
2019-11,5,2020-04,2019-12-09T22:59:00+00:00,CORE_LEVELPHASE_PANEL_R29B,0.18629091032197975,-0.1798561151079125,3.159851301115256,2.696267039743755,1.2994694395168422,1.6349138001529386,0.42664505778681105,0.2,1.2286633009128969,1.4936777361059983
2019-11,6,2020-05,2019-12-09T22:59:00+00:00,CORE_LEVELPHASE_PANEL_R29B,0.26511027409649274,0.3603603603603567,2.862419205909517,2.302985526115362,1.564228916189405,1.9946264182378861,0.12763624404850157,0.7,1.3562181591519238,2.1912391097485227
2019-11,7,2020-06,2019-12-09T22:59:00+00:00,CORE_LEVELPHASE_PANEL_R29B,0.1285910270444415,0.6283662477558183,3.317972350230406,2.245718561041719,1.6927373357822615,2.6210266767309274,0.21739352566640507,0.5,1.5733757270027833,2.68999326085243
2019-11,8,2020-07,2019-12-09T22:59:00+00:00,CORE_LEVELPHASE_PANEL_R29B,0.2858386631930514,0.4460303300624524,3.397612488521572,2.161344670726689,1.978168257072972,3.066065239478514,0.5328376687223562,1.2,2.1047988384568614,3.8828503473798106
2019-11,9,2020-08,2019-12-09T22:59:00+00:00,CORE_LEVELPHASE_PANEL_R29B,0.015157505087091844,0.0,3.302752293577968,2.0830895709332524,1.9933246135263296,3.066065239478514,0.1549692044771263,0.0,2.2596480895734947,3.8828503473798106
2019-11,10,2020-09,2019-12-09T22:59:00+00:00,CORE_LEVELPHASE_PANEL_R29B,-0.18368719998206232,-0.6216696269982114,3.2287822878228734,2.459573655193071,1.8094685017291317,2.4424552007074807,-0.4203417448108408,-0.8,1.8384204253862888,3.0796331776533847
2019-11,11,2020-10,2019-12-09T22:59:00+00:00,CORE_LEVELPHASE_PANEL_R29B,0.3178834122987576,0.1787310098301908,2.9384756657483617,2.313350595283712,2.1268477328983724,2.6210266767309336,0.41853085189862077,0.5,2.2560778730443607,3.5783873287572923
2019-11,12,2020-11,2019-12-09T22:59:00+00:00,CORE_LEVELPHASE_PANEL_R29B,0.04461976955338271,0.0,2.655677655677633,2.1952052693159123,2.1714575507927414,2.6210266767309336,0.029822219145839497,0.0,2.285895646250323,3.5783873287572923
2019-12,1,2020-01,2020-01-12T22:59:00+00:00,CORE_LEVELPHASE_FIXED040_R29B,0.7630419325925494,1.4625228519195457,3.6414565826330487,2.754336394725337,0.7601454923428826,1.4519311324453148,0.2830546502329783,0.8,0.2826548049007163,0.7968169649176874
2019-12,2,2020-02,2020-01-12T22:59:00+00:00,CORE_LEVELPHASE_FIXED040_R29B,0.24463350058922753,0.2702702702702675,3.7278657968313063,2.8137121971292545,1.004480252297977,1.7218368293618131,0.292495048717454,0.7,0.5747229191560534,1.4943783385602116
2019-12,3,2020-03,2020-01-12T22:59:00+00:00,CORE_LEVELPHASE_FIXED040_R29B,-0.0020278141179343734,-0.0898472596585708,3.4418604651162905,2.620349879969955,1.0024524176196141,1.6319491828601083,0.023380862097755334,-0.3,0.5981010483562217,1.1939274365303394
2019-12,4,2020-04,2020-01-12T22:59:00+00:00,CORE_LEVELPHASE_FIXED040_R29B,0.17941606294703735,-0.1798561151079125,3.159851301115256,2.708924086310507,1.1817077222039296,1.4519311324453228,0.4214302868728934,0.2,1.0186458048526683,1.3937277027976451
2019-12,5,2020-05,2020-01-12T22:59:00+00:00,CORE_LEVELPHASE_FIXED040_R29B,0.2546701972366115,0.3603603603603567,2.862419205909517,2.304940518842219,1.4360541844150017,1.81164375053027,0.120264983882306,0.7,1.1388385283334042,2.0912890764401695
2019-12,6,2020-06,2020-01-12T22:59:00+00:00,CORE_LEVELPHASE_FIXED040_R29B,0.1122705827991199,0.6283662477558183,3.317972350230406,2.2310066158101427,1.5482617909268006,2.4380440090233115,0.20806185140404576,0.5,1.3466842308310865,2.590043227544077
2019-12,7,2020-07,2020-01-12T22:59:00+00:00,CORE_LEVELPHASE_FIXED040_R29B,0.2775578669342219,0.4460303300624524,3.397612488521572,2.138210419259341,1.8254351772866135,2.883082571770898,0.5214868668102687,1.2,1.8668160637211555,3.7829003140714574
2019-12,8,2020-08,2020-01-12T22:59:00+00:00,CORE_LEVELPHASE_FIXED040_R29B,0.004778845947627279,0.0,3.302752293577968,2.049382188780689,1.8302139090510354,2.883082571770898,0.1407625456928412,0.0,2.0074796318140193,3.7829003140714574
2019-12,9,2020-09,2020-01-12T22:59:00+00:00,CORE_LEVELPHASE_FIXED040_R29B,-0.19549677939101326,-0.6216696269982114,3.2287822878228734,2.413623650555699,1.634525785284196,2.2594725329998644,-0.43731125477171695,-0.8,1.5692093744691522,2.9796831443450316
2019-12,10,2020-10,2020-01-12T22:59:00+00:00,CORE_LEVELPHASE_FIXED040_R29B,0.3038612811107979,0.1787310098301908,2.9384756657483617,2.2531715292588506,1.9379263410788192,2.4380440090233177,0.39853479308455736,0.5,1.9669521213363064,3.478437295448939
2019-12,11,2020-11,2020-01-12T22:59:00+00:00,CORE_LEVELPHASE_FIXED040_R29B,0.06566258845683641,0.0,2.655677655677633,2.0392138458035642,2.0035673810903702,2.4380440090233177,-0.002531776035470584,0.0,1.9644203132508453,3.478437295448939
2019-12,12,2020-12,2020-01-12T22:59:00+00:00,CORE_LEVELPHASE_FIXED040_R29B,0.10574856046008865,-0.1784121320249632,2.285191956124307,2.131662186380316,2.1092600671477104,2.2594725329998644,0.1783285185948256,0.0,2.142590015325017,3.478437295448939
2019-12,1,2020-01,2020-01-12T22:59:00+00:00,CORE_LEVELPHASE_FIXED060_R29B,0.7665513813516251,1.4625228519195457,3.6414565826330487,2.757915197741143,0.7636283046700663,1.4519311324453148,0.2894378501560305,0.8,0.2890197853081815,0.7968169649176874
2019-12,2,2020-02,2020-01-12T22:59:00+00:00,CORE_LEVELPHASE_FIXED060_R29B,0.2481432797191208,0.2702702702702675,3.7278657968313063,2.820892921575361,1.0114642173216466,1.7218368293618131,0.2988788495391435,0.7,0.5874528799709838,1.4943783385602116
2019-12,3,2020-03,2020-01-12T22:59:00+00:00,CORE_LEVELPHASE_FIXED060_R29B,0.0015465284090595815,-0.0898472596585708,3.4418604651162905,2.631185432962953,1.0130107337720788,1.6319491828601083,0.02988209477262096,-0.3,0.6173305109348957,1.1939274365303394
2019-12,4,2020-04,2020-01-12T22:59:00+00:00,CORE_LEVELPHASE_FIXED060_R29B,0.18307890547496442,-0.1798561151079125,3.159851301115256,2.723524716751232,1.1959222540857029,1.4519311324453228,0.4280924887591446,0.2,1.044509290551364,1.3937277027976451
2019-12,5,2020-05,2020-01-12T22:59:00+00:00,CORE_LEVELPHASE_FIXED060_R29B,0.25839610787014516,0.3603603603603567,2.862419205909517,2.3232863691406282,1.4539850931919274,1.81164375053027,0.12704189789416215,0.7,1.1714705585084002,2.0912890764401695
2019-12,6,2020-06,2020-01-12T22:59:00+00:00,CORE_LEVELPHASE_FIXED060_R29B,0.11602672335402948,0.6283662477558183,3.317972350230406,2.253175529735451,1.5699445575638638,2.4380440090233115,0.21489374944474726,0.5,1.3861337415914439,2.590043227544077
2019-12,7,2020-07,2020-01-12T22:59:00+00:00,CORE_LEVELPHASE_FIXED060_R29B,0.2813528026929748,0.4460303300624524,3.397612488521572,2.164225399311341,1.8509023040865187,2.883082571770898,0.5283893279391324,1.2,1.913131991175935,3.7829003140714574
2019-12,8,2020-08,2020-01-12T22:59:00+00:00,CORE_LEVELPHASE_FIXED060_R29B,0.008586352954155298,0.0,3.302752293577968,2.0792608852692043,1.8594882884344885,2.883082571770898,0.1476878721755937,0.0,2.060710912072282,3.7829003140714574
2019-12,9,2020-09,2020-01-12T22:59:00+00:00,CORE_LEVELPHASE_FIXED060_R29B,-0.19169477093196122,-0.6216696269982114,3.2287822878228734,2.4475115361082067,1.6676095479322208,2.2594725329998644,-0.4303959293832203,-0.8,1.6293861132399343,2.9796831443450316
2019-12,10,2020-10,2020-01-12T22:59:00+00:00,CORE_LEVELPHASE_FIXED060_R29B,0.307711827168449,0.1787310098301908,2.9384756657483617,2.2909329990698852,1.974848911227791,2.4380440090233177,0.40553840162431576,0.5,2.034104424328644,3.478437295448939
2019-12,11,2020-11,2020-01-12T22:59:00+00:00,CORE_LEVELPHASE_FIXED060_R29B,0.0695143052578191,0.0,2.655677655677633,2.080825435347241,2.0443390664835888,2.4380440090233177,0.004473961923822611,0.0,2.038578286173775,3.478437295448939
2019-12,12,2020-12,2020-01-12T22:59:00+00:00,CORE_LEVELPHASE_FIXED060_R29B,0.10960724366379962,-0.1784121320249632,2.285191956124307,2.177249855984444,2.1538862852651457,2.2594725329998644,0.18534692747323225,0.0,2.2237536581785387,3.478437295448939
2019-12,1,2020-01,2020-01-12T22:59:00+00:00,CORE_LEVELPHASE_FIXED080_R29B,0.7700610534935358,1.4625228519195457,3.6414565826330487,2.7614942285543096,0.7671112173774535,1.4519311324453148,0.2958214563814376,0.8,0.29538476571564676,0.7968169649176874
2019-12,2,2020-02,2020-01-12T22:59:00+00:00,CORE_LEVELPHASE_FIXED080_R29B,0.25165328225287775,0.2702702702702675,3.7278657968313063,2.828074353859572,1.0184483829921815,1.7218368293618131,0.3052630567014361,0.7,0.6001828407859142,1.4943783385602116
2019-12,3,2020-03,2020-01-12T22:59:00+00:00,CORE_LEVELPHASE_FIXED080_R29B,0.005121103258058927,-0.0898472596585708,3.4418604651162905,2.6420224433334676,1.0235693551262242,1.6319491828601083,0.036383750008951006,-0.3,0.6365599735135697,1.1939274365303394
2019-12,4,2020-04,2020-01-12T22:59:00+00:00,CORE_LEVELPHASE_FIXED080_R29B,0.18674199100477204,-0.1798561151079125,3.159851301115256,2.7381278481650515,1.2101372000438493,1.4519311324453228,0.43475513263206994,0.2,1.07037277625006,1.3937277027976451
2019-12,5,2020-05,2020-01-12T22:59:00+00:00,CORE_LEVELPHASE_FIXED080_R29B,0.26212227070213223,0.3603603603603567,2.862419205909517,2.3416360491699795,1.4719165294749008,1.81164375053027,0.13381927061998125,0.7,1.2041025886833967,2.0912890764401695
2019-12,6,2020-06,2020-01-12T22:59:00+00:00,CORE_LEVELPHASE_FIXED080_R29B,0.11978311999182124,0.6283662477558183,3.317972350230406,2.275349908158913,1.5916279667243869,2.4380440090233115,0.2217261132646483,0.5,1.4255832523518017,2.590043227544077
2019-12,7,2020-07,2020-01-12T22:59:00+00:00,CORE_LEVELPHASE_FIXED080_R29B,0.2851479990367765,0.4460303300624524,3.397612488521572,2.1902477812616366,1.8763701900455942,2.883082571770898,0.5352922630360115,1.2,1.959447918630715,3.7829003140714574
2019-12,8,2020-08,2020-01-12T22:59:00+00:00,CORE_LEVELPHASE_FIXED080_R29B,0.012394123272330242,0.0,3.302752293577968,2.109149225840689,1.8887635453099239,2.883082571770898,0.15461367758566494,0.0,2.113942192330545,3.7829003140714574
2019-12,9,2020-09,2020-01-12T22:59:00+00:00,CORE_LEVELPHASE_FIXED080_R29B,-0.1878924983968185,-0.6216696269982114,3.2287822878228734,2.4814116565984157,1.7006943075369514,2.2594725329998644,-0.4234801236769879,-0.8,1.6895628520107167,2.9796831443450316
2019-12,10,2020-10,2020-01-12T22:59:00+00:00,CORE_LEVELPHASE_FIXED080_R29B,0.31156264183278165,0.1787310098301908,2.9384756657483617,2.3287095573510213,2.011772598747098,2.4380440090233177,0.41254249872232546,0.5,2.1012567273209823,3.478437295448939
2019-12,11,2020-11,2020-01-12T22:59:00+00:00,CORE_LEVELPHASE_FIXED080_R29B,0.07336629190681973,0.0,2.655677655677633,2.1224552592601564,2.085111990746149,2.4380440090233177,0.011480190699185712,0.0,2.1127362590967054,3.478437295448939
2019-12,12,2020-12,2020-01-12T22:59:00+00:00,CORE_LEVELPHASE_FIXED080_R29B,0.11346619720358886,-0.1784121320249632,2.285191956124307,2.2228592647502627,2.1985138637131105,2.2594725329998644,0.19236582805542277,0.0,2.304917301032061,3.478437295448939
2019-12,1,2020-01,2020-01-12T22:59:00+00:00,CORE_LEVELPHASE_PANEL_R29B,0.7650331328791403,1.4625228519195457,3.6414565826330487,2.7563669454129056,0.7621215944676202,1.4519311324453148,0.2866763670291786,0.8,0.28626623398149037,0.7968169649176874
2019-12,2,2020-02,2020-01-12T22:59:00+00:00,CORE_LEVELPHASE_PANEL_R29B,0.24662488832248367,0.2702702702702675,3.7278657968313063,2.8177863847171,1.008442862711728,1.7218368293618131,0.29611710645310685,0.7,0.5819457773176016,1.4943783385602116
2019-12,3,2020-03,2020-01-12T22:59:00+00:00,CORE_LEVELPHASE_PANEL_R29B,-0.0003197392153303138,-0.0898472596585708,3.4418604651162905,2.6261693426575454,1.0081231229852308,1.6319491828601083,0.02648761313911859,-0.3,0.6084298831077994,1.1939274365303394
2019-12,4,2020-04,2020-01-12T22:59:00+00:00,CORE_LEVELPHASE_PANEL_R29B,0.18085186110333626,-0.1798561151079125,3.159851301115256,2.7162207071419755,1.1888116440162997,1.4519311324453228,0.4240418043247736,0.2,1.031575163703531,1.3937277027976451
2019-12,5,2020-05,2020-01-12T22:59:00+00:00,CORE_LEVELPHASE_PANEL_R29B,0.25582345362808345,0.3603603603603567,2.862419205909517,2.3133853647838953,1.4443084264629729,1.81164375053027,0.12236259710155187,0.7,1.1538629587928078,2.0912890764401695
2019-12,6,2020-06,2020-01-12T22:59:00+00:00,CORE_LEVELPHASE_PANEL_R29B,0.11433311460086887,0.6283662477558183,3.317972350230406,2.2415517150726485,1.5585762305346713,2.4380440090233115,0.21181331032025572,0.5,1.3654522609845035,2.590043227544077
2019-12,7,2020-07,2020-01-12T22:59:00+00:00,CORE_LEVELPHASE_PANEL_R29B,0.28053796974411044,0.4460303300624524,3.397612488521572,2.151781658411886,1.8387214269305494,2.883082571770898,0.5269072599639153,1.2,1.8909762216540584,3.7829003140714574
2019-12,8,2020-08,2020-01-12T22:59:00+00:00,CORE_LEVELPHASE_PANEL_R29B,0.008655345685759668,0.0,3.302752293577968,2.0668979058090016,1.847376398062877,2.883082571770898,0.14781336037311454,0.0,2.038680445611881,3.7829003140714574
2019-12,9,2020-09,2020-01-12T22:59:00+00:00,CORE_LEVELPHASE_PANEL_R29B,-0.1903525675967793,-0.6216696269982114,3.2287822878228734,2.4364814852647667,1.6568424297289503,2.2594725329998644,-0.42795464791310417,-0.8,1.6098074507866964,2.9796831443450316
2019-12,10,2020-10,2020-01-12T22:59:00+00:00,CORE_LEVELPHASE_PANEL_R29B,0.3103496302257962,0.1787310098301908,2.9384756657483617,2.2826094727450146,1.9667114695734182,2.4380440090233177,0.41033619906448116,0.5,2.0193040668282576,3.478437295448939
2019-12,11,2020-11,2020-01-12T22:59:00+00:00,CORE_LEVELPHASE_PANEL_R29B,0.07342080260950645,0.0,2.655677655677633,2.076503696029119,2.040105332297159,2.4380440090233177,0.011579338097276513,0.0,2.0308827345719282,3.478437295448939
2019-12,12,2020-12,2020-01-12T22:59:00+00:00,CORE_LEVELPHASE_PANEL_R29B,0.11352080649698913,-0.1784121320249632,2.285191956124307,2.1769182580212525,2.1535617526497832,2.2594725329998644,0.1924651547763299,0.0,2.2231629124752312,3.478437295448939
2020-01,1,2020-02,2020-02-13T22:59:00+00:00,CORE_LEVELPHASE_FIXED040_R29B,0.21057289838737872,0.2702702702702675,3.7278657968313063,3.082254641178421,0.2103515044023798,0.26990569691649835,0.27656139776054856,0.7,0.27617967037199376,0.6975613736425241
2020-01,2,2020-03,2020-02-13T22:59:00+00:00,CORE_LEVELPHASE_FIXED040_R29B,-0.011535994110511379,-0.0898472596585708,3.4418604651162905,2.8786042633245446,0.19881484484489004,0.18001805041479335,0.009310595705135014,-0.3,0.2854898326680686,0.39711047161265195
2020-01,3,2020-04,2020-02-13T22:59:00+00:00,CORE_LEVELPHASE_FIXED040_R29B,0.16904807869961402,-0.1798561151079125,3.159851301115256,2.956744851084133,0.36772019810704476,7.914675859144182e-15,0.4078330749412885,0.2,0.6924935227633655,0.5969107378799576
2020-01,4,2020-05,2020-02-13T22:59:00+00:00,CORE_LEVELPHASE_FIXED040_R29B,0.24489043253451948,0.3603603603603567,2.862419205909517,2.5417826870801368,0.6123112626712296,0.3597126180849554,0.10700906540486411,0.7,0.7994453742802291,1.2944721115224818
2020-01,5,2020-06,2020-02-13T22:59:00+00:00,CORE_LEVELPHASE_FIXED040_R29B,0.10215855841561114,0.6283662477558183,3.317972350230406,2.4573276859473028,0.7144176747431664,0.986112876577997,0.19465611389147483,0.5,0.993912278657131,1.793226262626389
2020-01,6,2020-07,2020-02-13T22:59:00+00:00,CORE_LEVELPHASE_FIXED040_R29B,0.26075246668656066,0.4460303300624524,3.397612488521572,2.3471709359785544,0.9748307720000713,1.431151439325583,0.508400715654527,1.2,1.5010250014719806,2.9860833491537693
2020-01,7,2020-08,2020-02-13T22:59:00+00:00,CORE_LEVELPHASE_FIXED040_R29B,-0.001986425041121623,0.0,3.302752293577968,2.251243264232303,0.9728443272292662,1.431151439325583,0.12796988422516756,0.0,1.6289130740295645,2.9860833491537693
2020-01,8,2020-09,2020-02-13T22:59:00+00:00,CORE_LEVELPHASE_FIXED040_R29B,-0.20248903297935406,-0.6216696269982114,3.2287822878228734,2.609015981997724,0.77015000803934,0.8075414005545498,-0.4499362288032425,-0.8,1.1779615856847865,2.1828661794273434
2020-01,9,2020-10,2020-02-13T22:59:00+00:00,CORE_LEVELPHASE_FIXED040_R29B,0.29651834787652925,0.1787310098301908,2.9384756657483617,2.4407578203861604,1.0662296073620672,0.9861128765780028,0.385965838154693,0.5,1.5631844867403693,2.681620330531251
2020-01,10,2020-11,2020-02-13T22:59:00+00:00,CORE_LEVELPHASE_FIXED040_R29B,0.058264431599325844,0.0,2.655677655677633,2.2188497183330265,1.1244770718316597,0.9861128765780028,-0.014948580931851472,0.0,1.5482347883967988,2.681620330531251
2020-01,11,2020-12,2020-02-13T22:59:00+00:00,CORE_LEVELPHASE_FIXED040_R29B,0.11837895355097836,-0.1784121320249632,2.285191956124307,2.152762351621472,1.2427860127474548,0.8075414005545496,0.16345115050498268,0.0,1.7115525028907834,2.681620330531251
2020-01,12,2021-01,2020-02-13T22:59:00+00:00,CORE_LEVELPHASE_FIXED040_R29B,0.8003431118682393,1.3404825737265424,2.162162162162171,2.0608924176342955,2.039943365843995,2.139118998131765,0.2726759286289948,0.7,1.9838573451319512,3.3791817041737753
2020-01,1,2020-02,2020-02-13T22:59:00+00:00,CORE_LEVELPHASE_FIXED060_R29B,0.2101055148130831,0.2702702702702675,3.7278657968313063,3.081773864038573,0.20988510185549997,0.26990569691649835,0.275710922049298,0.7,0.2753315366645886,0.6975613736425241
2020-01,2,2020-03,2020-02-13T22:59:00+00:00,CORE_LEVELPHASE_FIXED060_R29B,-0.01200213204341932,-0.0898472596585708,3.4418604651162905,2.8776448267226704,0.1978822494985768,0.18001805041479335,0.008462386628407828,-0.3,0.28379356525325816,0.39711047161265195
2020-01,3,2020-04,2020-02-13T22:59:00+00:00,CORE_LEVELPHASE_FIXED060_R29B,0.1687658892423784,-0.1798561151079125,3.159851301115256,2.955494645687328,0.36650588913748017,7.914675859144182e-15,0.40731958817677916,0.2,0.690285852939224,0.5969107378799576
2020-01,4,2020-05,2020-02-13T22:59:00+00:00,CORE_LEVELPHASE_FIXED060_R29B,0.2447943384352451,0.3603603603603567,2.862419205909517,2.5404392258838904,0.6110010943068196,0.3597126180849554,0.10683420753239707,0.7,0.797063033344831,1.2944721115224818
2020-01,5,2020-06,2020-02-13T22:59:00+00:00,CORE_LEVELPHASE_FIXED060_R29B,0.10224779291191531,0.6283662477558183,3.317972350230406,2.456076664024709,0.7131966497676864,0.986112876577997,0.19481848966992776,0.5,0.9916919979085508,1.793226262626389
2020-01,6,2020-07,2020-02-13T22:59:00+00:00,CORE_LEVELPHASE_FIXED060_R29B,0.2609096413165198,0.4460303300624524,3.397612488521572,2.3460817025519085,0.9737665127608282,1.431151439325583,0.5086867188702081,1.2,1.499089276846794,2.9860833491537693
2020-01,7,2020-08,2020-02-13T22:59:00+00:00,CORE_LEVELPHASE_FIXED060_R29B,-0.0017624406358141206,0.0,3.302752293577968,2.250384080670541,0.9720040565938466,1.431151439325583,0.12837745801870537,0.0,1.6273844014643477,2.9860833491537693
2020-01,8,2020-09,2020-02-13T22:59:00+00:00,CORE_LEVELPHASE_FIXED060_R29B,-0.2021993256036152,-0.6216696269982114,3.2287822878228734,2.6084516587262185,0.7696000321742302,0.8075414005545498,-0.4494090620391829,-0.8,1.1769624611161154,2.1828661794273434
2020-01,9,2020-10,2020-02-13T22:59:00+00:00,CORE_LEVELPHASE_FIXED060_R29B,0.2968520624696623,0.1787310098301908,2.9384756657483617,2.440535269694915,1.0660123589370025,0.9861128765780028,0.38657308276395685,0.5,1.5627902702059635,2.681620330531251
2020-01,10,2020-11,2020-02-13T22:59:00+00:00,CORE_LEVELPHASE_FIXED060_R29B,0.05863822202227218,0.0,2.655677655677633,2.2190095106846237,1.1246333954717131,0.9861128765780028,-0.014268412236806893,0.0,1.5485208399343784,2.681620330531251
2020-01,11,2020-12,2020-02-13T22:59:00+00:00,CORE_LEVELPHASE_FIXED060_R29B,0.11879489342557766,-0.1784121320249632,2.285191956124307,2.1533464330074295,1.2433577835960448,0.8075414005545496,0.16420801655706938,0.0,1.7125941825380682,2.681620330531251
2020-01,12,2021-01,2020-02-13T22:59:00+00:00,CORE_LEVELPHASE_FIXED060_R29B,0.8007595053108815,1.3404825737265424,2.162162162162171,2.061897576755918,2.0409282231660586,2.139118998131765,0.27343362001732596,0.7,1.985654652888941,3.3791817041737753
2020-01,1,2020-02,2020-02-13T22:59:00+00:00,CORE_LEVELPHASE_FIXED080_R29B,0.20963813520280825,0.2702702702702675,3.7278657968313063,3.08129309097634,0.2094187010890247,0.26990569691649835,0.27486045355118793,0.7,0.2744834029571833,0.6975613736425241
2020-01,2,2020-03,2020-02-13T22:59:00+00:00,CORE_LEVELPHASE_FIXED080_R29B,-0.012468266022871096,-0.0898472596585708,3.4418604651162905,2.87668540273184,0.1969496577132499,0.18001805041479335,0.007614184745597222,-0.3,0.2820972978384476,0.39711047161265195
2020-01,3,2020-04,2020-02-13T22:59:00+00:00,CORE_LEVELPHASE_FIXED080_R29B,0.16848370122826287,-0.1798561151079125,3.159851301115256,2.954244459804155,0.36529158437596687,7.914675859144182e-15,0.40680610403824696,0.2,0.6880781831150826,0.5969107378799576
2020-01,4,2020-05,2020-02-13T22:59:00+00:00,CORE_LEVELPHASE_FIXED080_R29B,0.2446982445038192,0.3603603603603567,2.862419205909517,2.539095786681496,0.6096909302260095,0.3597126180849554,0.10665934996535599,0.7,0.7946806924094332,1.2944721115224818
2020-01,5,2020-06,2020-02-13T22:59:00+00:00,CORE_LEVELPHASE_FIXED080_R29B,0.10233702755283323,0.6283662477558183,3.317972350230406,2.4548256618326625,0.7119756291408065,0.986112876577997,0.1949808657115275,0.5,0.9894717171599711,1.793226262626389
2020-01,6,2020-07,2020-02-13T22:59:00+00:00,CORE_LEVELPHASE_FIXED080_R29B,0.2610668163937297,0.4460303300624524,3.397612488521572,2.3449924853730724,0.972702258070517,1.431151439325583,0.5089727228997302,1.2,1.497153552221608,2.9860833491537693
2020-01,7,2020-08,2020-02-13T22:59:00+00:00,CORE_LEVELPHASE_FIXED080_R29B,-0.0015384553187716388,0.0,3.302752293577968,2.2495249093987417,0.9711637909174002,1.431151439325583,0.12878503347128406,0.0,1.6258557288991313,2.9860833491537693
2020-01,8,2020-09,2020-02-13T22:59:00+00:00,CORE_LEVELPHASE_FIXED080_R29B,-0.20190961669373267,-0.6216696269982114,3.2287822878228734,2.607887344359295,0.7690500619626327,0.8075414005545498,-0.4488818924835149,-0.8,1.1759633365474447,2.1828661794273434
2020-01,9,2020-10,2020-02-13T22:59:00+00:00,CORE_LEVELPHASE_FIXED080_R29B,0.2971857790814677,0.1787310098301908,2.9384756657483617,2.4403127262063515,1.0657951170710693,0.9861128765780028,0.3871803310465031,0.5,1.5623960536715584,2.681620330531251
2020-01,10,2020-11,2020-02-13T22:59:00+00:00,CORE_LEVELPHASE_FIXED080_R29B,0.05901201498800406,0.0,2.655677655677633,2.21916931116186,1.1247897268166285,0.9861128765780028,-0.01358823891477611,0.0,1.5488068914719586,2.681620330531251
2020-01,11,2020-12,2020-02-13T22:59:00+00:00,CORE_LEVELPHASE_FIXED080_R29B,0.11921083644314741,-0.1784121320249632,2.285191956124307,2.1539305270475353,1.2439295635627683,0.8075414005545496,0.16496488832827028,0.0,1.7136358621853534,2.681620330531251
2020-01,12,2021-01,2020-02-13T22:59:00+00:00,CORE_LEVELPHASE_FIXED080_R29B,0.8011759018999215,1.3404825737265424,2.162162162162171,2.0629027565273863,2.0419130910212484,2.139118998131765,0.2741913171310079,0.7,1.9874519606459313,3.3791817041737753
2020-01,1,2020-02,2020-02-13T22:59:00+00:00,CORE_LEVELPHASE_PANEL_R29B,0.2103372911661341,0.2702702702702675,3.7278657968313063,3.0820122822848113,0.21011639198719126,0.26990569691649835,0.27613267448039097,0.7,0.27575212859087583,0.6975613736425241
2020-01,2,2020-03,2020-02-13T22:59:00+00:00,CORE_LEVELPHASE_PANEL_R29B,-0.011770973406167354,-0.0898472596585708,3.4418604651162905,2.878120612495725,0.19834472574757991,0.18001805041479335,0.008883015031373967,-0.3,0.2846347491058327,0.39711047161265195
2020-01,3,2020-04,2020-02-13T22:59:00+00:00,CORE_LEVELPHASE_PANEL_R29B,0.16889842247809778,-0.1798561151079125,3.159851301115256,2.9561070124830375,0.36710067524062356,7.914675859144182e-15,0.4075607526166777,0.2,0.6913672226181571,0.5969107378799576
2020-01,4,2020-05,2020-02-13T22:59:00+00:00,CORE_LEVELPHASE_PANEL_R29B,0.24482722581785135,0.3603603603603567,2.862419205909517,2.5410827646968843,0.611628687477331,0.3597126180849554,0.10689405114191071,0.7,0.7982041827501937,1.2944721115224818
2020-01,5,2020-06,2020-02-13T22:59:00+00:00,CORE_LEVELPHASE_PANEL_R29B,0.10218137292239449,0.6283662477558183,3.317972350230406,2.4566516911502267,0.7137578907702686,0.986112876577997,0.19469762836684473,0.5,0.9927125209404142,1.793226262626389
2020-01,6,2020-07,2020-02-13T22:59:00+00:00,CORE_LEVELPHASE_PANEL_R29B,0.26085388935536413,0.4460303300624524,3.397612488521572,2.34659920055923,0.9742721468704986,1.431151439325583,0.5085852696721079,1.2,1.5000088640763787,2.9860833491537693
2020-01,7,2020-08,2020-02-13T22:59:00+00:00,CORE_LEVELPHASE_PANEL_R29B,-0.001807146697266249,0.0,3.302752293577968,2.2508553816404744,0.9724649838441396,1.431151439325583,0.1282961085201313,0.0,1.6282227434628744,2.9860833491537693
2020-01,8,2020-09,2020-02-13T22:59:00+00:00,CORE_LEVELPHASE_PANEL_R29B,-0.20223300126816413,-0.6216696269982114,3.2287822878228734,2.6088899858837538,0.7700272155243539,0.8075414005545498,-0.449470340047941,-0.8,1.1777392484548048,2.1828661794273434
2020-01,9,2020-10,2020-02-13T22:59:00+00:00,CORE_LEVELPHASE_PANEL_R29B,0.2969709929297048,0.1787310098301908,2.9384756657483617,2.441094352465495,1.066558120674268,0.9861128765780028,0.3867894948784529,0.5,1.5637826360573777,2.681620330531251
2020-01,10,2020-11,2020-02-13T22:59:00+00:00,CORE_LEVELPHASE_PANEL_R29B,0.058908956453249006,0.0,2.655677655677633,2.219843965830775,1.1254497326130792,0.9861128765780028,-0.01377576964000183,0.0,1.5500059174710792,2.681620330531251
2020-01,11,2020-12,2020-02-13T22:59:00+00:00,CORE_LEVELPHASE_PANEL_R29B,0.11921866222385719,-0.1784121320249632,2.285191956124307,2.1546127360117873,1.2445973858215527,0.8075414005545496,0.1649791285300687,0.0,1.7148491049326176,2.681620330531251
2020-01,12,2021-01,2020-02-13T22:59:00+00:00,CORE_LEVELPHASE_PANEL_R29B,0.8011837362143744,1.3404825737265424,2.162162162162171,2.0635922900153223,2.0425886853264186,2.139118998131765,0.27420557286125374,0.7,1.9886794201413391,3.3791817041737753
2020-02,1,2020-03,2020-03-09T22:59:00+00:00,CORE_LEVELPHASE_FIXED040_R29B,-0.037568074355240545,-0.0898472596585708,3.4418604651162905,3.5283516638002284,-0.03757513292419533,-0.08988764650170497,0.07661331024061493,-0.3,0.07658397722512479,-0.3004509020298722
2020-02,2,2020-04,2020-03-09T22:59:00+00:00,CORE_LEVELPHASE_FIXED040_R29B,0.18686252962144417,-0.1798561151079125,3.159851301115256,3.625411628846828,0.14911302586107786,-0.2699056969164904,0.46958623839700486,0.2,0.5450710989695755,-0.10065063576256655
2020-02,3,2020-05,2020-03-09T22:59:00+00:00,CORE_LEVELPHASE_FIXED040_R29B,0.2604292891779797,0.3603603603603567,2.862419205909517,3.223752562967048,0.4092037855915913,0.08980692116845705,0.16663449271949024,0.7,0.7115669104573834,0.5969107378799576
2020-02,4,2020-06,2020-03-09T22:59:00+00:00,CORE_LEVELPHASE_FIXED040_R29B,0.12464042300977499,0.6283662477558183,3.317972350230406,3.161899727969739,0.5337665969097926,0.7162071796614986,0.253480204228362,0.5,0.9647263954748793,1.095664888983865
2020-02,5,2020-07,2020-03-09T22:59:00+00:00,CORE_LEVELPHASE_FIXED040_R29B,0.28068250975646597,0.4460303300624524,3.397612488521572,3.0714701505086603,0.8140559288589047,1.161245742409085,0.5667818568359653,1.2,1.529908087393764,2.2885219755112454
2020-02,6,2020-08,2020-03-09T22:59:00+00:00,CORE_LEVELPHASE_FIXED040_R29B,0.013621593769030264,0.0,3.302752293577968,2.9909362649620643,0.8276765949730909,1.161245742409085,0.18461531822392552,0.0,1.7143532009894227,2.2885219755112454
2020-02,7,2020-09,2020-03-09T22:59:00+00:00,CORE_LEVELPHASE_FIXED040_R29B,-0.17695933038672937,-0.6216696269982114,3.2287822878228734,3.3777359513187535,0.6505605066040928,0.5376357036380515,-0.3945687957304868,-0.8,1.3190039288988624,1.4853048057848195
2020-02,8,2020-10,2020-03-09T22:59:00+00:00,CORE_LEVELPHASE_FIXED040_R29B,0.3230605645030409,0.1787310098301908,2.9384756657483617,3.2355300047203253,0.9731003516568397,0.7162071796615045,0.44114475869361114,0.5,1.759178496353921,1.9840589568887268
2020-02,9,2020-11,2020-03-09T22:59:00+00:00,CORE_LEVELPHASE_FIXED040_R29B,0.08501203097549886,0.0,2.655677655677633,3.039437425945157,1.058076267871764,0.7162071796615045,0.039367047581191104,0.0,1.7985377971459906,1.9840589568887268
2020-02,10,2020-12,2020-03-09T22:59:00+00:00,CORE_LEVELPHASE_FIXED040_R29B,0.14717132421697313,-0.1784121320249632,2.285191956124307,3.002432786173619,1.20513940123298,0.5376357036380512,0.21750548398634575,0.0,2.0158070803922166,1.9840589568887268
2020-02,11,2021-01,2020-03-09T22:59:00+00:00,CORE_LEVELPHASE_FIXED040_R29B,0.9259334043147663,1.3404825737265424,2.162162162162171,2.457699450581859,2.1268123215048744,1.8692133012152667,0.42672067484589976,0.7,2.441619884365225,2.681620330531251
2020-02,12,2021-02,2020-03-09T22:59:00+00:00,CORE_LEVELPHASE_FIXED040_R29B,0.2844427348164134,0.1763668430335041,2.066486972147356,2.4401472567229985,2.4108512834614992,2.045424800555189,0.3344893237199778,0.3,2.775551036882517,2.9811712285110987
2020-02,1,2020-03,2020-03-09T22:59:00+00:00,CORE_LEVELPHASE_FIXED060_R29B,-0.01797090796375926,-0.0898472596585708,3.4418604651162905,3.548647912047774,-0.01797252292490949,-0.08988764650170497,0.11224444365374371,-0.3,0.11218149667667425,-0.3004509020298722
2020-02,2,2020-04,2020-03-09T22:59:00+00:00,CORE_LEVELPHASE_FIXED060_R29B,0.2065366486155935,-0.1798561151079125,3.159851301115256,3.6660802561031476,0.18835113197754094,-0.2699056969164904,0.5053572853260665,0.2,0.6162661378726745,-0.10065063576256655
2020-02,3,2020-05,2020-03-09T22:59:00+00:00,CORE_LEVELPHASE_FIXED060_R29B,0.2795865148119971,0.3603603603603567,2.862419205909517,3.283994738079712,0.46754753066543425,0.08980692116845705,0.20146573560202258,0.7,0.8175292034230777,0.5969107378799576
2020-02,4,2020-06,2020-03-09T22:59:00+00:00,CORE_LEVELPHASE_FIXED060_R29B,0.14335629642699974,0.6283662477558183,3.317972350230406,3.24140067474686,0.6108011700523166,0.7162071796614986,0.28750899029624205,0.5,1.1046256771142144,1.095664888983865
2020-02,5,2020-07,2020-03-09T22:59:00+00:00,CORE_LEVELPHASE_FIXED060_R29B,0.2989974829283279,0.4460303300624524,3.397612488521572,3.169740590039632,0.909352544520821,1.161245742409085,0.6000817349667219,1.2,1.7029140923177861,2.2885219755112454
2020-02,6,2020-08,2020-03-09T22:59:00+00:00,CORE_LEVELPHASE_FIXED060_R29B,0.03170048738516565,0.0,3.302752293577968,3.1077647576125704,0.9410480083631148,1.161245742409085,0.21748596174095447,0.0,1.9201638956865212,2.2885219755112454
2020-02,7,2020-09,2020-03-09T22:59:00+00:00,CORE_LEVELPHASE_FIXED060_R29B,-0.15915047127752618,-0.6216696269982114,3.2287822878228734,3.513467165907787,0.7817707581923903,0.5376357036380515,-0.36218912296659855,-0.8,1.5573172798574273,1.4853048057848195
2020-02,8,2020-10,2020-03-09T22:59:00+00:00,CORE_LEVELPHASE_FIXED060_R29B,0.34085193862050284,0.1787310098301908,2.9384756657483617,3.3894064194821474,1.1220431132337525,0.7162071796615045,0.4734926406332029,0.5,2.0296924700623418,1.9840589568887268
2020-02,9,2020-11,2020-03-09T22:59:00+00:00,CORE_LEVELPHASE_FIXED060_R29B,0.10262996719484782,0.0,2.655677655677633,3.2111865956443713,1.2246204518831298,0.7162071796615045,0.07139958858000064,0.0,2.101066581262537,1.9840589568887268
2020-02,10,2020-12,2020-03-09T22:59:00+00:00,CORE_LEVELPHASE_FIXED060_R29B,0.1647181804064325,-0.1784121320249632,2.285191956124307,3.1921974854892334,1.3892031206825408,0.5376357036380512,0.2494087888508381,0.0,2.3501648625751588,1.9840589568887268
2020-02,11,2021-01,2020-03-09T22:59:00+00:00,CORE_LEVELPHASE_FIXED060_R29B,0.9434142258334745,1.3404825737265424,2.162162162162171,2.6642393946217795,2.328194986864371,1.8692133012152667,0.4585039169361917,0.7,2.8076208522728323,2.681620330531251
2020-02,12,2021-02,2020-03-09T22:59:00+00:00,CORE_LEVELPHASE_FIXED060_R29B,0.3019075020442254,0.1763668430335041,2.066486972147356,2.664527969465019,2.6296476634145582,2.045424800555189,0.36624337625452746,0.3,3.1731951905147895,2.9811712285110987
2020-02,1,2020-03,2020-03-09T22:59:00+00:00,CORE_LEVELPHASE_FIXED080_R29B,0.0016332357746477698,-0.0898472596585708,3.4418604651162905,3.5689513865423446,0.0016332224374975097,-0.08988764650170497,0.14788826312434705,-0.3,0.1477790161282238,-0.3004509020298722
2020-02,2,2020-04,2020-03-09T22:59:00+00:00,CORE_LEVELPHASE_FIXED080_R29B,0.2262177723547625,-0.1798561151079125,3.159851301115256,3.706771346014575,0.2275955076219896,-0.2699056969164904,0.5411410681272095,0.2,0.6874611767757735,-0.10065063576256655
2020-02,3,2020-05,2020-03-09T22:59:00+00:00,CORE_LEVELPHASE_FIXED080_R29B,0.2987504020452825,0.3603603603603567,2.862419205909517,3.3442816424545265,0.5259005374673361,0.08980692116845705,0.23630909045663914,0.7,0.9234914963887719,0.5969107378799576
2020-02,4,2020-06,2020-03-09T22:59:00+00:00,CORE_LEVELPHASE_FIXED080_R29B,0.16207852252595972,0.6283662477558183,3.317972350230406,3.3209754018598217,0.6878478545074517,0.7162071796614986,0.3215493266691977,0.5,1.2445249587535498,1.095664888983865
2020-02,5,2020-07,2020-03-09T22:59:00+00:00,CORE_LEVELPHASE_FIXED080_R29B,0.31731852059149923,0.4460303300624524,3.397612488521572,3.268120029224323,1.0046639823909103,1.161245742409085,0.6333926394211119,1.2,1.8759200972418082,2.2885219755112454
2020-02,6,2020-08,2020-03-09T22:59:00+00:00,CORE_LEVELPHASE_FIXED080_R29B,0.049785312699150576,0.0,3.302752293577968,3.2247438238776587,1.054436906314948,1.161245742409085,0.2503673901394924,0.0,2.1259745903836196,2.2885219755112454
2020-02,7,2020-09,2020-03-09T22:59:00+00:00,CORE_LEVELPHASE_FIXED080_R29B,-0.14133582287527657,-0.6216696269982114,3.2287822878228734,3.6493974245699037,0.91300111015572,0.5376357036380515,-0.3297989242384569,-0.8,1.7956306308159917,1.4853048057848195
2020-02,8,2020-10,2020-03-09T22:59:00+00:00,CORE_LEVELPHASE_FIXED080_R29B,0.35864904259370145,0.1787310098301908,2.9384756657483617,3.543535661853609,1.2710085407033362,0.7162071796615045,0.5058509404694495,0.5,2.300206443770762,1.9840589568887268
2020-02,9,2020-11,2020-03-09T22:59:00+00:00,CORE_LEVELPHASE_FIXED080_R29B,0.1202535446660451,0.0,2.655677655677633,3.3832480974030665,1.3911898387080048,0.7162071796615045,0.10344238637783963,0.0,2.403595365379083,1.9840589568887268
2020-02,10,2020-12,2020-03-09T22:59:00+00:00,CORE_LEVELPHASE_FIXED080_R29B,0.18227062247332634,-0.1784121320249632,2.285191956124307,3.382340441380014,1.5732945498567237,0.5376357036380512,0.28132224983382853,0.0,2.6845226447581,1.9840589568887268
2020-02,11,2021-01,2020-03-09T22:59:00+00:00,CORE_LEVELPHASE_FIXED080_R29B,0.9609005797162641,1.3404825737265424,2.162162162162171,2.871226750726133,2.529607842718663,1.8692133012152667,0.49029721784818964,0.7,3.173621820180439,2.681620330531251
2020-02,12,2021-02,2020-03-09T22:59:00+00:00,CORE_LEVELPHASE_FIXED080_R29B,0.3193777965552258,0.1763668430335041,2.066486972147356,2.8894337688110205,2.848476711702427,2.045424800555189,0.39800747837281614,0.3,3.5708393441470614,2.9811712285110987
2020-02,1,2020-03,2020-03-09T22:59:00+00:00,CORE_LEVELPHASE_PANEL_R29B,-0.02709247211195468,-0.0898472596585708,3.4418604651162905,3.5392009580004706,-0.027096142785179415,-0.08988764650170497,0.09565981796816281,-0.3,0.0956140931221739,-0.3004509020298722
2020-02,2,2020-04,2020-03-09T22:59:00+00:00,CORE_LEVELPHASE_PANEL_R29B,0.1973792666309015,-0.1798561151079125,3.159851301115256,3.647149920112811,0.17008858691289694,-0.2699056969164904,0.4887075364443415,0.2,0.5831313307636736,-0.10065063576256655
2020-02,3,2020-05,2020-03-09T22:59:00+00:00,CORE_LEVELPHASE_PANEL_R29B,0.2692442291989493,0.3603603603603567,2.862419205909517,3.254483975662085,0.4389710031319346,0.08980692116845705,0.18266162121559912,0.7,0.7656263285138404,0.5969107378799576
2020-02,4,2020-06,2020-03-09T22:59:00+00:00,CORE_LEVELPHASE_PANEL_R29B,0.13179152310643072,0.6283662477558183,3.317972350230406,3.1999829468102745,0.5706757574381339,0.7162071796614986,0.2664821758657176,0.5,1.0317540701590047,1.095664888983865
2020-02,5,2020-07,2020-03-09T22:59:00+00:00,CORE_LEVELPHASE_PANEL_R29B,0.2861793024111926,0.4460303300624524,3.397612488521572,3.1151718391497454,0.8564463464667438,1.161245742409085,0.5767760033626799,1.2,1.6068730890708673,2.2885219755112454
2020-02,6,2020-08,2020-03-09T22:59:00+00:00,CORE_LEVELPHASE_PANEL_R29B,0.023288472594197702,0.0,3.302752293577968,3.044562681456728,0.8797321077171082,1.161245742409085,0.20219142296414022,0.0,1.8088603802890153,2.2885219755112454
2020-02,7,2020-09,2020-03-09T22:59:00+00:00,CORE_LEVELPHASE_PANEL_R29B,-0.16318127457657566,-0.6216696269982114,3.2287822878228734,3.4458398923002544,0.7164175474807768,0.5376357036380515,-0.36951784015159644,-0.8,1.4386581364504558,1.4853048057848195
2020-02,8,2020-10,2020-03-09T22:59:00+00:00,CORE_LEVELPHASE_PANEL_R29B,0.341156566587654,0.1787310098301908,2.9384756657483617,3.322173875172417,1.0569934952252624,0.7162071796615045,0.47404650844868723,0.5,1.9115845827870264,1.9840589568887268
2020-02,9,2020-11,2020-03-09T22:59:00+00:00,CORE_LEVELPHASE_PANEL_R29B,0.10888867897150101,0.0,2.655677655677633,3.150518816528776,1.1658229334751156,0.7162071796615045,0.08277903956048466,0.0,1.994329379396579,1.9840589568887268
2020-02,10,2020-12,2020-03-09T22:59:00+00:00,CORE_LEVELPHASE_PANEL_R29B,0.17695456717613095,-0.1784121320249632,2.285191956124307,3.1441396898897853,1.3426211205110457,0.5376357036380512,0.27165671596316254,0.0,2.2656177753962594,1.9840589568887268
2020-02,11,2021-01,2020-03-09T22:59:00+00:00,CORE_LEVELPHASE_PANEL_R29B,0.961655768134203,1.3404825737265424,2.162162162162171,2.6349713486745663,2.2996824114486842,1.8692133012152667,0.4916702846852059,0.7,2.756083309058693,2.681620330531251
2020-02,12,2021-02,2020-03-09T22:59:00+00:00,CORE_LEVELPHASE_PANEL_R29B,0.32013229141225125,0.1763668430335041,2.066486972147356,2.653908599173597,2.619303370443731,2.045424800555189,0.3993792841927576,0.3,3.1546671912654105,2.9811712285110987
2020-03,1,2020-04,2020-04-13T21:59:00+00:00,CORE_LEVELPHASE_FIXED040_R29B,-0.12383423252309944,-0.1798561151079125,3.159851301115256,3.039836222830494,-0.12391097046726043,-0.18001805041478544,0.5029179038374609,0.2,0.5016574958593917,0.19980026626730563
2020-03,2,2020-05,2020-04-13T21:59:00+00:00,CORE_LEVELPHASE_FIXED040_R29B,0.25630374678168355,0.3603603603603567,2.862419205909517,2.6362234106298335,0.13206487841824305,0.179694567670162,0.19432796265288516,0.7,0.6957968859868431,0.8973616399098298
2020-03,3,2020-06,2020-04-13T21:59:00+00:00,CORE_LEVELPHASE_FIXED040_R29B,0.12658392980683522,0.6283662477558183,3.317972350230406,2.5767136947515987,0.2585687583150783,0.8060948261632036,0.27973940686948245,0.5,0.9751457503422218,1.3961157910137372
2020-03,4,2020-07,2020-04-13T21:59:00+00:00,CORE_LEVELPHASE_FIXED040_R29B,0.28492020343076263,0.4460303300624524,3.397612488521572,2.4911279995870954,0.5430838334799774,1.2511333889107898,0.5921489432474049,1.2,1.5655483821865785,2.588972877541117
2020-03,5,2020-08,2020-04-13T21:59:00+00:00,CORE_LEVELPHASE_FIXED040_R29B,0.02261949724423991,0.0,3.302752293577968,2.4202611508757212,0.5657007729016431,1.2511333889107898,0.2108929847461669,0.0,1.7762192998388096,2.588972877541117
2020-03,6,2020-09,2020-04-13T21:59:00+00:00,CORE_LEVELPHASE_FIXED040_R29B,-0.1765001315278074,-0.6216696269982114,3.2287822878228734,2.8053904872733333,0.389044696369249,0.6275233501397564,-0.36932877118431545,-0.8,1.4062068260222194,1.7857557078146913
2020-03,7,2020-10,2020-04-13T21:59:00+00:00,CORE_LEVELPHASE_FIXED040_R29B,0.33674544941823104,0.1787310098301908,2.9384756657483617,2.677976060846199,0.7252244279625595,0.8060948261632095,0.46595327086171945,0.5,1.871077895031993,2.284509858918599
2020-03,8,2020-11,2020-04-13T21:59:00+00:00,CORE_LEVELPHASE_FIXED040_R29B,0.09909588243243571,0.0,2.655677655677633,2.4973638234762383,0.8242712428386965,0.8060948261632096,0.0639835971641491,0.0,1.9350410314198405,2.284509858918599
2020-03,9,2020-12,2020-04-13T21:59:00+00:00,CORE_LEVELPHASE_FIXED040_R29B,0.16137572078335943,-0.1784121320249632,2.285191956124307,2.4750863747516503,0.9855168929219816,0.6275233501397564,0.24174627414263178,0.0,2.1764955693368697,2.284509858918599
2020-03,10,2021-01,2020-04-13T21:59:00+00:00,CORE_LEVELPHASE_FIXED040_R29B,0.940211537572871,1.3404825737265424,2.162162162162171,1.9475625605616411,1.921335952741967,1.959100947716972,0.45071951535360166,0.7,2.62620238609614,2.9820712325611227
2020-03,11,2021-02,2020-04-13T21:59:00+00:00,CORE_LEVELPHASE_FIXED040_R29B,0.29107715150668634,0.1763668430335041,2.066486972147356,1.9687174933330644,2.211990294976756,2.135312447056894,0.4038889924934246,0.3,3.0292779365312965,3.2816221305409705
2020-03,12,2021-03,2020-04-13T21:59:00+00:00,CORE_LEVELPHASE_FIXED040_R29B,0.04466657052779793,0.1760563380281743,2.33812949640288,2.2823017856201004,2.256646892961425,2.311213987574857,0.08851337526360566,-0.2,3.11775216180718,3.081421863473663
2020-03,1,2020-04,2020-04-13T21:59:00+00:00,CORE_LEVELPHASE_FIXED060_R29B,-0.09573620865264625,-0.1798561151079125,3.159851301115256,3.068824277743786,-0.0957820650306568,-0.18001805041478544,0.5540051078328606,0.2,0.5524761439612416,0.19980026626730563
2020-03,2,2020-05,2020-04-13T21:59:00+00:00,CORE_LEVELPHASE_FIXED060_R29B,0.284315496863132,0.3603603603603567,2.862419205909517,2.6937826882157334,0.18813001978477906,0.179694567670162,0.24525830555802938,0.7,0.7974341821905423,0.8973616399098298
2020-03,3,2020-06,2020-04-13T21:59:00+00:00,CORE_LEVELPHASE_FIXED060_R29B,0.15398213725491455,0.6283662477558183,3.317972350230406,2.6623239903281153,0.34199372610612655,0.8060948261632036,0.32955422016246194,0.5,1.1264465625438203,1.3961157910137372
2020-03,4,2020-07,2020-04-13T21:59:00+00:00,CORE_LEVELPHASE_FIXED060_R29B,0.31176436682297204,0.4460303300624524,3.397612488521572,2.60412448129504,0.6532731155566404,1.2511333889107898,0.6409564059225914,1.2,1.765357578282126,2.588972877541117
2020-03,5,2020-08,2020-04-13T21:59:00+00:00,CORE_LEVELPHASE_FIXED060_R29B,0.048724948994297204,0.0,3.302752293577968,2.55994019844155,0.7019861978022202,1.2511333889107898,0.25835733829274,0.0,2.0233817477243563,2.588972877541117
2020-03,6,2020-09,2020-04-13T21:59:00+00:00,CORE_LEVELPHASE_FIXED060_R29B,-0.15077620336991726,-0.6216696269982114,3.2287822878228734,2.9721232414490277,0.5510962127299205,0.6275233501397564,-0.3225580953736559,-0.8,1.700302312341444,1.7857557078146913
2020-03,7,2020-10,2020-04-13T21:59:00+00:00,CORE_LEVELPHASE_FIXED060_R29B,0.36245273816921636,0.1787310098301908,2.9384756657483617,2.870851972002271,0.9128936738644802,0.8060948261632095,0.5126936932716833,0.5,2.211686206428574,2.284509858918599
2020-03,8,2020-11,2020-04-13T21:59:00+00:00,CORE_LEVELPHASE_FIXED060_R29B,0.12446894210284562,0.0,2.655677655677633,2.715930238037905,1.0372852175975489,0.8060948261632096,0.11011633167053389,0.0,2.321741954537457,2.284509858918599
2020-03,9,2020-12,2020-04-13T21:59:00+00:00,CORE_LEVELPHASE_FIXED060_R29B,0.1866512614735827,-0.1784121320249632,2.285191956124307,2.7195198288639757,1.2237625020573044,0.6275233501397564,0.2877017018014892,0.0,2.609030587074727,2.284509858918599
2020-03,10,2021-01,2020-04-13T21:59:00+00:00,CORE_LEVELPHASE_FIXED060_R29B,0.9653968791344942,1.3404825737265424,2.162162162162171,2.2162350712647196,2.184529201410183,1.959100947716972,0.49651094495678644,0.7,3.1043129813534427,2.9820712325611227
2020-03,11,2021-02,2020-04-13T21:59:00+00:00,CORE_LEVELPHASE_FIXED060_R29B,0.316107927683037,0.1763668430335041,2.066486972147356,2.2629623090849695,2.5001385583882074,2.135312447056894,0.4493993947402211,0.3,3.55270559220725,3.2816221305409705
2020-03,12,2021-03,2020-04-13T21:59:00+00:00,CORE_LEVELPHASE_FIXED060_R29B,0.0696187232905979,0.1760563380281743,2.33812949640288,2.6030353471178778,2.569733059087296,2.311213987574857,0.13388082616316876,-0.2,3.686496877901784,3.081421863473663
2020-03,1,2020-04,2020-04-13T21:59:00+00:00,CORE_LEVELPHASE_FIXED080_R29B,-0.06762390211749768,-0.1798561151079125,3.159851301115256,3.097827067738463,-0.06764677739153564,-0.18001805041478544,0.6051182802525258,0.2,0.603294792063091,0.19980026626730563
2020-03,2,2020-05,2020-04-13T21:59:00+00:00,CORE_LEVELPHASE_FIXED080_R29B,0.3123414857549605,0.3603603603603567,2.862419205909517,2.7513873715412864,0.24420793567678328,0.179694567670162,0.2962145371524954,0.7,0.8990714783942412,0.8973616399098298
2020-03,3,2020-06,2020-04-13T21:59:00+00:00,CORE_LEVELPHASE_FIXED080_R29B,0.1813939549955282,0.6283662477558183,3.317972350230406,2.7480251314199164,0.4254375705189751,0.8060948261632036,0.379393779387552,0.5,1.2777473747454184,1.3961157910137372
2020-03,4,2020-07,2020-04-13T21:59:00+00:00,CORE_LEVELPHASE_FIXED080_R29B,0.33862155504382446,0.4460303300624524,3.397612488521572,2.7172709088227416,0.7634870937600132,1.2511333889107898,0.6897875500524224,1.2,1.9651667743776735,2.588972877541117
2020-03,5,2020-08,2020-04-13T21:59:00+00:00,CORE_LEVELPHASE_FIXED080_R29B,0.07484276545196714,0.0,3.302752293577968,2.6998407977612957,0.8383018659806794,1.2511333889107898,0.30584417307653683,0.0,2.2705441956099026,2.588972877541117
2020-03,6,2020-09,2020-04-13T21:59:00+00:00,CORE_LEVELPHASE_FIXED080_R29B,-0.12504019935737698,-0.6216696269982114,3.2287822878228734,3.1391632252546002,0.7131834261378523,0.6275233501397564,-0.2757654635118244,-0.8,1.9943977986606682,1.7857557078146913
2020-03,7,2020-10,2020-04-13T21:59:00+00:00,CORE_LEVELPHASE_FIXED080_R29B,0.38817198688769455,0.1787310098301908,2.9384756657483617,3.064132499371402,1.1006039695362082,0.8060948261632095,0.5594558610293594,0.5,2.552294517825155,2.284509858918599
2020-03,8,2020-11,2020-04-13T21:59:00+00:00,CORE_LEVELPHASE_FIXED080_R29B,0.14985369957483521,0.0,2.655677655677633,2.935010393112317,1.2503455004998887,0.8060948261632096,0.15627033486038036,0.0,2.708442877655073,2.284509858918599
2020-03,9,2020-12,2020-04-13T21:59:00+00:00,CORE_LEVELPHASE_FIXED080_R29B,0.21193838963434503,-0.1784121320249632,2.285191956124307,2.9645893625121507,1.4620596175531249,0.6275233501397564,0.3336781975423565,0.0,3.041565604812583,2.284509858918599
2020-03,10,2021-01,2020-04-13T21:59:00+00:00,CORE_LEVELPHASE_FIXED080_R29B,0.9905937016770474,1.3404825737265424,2.162162162162171,2.4856737018614083,2.4477791025112507,1.959100947716972,0.5423232490249351,0.7,3.582423576610745,2.9820712325611227
2020-03,11,2021-02,2020-04-13T21:59:00+00:00,CORE_LEVELPHASE_FIXED080_R29B,0.34115004964194434,0.1763668430335041,2.066486972147356,2.5581195217556365,2.7883485554672127,2.135312447056894,0.4949304256372969,0.3,4.076133247883203,3.2816221305409705
2020-03,12,2021-03,2020-04-13T21:59:00+00:00,CORE_LEVELPHASE_FIXED080_R29B,0.09458218619806015,0.1760563380281743,2.33812949640288,2.924843424548455,2.882886040899297,2.311213987574857,0.17926884091698167,-0.2,4.255241593996389,3.081421863473663
2020-03,1,2020-04,2020-04-13T21:59:00+00:00,CORE_LEVELPHASE_PANEL_R29B,-0.10881369619043071,-0.1798561151079125,3.159851301115256,3.0553325486235816,-0.10887294127456715,-0.18001805041478544,0.5302279099533815,0.2,0.52882715106562,0.19980026626730563
2020-03,2,2020-05,2020-04-13T21:59:00+00:00,CORE_LEVELPHASE_PANEL_R29B,0.271278163195447,0.3603603603603567,2.862419205909517,2.666991226349041,0.16203792682272755,0.179694567670162,0.22155411455485,0.7,0.7501361963992992,0.8973616399098298
2020-03,3,2020-06,2020-04-13T21:59:00+00:00,CORE_LEVELPHASE_PANEL_R29B,0.13918845735313112,0.6283662477558183,3.317972350230406,2.620380506306586,0.3011296068340745,0.8060948261632036,0.3026566793791832,0.5,1.0523357924804735,1.3961157910137372
2020-03,4,2020-07,2020-04-13T21:59:00+00:00,CORE_LEVELPHASE_PANEL_R29B,0.2951740252986077,0.4460303300624524,3.397612488521572,2.545242238230316,0.5958688489744707,1.2511333889107898,0.6107922148137709,1.2,1.6612702325701931,2.588972877541117
2020-03,5,2020-08,2020-04-13T21:59:00+00:00,CORE_LEVELPHASE_PANEL_R29B,0.03045364346226717,0.0,3.302752293577968,2.4823641465599873,0.6263178562559707,1.2511333889107898,0.2251368556965012,0.0,1.886154034987355,2.588972877541117
2020-03,6,2020-09,2020-04-13T21:59:00+00:00,CORE_LEVELPHASE_PANEL_R29B,-0.16274422509215766,-0.6216696269982114,3.2287822878228734,2.8819024157925814,0.46344105889447645,0.6275233501397564,-0.34431808710703926,-0.8,1.5412418089441808,1.7857557078146913
2020-03,7,2020-10,2020-04-13T21:59:00+00:00,CORE_LEVELPHASE_PANEL_R29B,0.3566344845721866,0.1787310098301908,2.9384756657483617,2.77476143055946,0.8194411106454407,0.8060948261632095,0.5021150735872937,0.5,2.042100488735856,2.284509858918599
2020-03,8,2020-11,2020-04-13T21:59:00+00:00,CORE_LEVELPHASE_PANEL_R29B,0.12489971770124064,0.0,2.655677655677633,2.6204259196042115,0.9442628935360945,0.8060948261632096,0.11089955831212661,0.0,2.15293859891409,2.284509858918599
2020-03,9,2020-12,2020-04-13T21:59:00+00:00,CORE_LEVELPHASE_PANEL_R29B,0.1956311904033604,-0.1784121320249632,2.285191956124307,2.6332105673008077,1.1397029753309345,0.6275233501397564,0.3040288094733621,0.0,2.4565061754201007,2.284509858918599
2020-03,10,2021-01,2020-04-13T21:59:00+00:00,CORE_LEVELPHASE_PANEL_R29B,0.9829630205613272,1.3404825737265424,2.162162162162171,2.1481175125653165,2.1178663413166694,1.959100947716972,0.528449313812268,0.7,2.983564095566947,2.9820712325611227
2020-03,11,2021-02,2020-04-13T21:59:00+00:00,CORE_LEVELPHASE_PANEL_R29B,0.3422306604871392,0.1763668430335041,2.066486972147356,2.2214255666506406,2.4595127253482207,2.135312447056894,0.496895168316093,0.3,3.479228814188274,3.2816221305409705
2020-03,12,2021-03,2020-04-13T21:59:00+00:00,CORE_LEVELPHASE_PANEL_R29B,0.09565940276923135,0.1760563380281743,2.33812949640288,2.588049569782327,2.555126403668261,2.311213987574857,0.1812274122020078,-0.2,3.660292207650328,3.081421863473663
2020-04,1,2020-05,2020-05-12T21:59:00+00:00,CORE_LEVELPHASE_FIXED040_R29B,0.06461451014701002,0.3603603603603567,2.862419205909517,2.4177951223618654,0.06459364396030806,0.3597126180849475,0.11397104347157316,0.7,0.11390614578285813,0.6975613736425241
2020-04,2,2020-06,2020-05-12T21:59:00+00:00,CORE_LEVELPHASE_FIXED040_R29B,0.08733029065771827,0.6283662477558183,3.317972350230406,2.318283448489613,0.15188582390621078,0.986112876577989,0.20379930434924493,0.5,0.31749806107367373,1.1963155247464314
2020-04,3,2020-07,2020-05-12T21:59:00+00:00,CORE_LEVELPHASE_FIXED040_R29B,0.2431585806797012,0.4460303300624524,3.397612488521572,2.1903405516200043,0.3947492524707583,1.431151439325575,0.5177893720185208,1.2,0.833951513438962,2.3891726112738114
2020-04,4,2020-08,2020-05-12T21:59:00+00:00,CORE_LEVELPHASE_FIXED040_R29B,-0.01801330266990995,0.0,3.302752293577968,2.078196978207045,0.3767343272106254,1.431151439325575,0.13735308015981362,0.0,0.9712103505429183,2.3891726112738114
2020-04,5,2020-09,2020-05-12T21:59:00+00:00,CORE_LEVELPHASE_FIXED040_R29B,-0.21952323307483282,-0.6216696269982114,3.2287822878228734,2.417879765433784,0.1569697886741145,0.8075414005545418,-0.4407251793017576,-0.8,0.5295111148279732,1.5859554415473855
2020-04,6,2020-10,2020-05-12T21:59:00+00:00,CORE_LEVELPHASE_FIXED040_R29B,0.2848777230971811,0.1787310098301908,2.9384756657483617,2.238067686372526,0.4414425041876396,0.9861128765779948,0.39556393099481285,0.5,0.9242947487442594,2.084709592651293
2020-04,7,2020-11,2020-05-12T21:59:00+00:00,CORE_LEVELPHASE_FIXED040_R29B,0.059367597459195384,0.0,2.655677655677633,2.0177234104871715,0.5007924860603168,0.9861128765779948,-0.0051754213464278945,0.0,0.91911919346828,2.084709592651293
2020-04,8,2020-12,2020-05-12T21:59:00+00:00,CORE_LEVELPHASE_FIXED040_R29B,0.1214089062756731,-0.1784121320249632,2.285191956124307,1.9548515154062216,0.6221277513218479,0.8075414005545418,0.17337934022456922,0.0,1.092348405217557,2.084709592651293
2020-04,9,2021-01,2020-05-12T21:59:00+00:00,CORE_LEVELPHASE_FIXED040_R29B,0.9002991681377561,1.3404825737265424,2.162162162162171,1.3898997422074089,1.518398387670466,2.1391189981317575,0.382860734541987,0.7,1.4744780933815167,2.782270966293817
2020-04,10,2021-02,2020-05-12T21:59:00+00:00,CORE_LEVELPHASE_FIXED040_R29B,0.251129980139901,0.1763668430335041,2.066486972147356,1.3705457293766483,1.7692135634110755,2.3153304974716797,0.3363780060234737,0.3,1.8102916141056977,3.081821864273665
2020-04,11,2021-03,2020-05-12T21:59:00+00:00,CORE_LEVELPHASE_FIXED040_R29B,0.01674495334933018,0.1760563380281743,2.33812949640288,1.4786960074689566,1.7859571149495785,2.491232037989642,-0.03204115077308413,-0.2,1.7782453290591498,2.8816215972063572
2020-04,12,2021-04,2020-05-12T21:59:00+00:00,CORE_LEVELPHASE_FIXED040_R29B,0.18383877892997585,0.5272407732864748,3.0630630630630717,1.9891522522224279,1.9696271172160087,3.017087763336347,0.42019357041074124,0.3,2.1975585515354905,3.181172495186205
2020-04,1,2020-05,2020-05-12T21:59:00+00:00,CORE_LEVELPHASE_FIXED060_R29B,0.06901251946860619,0.3603603603603567,2.862419205909517,2.42229655795776,0.068988716779983,0.3597126180849475,0.12196740650485823,0.7,0.12189308668810782,0.6975613736425241
2020-04,2,2020-06,2020-05-12T21:59:00+00:00,CORE_LEVELPHASE_FIXED060_R29B,0.09173224613712408,0.6283662477558183,3.317972350230406,2.3272807835206066,0.16067891460480974,0.986112876577989,0.21180284219916293,0.5,0.3334719428841731,1.1963155247464314
2020-04,3,2020-07,2020-05-12T21:59:00+00:00,CORE_LEVELPHASE_FIXED060_R29B,0.24777340619875246,0.4460303300624524,3.397612488521572,2.2040315163071726,0.40814586859979246,1.431151439325575,0.5261799454546429,1.2,0.8582723986134309,2.3891726112738114
2020-04,4,2020-08,2020-05-12T21:59:00+00:00,CORE_LEVELPHASE_FIXED060_R29B,-0.01321761948041578,0.0,3.302752293577968,2.096769803321893,0.3949273755150724,1.431151439325575,0.14607248500225267,0.0,1.0042383015400764,2.3891726112738114
2020-04,5,2020-09,2020-05-12T21:59:00+00:00,CORE_LEVELPHASE_FIXED060_R29B,-0.21455805514080342,-0.6216696269982114,3.2287822878228734,2.4416117398898742,0.18013881480794702,0.8075414005545418,-0.4316976028729414,-0.8,0.5716061941065403,1.5859554415473855
2020-04,6,2020-10,2020-05-12T21:59:00+00:00,CORE_LEVELPHASE_FIXED060_R29B,0.289956940652674,0.1787310098301908,2.9384756657483617,2.266937337666496,0.46967619116498577,0.9861128765779948,0.40479885173482055,0.5,0.9755879396383031,2.084709592651293
2020-04,7,2020-11,2020-05-12T21:59:00+00:00,CORE_LEVELPHASE_FIXED060_R29B,0.06449858472566994,0.0,2.655677655677633,2.0517637295484787,0.534153984493122,0.9861128765779948,0.004153625934218296,0.0,0.9797414793118681,2.084709592651293
2020-04,8,2020-12,2020-05-12T21:59:00+00:00,CORE_LEVELPHASE_FIXED060_R29B,0.1266212283144687,-0.1784121320249632,2.285191956124307,1.9941803980977688,0.6606951157364255,0.8075414005545418,0.18285626858484727,0.0,1.162430769344757,2.084709592651293
2020-04,9,2021-01,2020-05-12T21:59:00+00:00,CORE_LEVELPHASE_FIXED060_R29B,0.9055668839680087,1.3404825737265424,2.162162162162171,1.4343060142136559,1.5621863295979779,2.1391189981317575,0.39243837866566833,0.7,1.5541011173142298,2.782270966293817
2020-04,10,2021-02,2020-05-12T21:59:00+00:00,CORE_LEVELPHASE_FIXED060_R29B,0.25643973000858844,0.1763668430335041,2.066486972147356,1.4203149154616161,1.8182978139793076,2.3153304974716797,0.3460320755038341,0.3,1.8995358793658252,3.081821864273665
2020-04,11,2021-03,2020-05-12T21:59:00+00:00,CORE_LEVELPHASE_FIXED060_R29B,0.02207951667896855,0.1760563380281743,2.33812949640288,1.5339334876714668,1.8403748934917288,2.491232037989642,-0.022341966008201295,-0.2,1.877191417168593,2.8816215972063572
2020-04,12,2021-04,2020-05-12T21:59:00+00:00,CORE_LEVELPHASE_FIXED060_R29B,0.18919747473953868,0.5272407732864748,3.0630630630630717,2.0501258159523896,2.0293936152376166,3.017087763336347,0.4299366323155432,0.3,2.3062064624942495,3.181172495186205
2020-04,1,2020-05,2020-05-12T21:59:00+00:00,CORE_LEVELPHASE_FIXED080_R29B,0.073410880070636,0.3603603603603567,2.862419205909517,2.4267983530950143,0.07338394746424182,0.3597126180849475,0.1299644082284389,0.7,0.1298800275933575,0.6975613736425241
2020-04,2,2020-06,2020-05-12T21:59:00+00:00,CORE_LEVELPHASE_FIXED080_R29B,0.09613455321215336,0.6283662477558183,3.317972350230406,2.3362792328113944,0.16947232100883025,0.986112876577989,0.21980701931244775,0.5,0.34944582469467256,1.1963155247464314
2020-04,3,2020-07,2020-05-12T21:59:00+00:00,CORE_LEVELPHASE_FIXED080_R29B,0.25238861693352177,0.4460303300624524,3.397612488521572,2.2177248141031343,0.42154297276546565,1.431151439325575,0.5345712192814422,1.2,0.8825932837878997,2.3891726112738114
2020-04,4,2020-08,2020-05-12T21:59:00+00:00,CORE_LEVELPHASE_FIXED080_R29B,-0.008421518709450314,0.0,3.302752293577968,2.115346697605293,0.41312109942621816,1.431151439325575,0.15479264908206397,0.0,1.0372662525372347,2.3891726112738114
2020-04,5,2020-09,2020-05-12T21:59:00+00:00,CORE_LEVELPHASE_FIXED080_R29B,-0.2095924269873106,-0.6216696269982114,3.2287822878228734,2.465350114305761,0.20330872012231693,0.8075414005545418,-0.4226692078650794,-0.8,0.6137012733851077,1.5859554415473855
2020-04,6,2020-10,2020-05-12T21:59:00+00:00,CORE_LEVELPHASE_FIXED080_R29B,0.29503662542175396,0.1787310098301908,2.9384756657483617,2.295816254593561,0.4979109666671573,0.9861128765779948,0.4140346219522129,0.5,1.026881130532347,2.084709592651293
2020-04,7,2020-11,2020-05-12T21:59:00+00:00,CORE_LEVELPHASE_FIXED080_R29B,0.06963005068914713,0.0,2.655677655677633,2.085816738020716,0.5675167868836507,0.9861128765779948,0.013483543571140745,0.0,1.0403637651554563,2.084709592651293
2020-04,8,2020-12,2020-05-12T21:59:00+00:00,CORE_LEVELPHASE_FIXED080_R29B,0.1318340434663336,-0.1784121320249632,2.285191956124307,2.033526008273338,0.6992640055762632,0.8075414005545418,0.19233409351237438,0.0,1.2325131334719572,2.084709592651293
2020-04,9,2021-01,2020-05-12T21:59:00+00:00,CORE_LEVELPHASE_FIXED080_R29B,0.9108351023970832,1.3404825737265424,2.162162162162171,1.4787335119197842,1.6059760224829787,2.1391189981317575,0.40201693660338417,0.7,1.6337241412469432,2.782270966293817
2020-04,10,2021-02,2020-05-12T21:59:00+00:00,CORE_LEVELPHASE_FIXED080_R29B,0.2617499907657012,0.1763668430335041,2.066486972147356,1.4701105455015187,1.8673840445656997,2.3153304974716797,0.3556870738702017,0.3,1.9887801446259532,3.081821864273665
2020-04,11,2021-03,2020-05-12T21:59:00+00:00,CORE_LEVELPHASE_FIXED080_R29B,0.027414597583597645,0.1760563380281743,2.33812949640288,1.5892032832341605,1.8947948850351435,2.491232037989642,-0.0126418401999463,-0.2,1.9761375052780366,2.8816215972063572
2020-04,12,2021-04,2020-05-12T21:59:00+00:00,CORE_LEVELPHASE_FIXED080_R29B,0.19455669046549628,0.5272407732864748,3.0630630630630717,2.111138329808596,2.0891625590946172,3.017087763336347,0.43968063952080627,0.3,2.4148543734530086,3.181172495186205
2020-04,1,2020-05,2020-05-12T21:59:00+00:00,CORE_LEVELPHASE_PANEL_R29B,0.06698561770098822,0.3603603603603567,2.862419205909517,2.42022199032978,0.06696319235004206,0.3597126180849475,0.11828213865262954,0.7,0.11821224044364317,0.6975613736425241
2020-04,2,2020-06,2020-05-12T21:59:00+00:00,CORE_LEVELPHASE_PANEL_R29B,0.08970352571164192,0.6283662477558183,3.317972350230406,2.3231341505603984,0.1566265084935287,0.986112876577989,0.20811426770352992,0.5,0.3261102503952439,1.1963155247464314
2020-04,3,2020-07,2020-05-12T21:59:00+00:00,CORE_LEVELPHASE_PANEL_R29B,0.24511976299973648,0.4460303300624524,3.397612488521572,2.197184560436456,0.401446343024849,1.431151439325575,0.5213551502283248,1.2,0.8461110499387662,2.3891726112738114
2020-04,4,2020-08,2020-05-12T21:59:00+00:00,CORE_LEVELPHASE_PANEL_R29B,-0.016477441426657153,0.0,3.302752293577968,2.0866016433583257,0.3849675439186694,1.431151439325575,0.14014554901827994,0.0,0.9861584867384053,2.3891726112738114
2020-04,5,2020-09,2020-05-12T21:59:00+00:00,CORE_LEVELPHASE_PANEL_R29B,-0.2184117209753572,-0.6216696269982114,3.2287822878228734,2.427453384140171,0.16631695667268181,0.8075414005545418,-0.4387042526475889,-0.8,0.5464891032365919,1.5859554415473855
2020-04,6,2020-10,2020-05-12T21:59:00+00:00,CORE_LEVELPHASE_PANEL_R29B,0.28740178862447235,0.1787310098301908,2.9384756657483617,2.2501979627678654,0.4533065359657572,0.9861128765779948,0.40015313097147304,0.5,0.9458437509619456,2.084709592651293
2020-04,7,2020-11,2020-05-12T21:59:00+00:00,CORE_LEVELPHASE_PANEL_R29B,0.06327923917037884,0.0,2.655677655677633,2.033816216929335,0.5165657622678016,0.9861128765779948,0.0019366388816325474,0.0,0.9477803710909695,2.084709592651293
2020-04,8,2020-12,2020-05-12T21:59:00+00:00,CORE_LEVELPHASE_PANEL_R29B,0.12672771530775032,-0.1784121320249632,2.285191956124307,1.9763514665814403,0.6432132457832078,0.8075414005545418,0.18304988087493984,0.0,1.1306629198411855,2.084709592651293
2020-04,9,2021-01,2020-05-12T21:59:00+00:00,CORE_LEVELPHASE_PANEL_R29B,0.9074415128053133,1.3404825737265424,2.162162162162171,1.4184590730257771,1.5465622475566998,2.1391189981317575,0.3958467872522859,0.7,1.5257282951491593,2.782270966293817
2020-04,10,2021-02,2020-05-12T21:59:00+00:00,CORE_LEVELPHASE_PANEL_R29B,0.2600806507349065,0.1763668430335041,2.066486972147356,1.408152772773157,1.8063052738377245,2.3153304974716797,0.35265191683979663,0.3,1.8777598531604291,3.081821864273665
2020-04,11,2021-03,2020-05-12T21:59:00+00:00,CORE_LEVELPHASE_PANEL_R29B,0.02746779895198279,0.1760563380281743,2.33812949640288,1.5272267913770974,1.8337693010804654,2.491232037989642,-0.012545110651560361,-0.2,1.8652139555440448,2.8816215972063572
2020-04,12,2021-04,2020-05-12T21:59:00+00:00,CORE_LEVELPHASE_PANEL_R29B,0.19461013250605552,0.5272407732864748,3.0630630630630717,2.0488978522941905,2.028190313393106,3.017087763336347,0.43977780665400285,0.3,2.304027565450549,3.181172495186205
2020-05,1,2020-06,2020-06-09T21:59:00+00:00,CORE_LEVELPHASE_FIXED040_R29B,0.09374789394934724,0.6283662477558183,3.317972350230406,2.579810335198287,0.09370397805592119,0.6264002584930415,0.16762548371623706,0.5,0.1674851490048871,0.49875415110390736
2020-05,2,2020-07,2020-06-09T21:59:00+00:00,CORE_LEVELPHASE_FIXED040_R29B,0.23640783424719863,0.4460303300624524,3.397612488521572,2.4446409475275184,0.3298328086205087,1.0714388212406278,0.4859089770318791,1.2,0.6522173987099071,1.6916112376312875
2020-05,3,2020-08,2020-06-09T21:59:00+00:00,CORE_LEVELPHASE_FIXED040_R29B,-0.04402352697054236,0.0,3.302752293577968,2.305596670175984,0.2857995884503684,1.0714388212406278,0.10685158480421451,0.0,0.7590119378407668,1.6916112376312875
2020-05,4,2020-09,2020-06-09T21:59:00+00:00,CORE_LEVELPHASE_FIXED040_R29B,-0.2888066823508108,-0.6216696269982114,3.2287822878228734,2.5747629934734952,-0.0034249451147055996,0.44782878246959446,-0.4703259763289714,-0.8,0.2875764486399763,0.8883940679048615
2020-05,5,2020-10,2020-06-09T21:59:00+00:00,CORE_LEVELPHASE_FIXED040_R29B,0.2823015219854699,0.1787310098301908,2.9384756657483617,2.392045079766319,0.27847885446596404,0.6264002584930476,0.36533081151797997,0.5,0.6522415480237757,1.387148219008769
2020-05,6,2020-11,2020-06-09T21:59:00+00:00,CORE_LEVELPHASE_FIXED040_R29B,0.022881019863429983,0.0,2.655677655677633,2.134112233214492,0.3013572570232807,0.6264002584930476,-0.03443898242657594,0.0,0.6177966340177573,1.387148219008769
2020-05,7,2020-12,2020-06-09T21:59:00+00:00,CORE_LEVELPHASE_FIXED040_R29B,0.11315115276078365,-0.1784121320249632,2.285191956124307,2.0627500449329594,0.4144444421160975,0.44782878246959434,0.14464275927609938,0.0,0.7623348864170842,1.387148219008769
2020-05,8,2021-01,2020-06-09T21:59:00+00:00,CORE_LEVELPHASE_FIXED040_R29B,0.8167473759491874,1.3404825737265424,2.162162162162171,1.4131543209501967,1.2278744872522425,1.77940638004681,0.3542753785837725,0.7,1.1159841880367962,2.084709592651293
2020-05,9,2021-02,2020-06-09T21:59:00+00:00,CORE_LEVELPHASE_FIXED040_R29B,0.24173682591548984,0.1763668430335041,2.066486972147356,1.3842956513977993,1.4693195997273392,1.9556178793867323,0.30818975542316784,0.3,1.4237000123216992,2.384260490631141
2020-05,10,2021-03,2020-06-09T21:59:00+00:00,CORE_LEVELPHASE_FIXED040_R29B,-0.0033148871942001307,0.1760563380281743,2.33812949640288,1.4721047818286679,1.4660046575895394,2.131519419904695,-0.059881992483168674,-0.2,1.3638000834125947,2.184060223563833
2020-05,11,2021-04,2020-06-09T21:59:00+00:00,CORE_LEVELPHASE_FIXED040_R29B,0.19870494746583842,0.5272407732864748,3.0630630630630717,1.8569307930203622,1.6645124479054467,2.6573751452514,0.3696365943393899,0.3,1.7327552005025415,2.4836111215436807
2020-05,12,2021-05,2020-06-09T21:59:00+00:00,CORE_LEVELPHASE_FIXED040_R29B,0.23856057948669657,0.1748251748251661,2.872531418312392,1.921007320918255,1.9027889233921056,2.8320476787455577,0.09156464602575562,0.4,1.8242779516782517,2.882813248497426
2020-05,1,2020-06,2020-06-09T21:59:00+00:00,CORE_LEVELPHASE_FIXED060_R29B,0.0881836206453114,0.6283662477558183,3.317972350230406,2.574107860146739,0.08814476173367965,0.6264002584930415,0.15867396093062064,0.5,0.15854820680968845,0.49875415110390736
2020-05,2,2020-07,2020-06-09T21:59:00+00:00,CORE_LEVELPHASE_FIXED060_R29B,0.23082588041678104,0.4460303300624524,3.397612488521572,2.4332413780978994,0.3187046484579932,1.0714388212406278,0.4769290107054586,1.2,0.63434351431951,1.6916112376312875
2020-05,3,2020-08,2020-06-09T21:59:00+00:00,CORE_LEVELPHASE_FIXED060_R29B,-0.04907263766821395,0.0,3.302752293577968,2.28904535013149,0.2696199662303908,1.0714388212406278,0.0987288296863944,0.0,0.7330236391513674,1.6916112376312875
2020-05,4,2020-09,2020-06-09T21:59:00+00:00,CORE_LEVELPHASE_FIXED060_R29B,-0.2933178417601663,-0.6216696269982114,3.2287822878228734,2.553528163883032,-0.02412889535629071,0.44782878246959446,-0.4775833024946549,-0.8,0.2542962635477708,0.8883940679048615
2020-05,5,2020-10,2020-06-09T21:59:00+00:00,CORE_LEVELPHASE_FIXED060_R29B,0.27826560315652027,0.1787310098301908,2.9384756657483617,2.366728102501205,0.2537502657948554,0.6264002584930476,0.3588380284744085,0.5,0.6124920044249603,1.387148219008769
2020-05,6,2020-11,2020-06-09T21:59:00+00:00,CORE_LEVELPHASE_FIXED060_R29B,0.019047095497984962,0.0,2.655677655677633,2.1049451503265515,0.2727955475639106,0.6264002584930476,-0.04060680694567691,0.0,0.5718769506828492,1.387148219008769
2020-05,7,2020-12,2020-06-09T21:59:00+00:00,CORE_LEVELPHASE_FIXED060_R29B,0.10949661259854707,-0.1784121320249632,2.285191956124307,2.0298786968605538,0.3822322563460503,0.44782878246959434,0.1387635190329065,0.0,0.7105442821166,1.387148219008769
2020-05,8,2021-01,2020-06-09T21:59:00+00:00,CORE_LEVELPHASE_FIXED060_R29B,0.8132718286113777,1.3404825737265424,2.162162162162171,1.3769972063359794,1.1922148511949164,1.77940638004681,0.34868409298600583,0.7,1.058621881541253,2.084709592651293
2020-05,9,2021-02,2020-06-09T21:59:00+00:00,CORE_LEVELPHASE_FIXED060_R29B,0.23837764570894793,0.1763668430335041,2.066486972147356,1.344752568894185,1.4303088281065588,1.9556178793867323,0.30278567540825524,0.3,1.3609500843317546,2.384260490631141
2020-05,10,2021-03,2020-06-09T21:59:00+00:00,CORE_LEVELPHASE_FIXED060_R29B,-0.006547391068856129,0.1760563380281743,2.33812949640288,1.4292485319139407,1.4237612226866974,2.131519419904695,-0.06508228199223881,-0.2,1.2958466146289067,2.184060223563833
2020-05,11,2021-04,2020-06-09T21:59:00+00:00,CORE_LEVELPHASE_FIXED060_R29B,0.19557339285452605,0.5272407732864748,3.0630630630630717,1.8107299783166615,1.6191436197653297,2.6573751452514,0.36459870692339386,0.3,1.659782271625768,2.4836111215436807
2020-05,12,2021-05,2020-06-09T21:59:00+00:00,CORE_LEVELPHASE_FIXED060_R29B,0.23543770078098242,0.1748251748251661,2.872531418312392,1.8716035878719308,1.8543046002424055,2.8320476787455577,0.08654071596994024,0.4,1.7462855627083924,2.882813248497426
2020-05,1,2020-06,2020-06-09T21:59:00+00:00,CORE_LEVELPHASE_FIXED080_R29B,0.08261984459494441,0.6283662477558183,3.317972350230406,2.568405894699318,0.08258573318857422,0.6264002584930415,0.14972323810167484,0.5,0.14961126461448984,0.49875415110390736
2020-05,2,2020-07,2020-06-09T21:59:00+00:00,CORE_LEVELPHASE_FIXED080_R29B,0.2252444254200599,0.4460303300624524,3.397612488521572,2.4218434615913544,0.3075768636366145,1.0714388212406278,0.46794984687757774,1.2,0.6164696299291127,1.6916112376312875
2020-05,3,2020-08,2020-06-09T21:59:00+00:00,CORE_LEVELPHASE_FIXED080_R29B,-0.05412133867674726,0.0,3.302752293577968,2.2724972499237146,0.25344087407695864,1.0714388212406278,0.09060673365583617,0.0,0.7070353404619677,1.6916112376312875
2020-05,4,2020-09,2020-06-09T21:59:00+00:00,CORE_LEVELPHASE_FIXED080_R29B,-0.2978286722328953,-0.6216696269982114,3.2287822878228734,2.5322984021607686,-0.04483219031681134,0.44782878246959446,-0.4848400994836524,-0.8,0.2210160784555651,0.8883940679048615
2020-05,5,2020-10,2020-06-09T21:59:00+00:00,CORE_LEVELPHASE_FIXED080_R29B,0.2742299454171833,0.1787310098301908,2.9384756657483617,2.3414181563128755,0.22902243079673226,0.6264002584930476,0.35234566545866264,0.5,0.5727424608261449,1.387148219008769
2020-05,6,2020-11,2020-06-09T21:59:00+00:00,CORE_LEVELPHASE_FIXED080_R29B,0.015213407683732822,0.0,2.655677655677633,2.0757872576250915,0.24423468135895526,0.6264002584930476,-0.046774250913126765,0.0,0.5259572673479408,1.387148219008769
2020-05,7,2020-12,2020-06-09T21:59:00+00:00,CORE_LEVELPHASE_FIXED080_R29B,0.10584228698517702,-0.1784121320249632,2.285191956124307,1.9970188784331089,0.3500209948878036,0.44782878246959434,0.13288462394512973,0.0,0.6587536778161156,1.387148219008769
2020-05,8,2021-01,2020-06-09T21:59:00+00:00,CORE_LEVELPHASE_FIXED080_R29B,0.8097964749153206,1.3404825737265424,2.162162162162171,1.3408539938390565,1.1565562126824036,1.77940638004681,0.3430931189093431,0.7,1.0012595750457094,2.084709592651293
2020-05,9,2021-02,2020-06-09T21:59:00+00:00,CORE_LEVELPHASE_FIXED080_R29B,0.23501864647744558,0.1763668430335041,2.066486972147356,1.3052259891452933,1.3912991222764446,1.9556178793867323,0.29738188653687603,0.3,1.2982001563418097,2.384260490631141
2020-05,10,2021-03,2020-06-09T21:59:00+00:00,CORE_LEVELPHASE_FIXED080_R29B,-0.00977972674323057,0.1760563380281743,2.33812949640288,1.3864115272903743,1.381518917286757,2.131519419904695,-0.0702823009091632,-0.2,1.2278931458452185,2.184060223563833
2020-05,11,2021-04,2020-06-09T21:59:00+00:00,CORE_LEVELPHASE_FIXED080_R29B,0.19244199542640283,0.5272407732864748,3.0630630630630717,1.764551329302598,1.5737759803255165,2.6573751452514,0.35956107237579993,0.3,1.586809342748994,2.4836111215436807
2020-05,12,2021-05,2020-06-09T21:59:00+00:00,CORE_LEVELPHASE_FIXED080_R29B,0.23231497882298466,0.1748251748251661,2.872531418312392,1.8222250728456821,1.8058215251113052,2.8320476787455577,0.08151703808196037,0.4,1.668293173738533,2.882813248497426
2020-05,1,2020-06,2020-06-09T21:59:00+00:00,CORE_LEVELPHASE_PANEL_R29B,0.09082780101810137,0.6283662477558183,3.317972350230406,2.576817714926282,0.09078657753061549,0.6264002584930415,0.16292778520613588,0.5,0.16279520188068972,0.49875415110390736
2020-05,2,2020-07,2020-06-09T21:59:00+00:00,CORE_LEVELPHASE_PANEL_R29B,0.23347846269549558,0.4460303300624524,3.397612488521572,2.4386584516343564,0.32399290276931836,1.0714388212406278,0.4811963515442728,1.2,0.6428375044615126,1.6916112376312875
2020-05,3,2020-08,2020-06-09T21:59:00+00:00,CORE_LEVELPHASE_PANEL_R29B,-0.04627190811070826,0.0,3.302752293577968,2.2973211956618007,0.2777102859076527,1.0714388212406278,0.10323450240958315,0.0,0.7460187567038693,1.6916112376312875
2020-05,4,2020-09,2020-06-09T21:59:00+00:00,CORE_LEVELPHASE_PANEL_R29B,-0.2903760155297605,-0.6216696269982114,3.2287822878228734,2.5648514744597466,-0.01308813868867169,0.44782878246959446,-0.47285064054692116,-0.8,0.27204664085027025,0.8883940679048615
2020-05,5,2020-10,2020-06-09T21:59:00+00:00,CORE_LEVELPHASE_PANEL_R29B,0.28139069697373625,0.1787310098301908,2.9384756657483617,2.3812213191581213,0.26790739579011147,0.6264002584930476,0.36386552209009915,0.5,0.6352517738169554,1.387148219008769
2020-05,6,2020-11,2020-06-09T21:59:00+00:00,CORE_LEVELPHASE_PANEL_R29B,0.021053037737366727,0.0,2.655677655677633,2.1214493695153562,0.2889582176864841,0.6264002584930476,-0.03737974805023544,0.0,0.597865037797454,1.387148219008769
2020-05,7,2020-12,2020-06-09T21:59:00+00:00,CORE_LEVELPHASE_PANEL_R29B,0.11039747500416658,-0.1784121320249632,2.285191956124307,2.047289074217734,0.39929479949046387,0.44782878246959434,0.14021278112158922,0.0,0.7379796125869289,1.387148219008769
2020-05,8,2021-01,2020-06-09T21:59:00+00:00,CORE_LEVELPHASE_PANEL_R29B,0.8130635957980434,1.3404825737265424,2.162162162162171,1.3940867430665183,1.209070841149841,1.77940638004681,0.34834909851836854,0.7,1.0857233810004199,2.084709592651293
2020-05,9,2021-02,2020-06-09T21:59:00+00:00,CORE_LEVELPHASE_PANEL_R29B,0.23717550966081258,0.1763668430335041,2.066486972147356,1.3606210605772688,1.4459655336308097,1.9556178793867323,0.3008517394496298,0.3,1.3861234672486618,2.384260490631141
2020-05,10,2021-03,2020-06-09T21:59:00+00:00,CORE_LEVELPHASE_PANEL_R29B,-0.008735455318942646,0.1760563380281743,2.33812949640288,1.442910423947335,1.437229696748748,2.131519419904695,-0.06860232961046703,-0.2,1.3174975954724564,2.184060223563833
2020-05,11,2021-04,2020-06-09T21:59:00+00:00,CORE_LEVELPHASE_PANEL_R29B,0.19238134145478314,0.5272407732864748,3.0630630630630717,1.8211993092656285,1.6294262222970826,2.6573751452514,0.35946349531958344,0.3,1.6763165648648621,2.4836111215436807
2020-05,12,2021-05,2020-06-09T21:59:00+00:00,CORE_LEVELPHASE_PANEL_R29B,0.2322544928919063,0.1748251748251661,2.872531418312392,1.8788436777407505,1.8614114213257755,2.8320476787455577,0.08141973136090759,0.4,1.7577031683430313,2.882813248497426
2020-06,1,2020-07,2020-07-09T21:59:00+00:00,CORE_LEVELPHASE_FIXED040_R29B,0.29533792674410186,0.4460303300624524,3.397612488521572,2.9506171687067937,0.2949026610817001,0.44503856274758624,0.5868266974422627,1.2,0.5851115761667599,1.1928570865273802
2020-06,2,2020-08,2020-07-09T21:59:00+00:00,CORE_LEVELPHASE_FIXED040_R29B,-0.024641226738683075,0.0,3.302752293577968,2.83082203987229,0.27025839789391864,0.44503856274758624,0.2002986116537817,0.0,0.7852098576125365,1.1928570865273802
2020-06,3,2020-09,2020-07-09T21:59:00+00:00,CORE_LEVELPHASE_FIXED040_R29B,-0.20987786348298215,-0.6216696269982114,3.2287822878228734,3.1829826284636384,0.06015998217545619,-0.17857147602344717,-0.37991985729124633,-0.8,0.4045664716974947,0.3896399168009542
2020-06,4,2020-10,2020-07-09T21:59:00+00:00,CORE_LEVELPHASE_FIXED040_R29B,0.28955355456201115,0.1787310098301908,2.9384756657483617,3.0066297912271005,0.3492951378972292,5.963111948670274e-15,0.45550676289070846,0.5,0.8590389421915406,0.8883940679048616
2020-06,5,2020-11,2020-07-09T21:59:00+00:00,CORE_LEVELPHASE_FIXED040_R29B,0.0650496802364031,0.0,2.655677655677633,2.7904659468513215,0.4143236699998366,5.963111948670274e-15,0.05404392150239102,0.0,0.913068265226161,0.8883940679048616
2020-06,6,2020-12,2020-07-09T21:59:00+00:00,CORE_LEVELPHASE_FIXED040_R29B,0.13162971162728437,-0.1784121320249632,2.285191956124307,2.737604629714072,0.5458668256694514,-0.17857147602344728,0.23123414679798038,0.0,1.144035477287892,0.8883940679048616
2020-06,7,2021-01,2020-07-09T21:59:00+00:00,CORE_LEVELPHASE_FIXED040_R29B,0.9362766600185621,1.3404825737265424,2.162162162162171,2.204745090233451,1.4777875835227847,1.1530061215537684,0.4397789620192562,0.7,1.5828502375008504,1.5859554415473858
2020-06,8,2021-02,2020-07-09T21:59:00+00:00,CORE_LEVELPHASE_FIXED040_R29B,0.2766834397861712,0.1763668430335041,2.066486972147356,2.2112819865021716,1.7540889592560873,1.3292176208936906,0.3926667121670391,0.3,1.9747480261475263,1.8855063395272338
2020-06,9,2021-03,2020-07-09T21:59:00+00:00,CORE_LEVELPHASE_FIXED040_R29B,0.043712390037926166,0.1760563380281743,2.33812949640288,2.347917780189984,1.7977917982120353,1.505119161411653,0.023429929942378584,-0.2,1.9981752117104818,1.685306072459926
2020-06,10,2021-04,2020-07-09T21:59:00+00:00,CORE_LEVELPHASE_FIXED040_R29B,0.22566418231000862,0.5272407732864748,3.0630630630630717,2.763707183440977,2.0232017413188608,2.030974886758358,0.4528499313425435,0.3,2.450002862853023,1.984856970439774
2020-06,11,2021-05,2020-07-09T21:59:00+00:00,CORE_LEVELPHASE_FIXED040_R29B,0.28255986533870386,0.1748251748251661,2.872531418312392,2.684043586574403,2.305363156666766,2.205647420252516,0.20631637828984797,0.4,2.656106701189401,2.3840590973935196
2020-06,12,2021-06,2020-07-09T21:59:00+00:00,CORE_LEVELPHASE_FIXED040_R29B,0.13892102912203347,0.523560209424101,2.765388046387192,2.4743029054967,2.444187779802268,2.7278418183677005,0.2609197752952742,0.9,2.916686671789065,3.28003323454071
2020-06,1,2020-07,2020-07-09T21:59:00+00:00,CORE_LEVELPHASE_FIXED060_R29B,0.3179474332825796,0.4460303300624524,3.397612488521572,2.9738252529521083,0.3174430492654922,0.44503856274758624,0.628720463611022,1.2,0.6267522618545052,1.1928570865273802
2020-06,2,2020-08,2020-07-09T21:59:00+00:00,CORE_LEVELPHASE_FIXED060_R29B,-0.0021186024448279217,0.0,3.302752293577968,2.8771742491315018,0.31532442437796576,0.44503856274758624,0.24203139136163612,0.0,0.8684912289880271,1.1928570865273802
2020-06,3,2020-09,2020-07-09T21:59:00+00:00,CORE_LEVELPHASE_FIXED060_R29B,-0.18796171841464585,-0.6216696269982114,3.2287822878228734,3.2521650863159364,0.12718583625906593,-0.17857147602344717,-0.339310839343378,-0.8,0.52860342491054,0.3896399168009542
2020-06,4,2020-10,2020-07-09T21:59:00+00:00,CORE_LEVELPHASE_FIXED060_R29B,0.3111734431227268,0.1787310098301908,2.9384756657483617,3.0979145173635763,0.4378761368379906,5.963111948670274e-15,0.4955668391429626,0.5,1.0229463733919497,0.8883940679048616
2020-06,5,2020-11,2020-07-09T21:59:00+00:00,CORE_LEVELPHASE_FIXED060_R29B,0.08610504117577421,0.0,2.655677655677633,2.903207109716965,0.5239441288891028,5.963111948670274e-15,0.09305796925666945,0.0,1.115961070563743,0.8883940679048616
2020-06,6,2020-12,2020-07-09T21:59:00+00:00,CORE_LEVELPHASE_FIXED060_R29B,0.15254812128477757,-0.1784121320249632,2.285191956124307,2.871774176091268,0.676376013723342,-0.17857147602344728,0.26999443381804106,0.0,1.3855916741441139,0.8883940679048616
2020-06,7,2021-01,2020-07-09T21:59:00+00:00,CORE_LEVELPHASE_FIXED060_R29B,0.9570639921555498,1.3404825737265424,2.162162162162171,2.359294807203167,1.6288891617400114,1.1530061215537684,0.4782963719564096,0.7,1.862747843257179,1.5859554415473858
2020-06,8,2021-02,2020-07-09T21:59:00+00:00,CORE_LEVELPHASE_FIXED060_R29B,0.29728650274641455,0.1763668430335041,2.066486972147356,2.3868738941763255,1.9257346420135097,1.3292176208936906,0.43084268476280246,0.3,2.2926650581854284,1.8855063395272338
2020-06,9,2021-03,2020-07-09T21:59:00+00:00,CORE_LEVELPHASE_FIXED060_R29B,0.06413270696184914,0.1760563380281743,2.33812949640288,2.5446709447480296,1.9898467927432235,1.505119161411653,0.06126728746483893,-0.2,2.3539135849101074,1.685306072459926
2020-06,10,2021-04,2020-07-09T21:59:00+00:00,CORE_LEVELPHASE_FIXED060_R29B,0.2460647390916431,0.5272407732864748,3.0630630630630717,2.9822170365745904,2.2356092882641136,2.030974886758358,0.49065067476291857,0.3,2.843364492094522,1.984856970439774
2020-06,11,2021-05,2020-07-09T21:59:00+00:00,CORE_LEVELPHASE_FIXED060_R29B,0.3028031899722615,0.1748251748251661,2.872531418312392,2.9231562182232547,2.5379549527455936,2.205647420252516,0.24382578201050287,0.4,3.0868935013529235,2.3840590973935196
2020-06,12,2021-06,2020-07-09T21:59:00+00:00,CORE_LEVELPHASE_FIXED060_R29B,0.15917538454019253,0.523560209424101,2.765388046387192,2.7337021102552828,2.697003787543463,2.7278418183677005,0.29844961825505906,0.9,3.384898642874611,3.28003323454071
2020-06,1,2020-07,2020-07-09T21:59:00+00:00,CORE_LEVELPHASE_FIXED080_R29B,0.34056635653506667,0.4460303300624524,3.397612488521572,2.9970430032151962,0.3399877426563569,0.44503856274758624,0.6706316782638565,1.2,0.6683929475422508,1.1928570865273802
2020-06,2,2020-08,2020-07-09T21:59:00+00:00,CORE_LEVELPHASE_FIXED080_R29B,0.020413402377140642,0.0,3.302752293577968,2.9235562148619754,0.360399061782018,0.44503856274758624,0.2837815525037405,0.0,0.9517726003635181,1.1928570865273802
2020-06,3,2020-09,2020-07-09T21:59:00+00:00,CORE_LEVELPHASE_FIXED080_R29B,-0.16603663947346828,-0.6216696269982114,3.2287822878228734,3.3214070913070923,0.1942244287125385,-0.17857147602344717,-0.29868526758089387,-0.8,0.6526403781235856,0.3896399168009542
2020-06,4,2020-10,2020-07-09T21:59:00+00:00,CORE_LEVELPHASE_FIXED080_R29B,0.3328019533549887,0.1787310098301908,2.9384756657483617,3.189297358620238,0.5264738219811856,5.963111948670274e-15,0.535642890723609,0.5,1.1868538045923591,0.8883940679048616
2020-06,5,2020-11,2020-07-09T21:59:00+00:00,CORE_LEVELPHASE_FIXED080_R29B,0.10716861222665083,0.0,2.655677655677633,3.016093006740181,0.63358504964577,5.963111948670274e-15,0.13208722974860965,0.0,1.3188538759013255,0.8883940679048616
2020-06,6,2020-12,2020-07-09T21:59:00+00:00,CORE_LEVELPHASE_FIXED080_R29B,0.1734746202726001,-0.1784121320249632,2.285191956124307,3.0061438418010926,0.8069093764878448,-0.17857147602344728,0.3087697097770555,0.0,1.6271478710003364,0.8883940679048616
2020-06,7,2021-01,2020-07-09T21:59:00+00:00,CORE_LEVELPHASE_FIXED080_R29B,0.9778592959766819,1.3404825737265424,2.162162162162171,2.5141067570226032,1.7800185695630217,1.1530061215537684,0.5168285528427188,0.7,2.1426454490135085,1.5859554415473858
2020-06,8,2021-02,2020-07-09T21:59:00+00:00,CORE_LEVELPHASE_FIXED080_R29B,0.317897400362243,0.1763668430335041,2.066486972147356,2.5627996815117777,2.097411744469943,1.3292176208936906,0.46903317440379805,0.3,2.610582090223332,1.8855063395272338
2020-06,9,2021-03,2020-07-09T21:59:00+00:00,CORE_LEVELPHASE_FIXED080_R29B,0.08456074858420241,0.1760563380281743,2.33812949640288,2.7418382789078195,2.1819367605954776,1.505119161411653,0.09911895828994532,-0.2,2.7096519581097347,1.685306072459926
2020-06,10,2021-04,2020-07-09T21:59:00+00:00,CORE_LEVELPHASE_FIXED080_R29B,0.2664729726710296,0.5272407732864748,3.0630630630630717,3.2012312347889122,2.4480553235052254,2.030974886758358,0.5284656427294775,0.3,3.2367261213360226,1.984856970439774
2020-06,11,2021-05,2020-07-09T21:59:00+00:00,CORE_LEVELPHASE_FIXED080_R29B,0.3230540921225244,0.1748251748251661,2.872531418312392,3.1628689491106288,2.7705887170196233,2.205647420252516,0.28134922631680476,0.4,3.5176803015164477,2.3840590973935196
2020-06,12,2021-06,2020-07-09T21:59:00+00:00,CORE_LEVELPHASE_FIXED080_R29B,0.1794373216041195,0.523560209424101,2.765388046387192,2.9938047548954345,2.9498652421856333,2.7278418183677005,0.33599350945134276,0.9,3.8531106139601587,3.28003323454071
2020-06,1,2020-07,2020-07-09T21:59:00+00:00,CORE_LEVELPHASE_PANEL_R29B,0.30736941430725173,0.4460303300624524,3.397612488521572,2.9629671851251898,0.30689800026435765,0.44503856274758624,0.6091201661553075,1.2,0.6072725283646652,1.1928570865273802
2020-06,2,2020-08,2020-07-09T21:59:00+00:00,CORE_LEVELPHASE_PANEL_R29B,-0.012655972942017903,0.0,3.302752293577968,2.8554867370874244,0.294241226386506,0.44503856274758624,0.2225064125704545,0.0,0.8295317620083471,1.1928570865273802
2020-06,3,2020-09,2020-07-09T21:59:00+00:00,CORE_LEVELPHASE_PANEL_R29B,-0.20036518724467972,-0.6216696269982114,3.2287822878228734,3.2175702600182627,0.09367503956686737,-0.17857147602344717,-0.36229356220655107,-0.8,0.4665803272417741,0.3896399168009542
2020-06,4,2020-10,2020-07-09T21:59:00+00:00,CORE_LEVELPHASE_PANEL_R29B,0.29672278435463495,0.1787310098301908,2.9384756657483617,3.048524237232036,0.38995847076045104,5.963111948670274e-15,0.46879082267463806,0.5,0.9342757478348522,0.8883940679048616
2020-06,5,2020-11,2020-07-09T21:59:00+00:00,CORE_LEVELPHASE_PANEL_R29B,0.06977682986746628,0.0,2.655677655677633,2.837130350915405,0.45971096791639077,5.963111948670274e-15,0.06280298490571955,0.0,0.9970590199190682,0.8883940679048616
2020-06,6,2020-12,2020-07-09T21:59:00+00:00,CORE_LEVELPHASE_PANEL_R29B,0.14187236844883527,-0.1784121320249632,2.285191956124307,2.794759033949597,0.601482792605221,-0.17857147602344728,0.2502130426486543,0.0,1.2469595509222118,0.8883940679048616
2020-06,7,2021-01,2020-07-09T21:59:00+00:00,CORE_LEVELPHASE_PANEL_R29B,0.952059783895646,1.3404825737265424,2.162162162162171,2.277593418524978,1.5490390489596007,1.1530061215537684,0.4690239391262901,0.7,1.7148869999683996,1.5859554415473858
2020-06,8,2021-02,2020-07-09T21:59:00+00:00,CORE_LEVELPHASE_PANEL_R29B,0.2979762890079398,0.1763668430335041,2.066486972147356,2.3058540875354407,1.8465722685664492,1.3292176208936906,0.4321208083829524,0.3,2.146076847340122,1.8855063395272338
2020-06,9,2021-03,2020-07-09T21:59:00+00:00,CORE_LEVELPHASE_PANEL_R29B,0.0714144248187364,0.1760563380281743,2.33812949640288,2.4709825945944037,1.9179612054188258,1.505119161411653,0.07475977942542876,-0.2,2.2208086955624555,1.685306072459926
2020-06,10,2021-04,2020-07-09T21:59:00+00:00,CORE_LEVELPHASE_PANEL_R29B,0.2600012811861772,0.5272407732864748,3.0630630630630717,2.9225209098640246,2.177625068009147,2.030974886758358,0.5164740705418516,0.3,2.7359536132987063,1.984856970439774
2020-06,11,2021-05,2020-07-09T21:59:00+00:00,CORE_LEVELPHASE_PANEL_R29B,0.3233136160947022,0.1748251748251661,2.872531418312392,2.884528376779915,2.5004171494580856,2.205647420252516,0.2818301053040176,0.4,3.0173873221631267,2.3840590973935196
2020-06,12,2021-06,2020-07-09T21:59:00+00:00,CORE_LEVELPHASE_PANEL_R29B,0.17969698699343545,0.523560209424101,2.765388046387192,2.716186569441876,2.679952874575435,2.7278418183677005,0.33647465047419567,0.9,3.353297163290833,3.28003323454071
2020-07,1,2020-08,2020-08-12T21:59:00+00:00,CORE_LEVELPHASE_FIXED040_R29B,-0.005279491917538015,0.0,3.302752293577968,3.339379957885238,-0.005279631287617928,0.0,0.2167019229955664,0.0,0.21646746303681233,0.0
2020-07,2,2020-09,2020-08-12T21:59:00+00:00,CORE_LEVELPHASE_FIXED040_R29B,-0.22682389894463034,-0.6216696269982114,3.2287822878228734,3.6756733269006565,-0.23236116529690484,-0.6236100387710334,-0.36754430814849065,-0.8,-0.15175394881718704,-0.803217169726426
2020-07,3,2020-10,2020-08-12T21:59:00+00:00,CORE_LEVELPHASE_FIXED040_R29B,0.2909210367480832,0.1787310098301908,2.9384756657483617,3.4998896555822974,0.058137515153662944,-0.44503856274758025,0.4670438282109354,0.5,0.31420261373020497,-0.3044630186225186
2020-07,4,2020-11,2020-08-12T21:59:00+00:00,CORE_LEVELPHASE_FIXED040_R29B,0.06344830834964169,0.0,2.655677655677633,3.281037819369901,0.12156570357419576,-0.44503856274758025,0.06480322465973523,0.0,0.37898485016718264,-0.3044630186225186
2020-07,5,2020-12,2020-08-12T21:59:00+00:00,CORE_LEVELPHASE_FIXED040_R29B,0.1375074736425152,-0.1784121320249632,2.285191956124307,3.2339837349433096,0.2589787222686669,-0.6236100387710335,0.24313877727366798,0.0,0.6218285233606209,-0.3044630186225186
2020-07,6,2021-01,2020-08-12T21:59:00+00:00,CORE_LEVELPHASE_FIXED040_R29B,0.9168513482724517,1.3404825737265424,2.162162162162171,2.6787852089383906,1.1716525038697627,0.7079675588061821,0.45121175919964446,0.7,1.0720253740811587,0.3930983550200055
2020-07,7,2021-02,2020-08-12T21:59:00+00:00,CORE_LEVELPHASE_FIXED040_R29B,0.28712086786419166,0.1763668430335041,2.066486972147356,2.696040561759572,1.4583619670677725,0.8841790581461044,0.40370403887433115,0.3,1.4749167147299205,0.6926492529998534
2020-07,8,2021-03,2020-08-12T21:59:00+00:00,CORE_LEVELPHASE_FIXED040_R29B,0.052204418983611056,0.1760563380281743,2.33812949640288,2.8420531996304903,1.510552764285146,1.060080598664067,0.034494505237182255,-0.2,1.5094052719804247,0.4924489859325456
2020-07,9,2021-04,2020-08-12T21:59:00+00:00,CORE_LEVELPHASE_FIXED040_R29B,0.23791273371607763,0.5272407732864748,3.0630630630630717,3.2724693912305494,1.7481829337390675,1.585936324010772,0.46371132432585105,0.3,1.9720447675284318,0.7919998839123935
2020-07,10,2021-05,2020-08-12T21:59:00+00:00,CORE_LEVELPHASE_FIXED040_R29B,0.2906061877071301,0.1748251748251661,2.872531418312392,3.2006911947954735,2.0383676779610003,1.76060885750493,0.21695534977618983,0.4,2.1887651090329348,1.1912020108661387
2020-07,11,2021-06,2020-08-12T21:59:00+00:00,CORE_LEVELPHASE_FIXED040_R29B,0.19806500902924778,0.523560209424101,2.765388046387192,2.7593903279084575,2.23623679686845,2.2828032556201148,0.2828925353001455,0.9,2.4712582564488113,2.087176148013329
2020-07,12,2021-07,2020-08-12T21:59:00+00:00,CORE_LEVELPHASE_FIXED040_R29B,0.30618023831570906,1.041666666666674,3.3747779751332514,2.574532283746693,2.541949258076631,3.31908195917478,0.58489402762709,1.5,3.0544484195976116,3.5760373973883945
2020-07,1,2020-08,2020-08-12T21:59:00+00:00,CORE_LEVELPHASE_FIXED060_R29B,0.0211157699007758,0.0,3.302752293577968,3.3666580979337426,0.021113540835867244,0.0,0.26429132874365935,0.0,0.2639426933517211,0.0
2020-07,2,2020-09,2020-08-12T21:59:00+00:00,CORE_LEVELPHASE_FIXED060_R29B,-0.20058251698807114,-0.6216696269982114,3.2287822878228734,3.7303152142065947,-0.17967041229166894,-0.6236100387710334,-0.3202323404962161,-0.8,-0.05680348818736952,-0.803217169726426
2020-07,3,2020-10,2020-08-12T21:59:00+00:00,CORE_LEVELPHASE_FIXED060_R29B,0.31687101816477575,0.1787310098301908,2.9384756657483617,3.581233303825314,0.13669962768648006,-0.44503856274758025,0.5138304145041471,0.5,0.45571132256612695,-0.3044630186225186
2020-07,4,2020-11,2020-08-12T21:59:00+00:00,CORE_LEVELPHASE_FIXED060_R29B,0.08878522915318462,0.0,2.655677655677633,3.388381660769496,0.22544546606881893,-0.44503856274758025,0.11048449173057381,0.0,0.5661348251004047,-0.3044630186225186
2020-07,5,2020-12,2020-08-12T21:59:00+00:00,CORE_LEVELPHASE_FIXED060_R29B,0.16237948267386643,-0.1784121320249632,2.285191956124307,3.366946428354852,0.3876932558029868,-0.6236100387710335,0.2879818304591438,0.0,0.8537027822823386,-0.3044630186225186
2020-07,6,2021-01,2020-08-12T21:59:00+00:00,CORE_LEVELPHASE_FIXED060_R29B,0.941589047728102,1.3404825737265424,2.162162162162171,2.8362348403021485,1.3248769855944689,0.7079675588061821,0.49581265858729545,0.7,1.3482903377164914,0.3930983550200055
2020-07,7,2021-02,2020-08-12T21:59:00+00:00,CORE_LEVELPHASE_FIXED060_R29B,0.31166102036678406,0.1763668430335041,2.066486972147356,2.8786847996536946,1.6360533497317735,0.8841790581461044,0.44794877047065346,0.3,1.7952388038039875,0.6926492529998534
2020-07,8,2021-03,2020-08-12T21:59:00+00:00,CORE_LEVELPHASE_FIXED060_R29B,0.07646916780675414,0.1760563380281743,2.33812949640288,3.049942823477142,1.7124932947670604,1.060080598664067,0.07824269705541685,-0.2,1.873450907218345,0.4924489859325456
2020-07,9,2021-04,2020-08-12T21:59:00+00:00,CORE_LEVELPHASE_FIXED060_R29B,0.26216719321427523,0.5272407732864748,3.0630630630630717,3.5062683192785946,1.9743174292561554,1.585936324010772,0.5074409649789912,0.3,2.3796087294964816,0.7919998839123935
2020-07,10,2021-05,2020-08-12T21:59:00+00:00,CORE_LEVELPHASE_FIXED060_R29B,0.3146869535540984,0.1748251748251661,2.872531418312392,3.4591632283545537,2.288510279730476,1.76060885750493,0.26037182901039363,0.4,2.63964217829739,1.1912020108661387
2020-07,11,2021-06,2020-08-12T21:59:00+00:00,CORE_LEVELPHASE_FIXED060_R29B,0.2220474232604005,0.523560209424101,2.765388046387192,3.041414166596712,2.510311542028695,2.2828032556201148,0.3261316912335522,0.9,2.965243213575948,2.087176148013329
2020-07,12,2021-07,2020-08-12T21:59:00+00:00,CORE_LEVELPHASE_FIXED060_R29B,0.3302348754824424,1.041666666666674,3.3747779751332514,2.8807149048206524,2.840002339640409,3.31908195917478,0.6282633980895027,1.5,3.5915412645874305,3.5760373973883945
2020-07,1,2020-08,2020-08-12T21:59:00+00:00,CORE_LEVELPHASE_FIXED080_R29B,0.04752356590551161,0.0,3.302752293577968,3.393949191416654,0.047512277035370545,0.0,0.31190333303566764,0.0,0.3114179236666299,0.0
2020-07,2,2020-09,2020-08-12T21:59:00+00:00,CORE_LEVELPHASE_FIXED080_R29B,-0.17432867391725287,-0.6216696269982114,3.2287822878228734,3.7849974548522383,-0.12696852614362297,-0.6236100387710334,-0.2728979060456718,-0.8,0.038146972442448135,-0.803217169726426
2020-07,3,2020-10,2020-08-12T21:59:00+00:00,CORE_LEVELPHASE_FIXED080_R29B,0.34283308425121284,0.1787310098301908,2.9384756657483617,3.6626579712364973,0.21527822520259962,-0.44503856274758025,0.5606387888840146,0.5,0.597220031402049,-0.3044630186225186
2020-07,4,2020-11,2020-08-12T21:59:00+00:00,CORE_LEVELPHASE_FIXED080_R29B,0.1141337166875728,0.0,2.655677655677633,3.4958594551137976,0.32934685888014614,-0.44503856274758025,0.15618661306878667,0.0,0.753284800033627,-0.3044630186225186
2020-07,5,2020-12,2020-08-12T21:59:00+00:00,CORE_LEVELPHASE_FIXED080_R29B,0.18726261802106753,-0.1784121320249632,2.285191956124307,3.500107873941089,0.5164343590467769,-0.6236100387710335,0.3328449438646358,0.0,1.0855770412040568,-0.3044630186225186
2020-07,6,2021-01,2020-08-12T21:59:00+00:00,CORE_LEVELPHASE_FIXED080_R29B,0.966337730860556,1.3404825737265424,2.162162162162171,2.9939582916958223,1.478132909678887,0.7079675588061821,0.5404333610235244,0.7,1.6245553013518246,0.3930983550200055
2020-07,7,2021-02,2020-08-12T21:59:00+00:00,CORE_LEVELPHASE_FIXED080_R29B,0.3362119869371562,0.1763668430335041,2.066486972147356,3.0616912139046297,1.8137809677593426,0.8841790581461044,0.4922129993185241,0.3,2.115560892878055,0.6926492529998534
2020-07,8,2021-03,2020-08-12T21:59:00+00:00,CORE_LEVELPHASE_FIXED080_R29B,0.1007445283582934,0.1760563380281743,2.33812949640288,3.258294977043197,1.914474782875352,1.060080598664067,0.12201002131688353,-0.2,2.237496542456266,0.4924489859325456
2020-07,9,2021-04,2020-08-12T21:59:00+00:00,CORE_LEVELPHASE_FIXED080_R29B,0.2864322101444461,0.5272407732864748,3.0630630630630717,3.7406438853835966,2.2004975576150083,1.585936324010772,0.5511896401814868,0.3,2.787172691464532,0.7919998839123935
2020-07,10,2021-05,2020-08-12T21:59:00+00:00,CORE_LEVELPHASE_FIXED080_R29B,0.3387781517881482,0.1748251748251661,2.872531418312392,3.718334756503329,2.538703148997803,1.76060885750493,0.303807117343941,0.4,3.090519247561846,1.1912020108661387
2020-07,11,2021-06,2020-08-12T21:59:00+00:00,CORE_LEVELPHASE_FIXED080_R29B,0.246040178032421,0.523560209424101,2.765388046387192,3.3242687017283017,2.7844411437442282,2.2828032556201148,0.3693894906719333,0.9,3.4592281707030867,2.087176148013329
2020-07,12,2021-07,2020-08-12T21:59:00+00:00,CORE_LEVELPHASE_FIXED080_R29B,0.3542998843305371,1.041666666666674,3.3747779751332514,3.187872812334267,3.138114864596385,3.31908195917478,0.6716514682017235,1.5,4.128634109577251,3.5760373973883945
2020-07,1,2020-08,2020-08-12T21:59:00+00:00,CORE_LEVELPHASE_PANEL_R29B,0.008691902900048926,0.0,3.302752293577968,3.353818672951995,0.008691525176056248,0.0,0.24189168551497536,0.0,0.24159959850533802,0.0
2020-07,2,2020-09,2020-08-12T21:59:00+00:00,CORE_LEVELPHASE_PANEL_R29B,-0.21293395496916223,-0.6216696269982114,3.2287822878228734,3.7045942769110876,-0.20446945647417886,-0.6236100387710334,-0.34250139763611226,-0.8,-0.10148967788013558,-0.803217169726426
2020-07,3,2020-10,2020-08-12T21:59:00+00:00,CORE_LEVELPHASE_PANEL_R29B,0.3021285666993335,0.1787310098301908,2.9384756657483617,3.540330928945981,0.09720361908635775,-0.44503856274758025,0.48725047340184974,0.5,0.3845775723529739,-0.3044630186225186
2020-07,4,2020-11,2020-08-12T21:59:00+00:00,CORE_LEVELPHASE_PANEL_R29B,0.07182354655240102,0.0,2.655677655677633,3.3300415050094614,0.16900138487326344,-0.44503856274758025,0.0799033820975183,0.0,0.46444904869286086,-0.3044630186225186
2020-07,5,2020-12,2020-08-12T21:59:00+00:00,CORE_LEVELPHASE_PANEL_R29B,0.14310539059015426,-0.1784121320249632,2.285191956124307,3.288738850124657,0.3120044772838476,-0.6236100387710335,0.25323155615190146,0.0,0.7173605140064001,-0.3044630186225186
2020-07,6,2021-01,2020-08-12T21:59:00+00:00,CORE_LEVELPHASE_PANEL_R29B,0.9287329565048049,1.3404825737265424,2.162162162162171,2.74534131221014,1.2364512271041896,0.7079675588061821,0.4726337355756098,0.7,1.1888808431865339,0.3930983550200055
2020-07,7,2021-02,2020-08-12T21:59:00+00:00,CORE_LEVELPHASE_PANEL_R29B,0.3052666678905895,0.1763668430335041,2.066486972147356,2.7812015608013314,1.541252902373468,0.8841790581461044,0.4364200560907562,0.3,1.6243513486343866,0.6926492529998534
2020-07,8,2021-03,2020-08-12T21:59:00+00:00,CORE_LEVELPHASE_PANEL_R29B,0.07653095097573415,0.1760563380281743,2.33812949640288,2.9523608667726973,1.617754583349703,1.060080598664067,0.0783540891801562,-0.2,1.7026747570234768,0.4924489859325456
2020-07,9,2021-04,2020-08-12T21:59:00+00:00,CORE_LEVELPHASE_PANEL_R29B,0.27058371895055083,0.5272407732864748,3.0630630630630717,3.4169348749832262,1.887972883582731,1.585936324010772,0.5226155618824013,0.3,2.223929423220775,0.7919998839123935
2020-07,10,2021-05,2020-08-12T21:59:00+00:00,CORE_LEVELPHASE_PANEL_R29B,0.3314179791006566,0.1748251748251661,2.872531418312392,3.3871110247388274,2.218842883699156,1.76060885750493,0.2905370749093536,0.4,2.5140452548852736,1.1912020108661387
2020-07,11,2021-06,2020-08-12T21:59:00+00:00,CORE_LEVELPHASE_PANEL_R29B,0.24713132895437065,0.523560209424101,2.765388046387192,2.995424482004049,2.4656693453631915,2.2828032556201148,0.3713567840564239,0.9,2.884714211971851,2.087176148013329
2020-07,12,2021-07,2020-08-12T21:59:00+00:00,CORE_LEVELPHASE_PANEL_R29B,0.3553943212487165,1.041666666666674,3.3747779751332514,2.860584449526624,2.8204336332878777,3.31908195917478,0.6736246860816384,1.5,3.5560801847913526,3.5760373973883945
2020-08,1,2020-09,2020-09-09T21:59:00+00:00,CORE_LEVELPHASE_FIXED040_R29B,-0.17643158818870924,-0.6216696269982114,3.2287822878228734,3.7256280602679666,-0.1765874120238806,-0.6236100387710334,-0.302047262366996,-0.8,-0.3025043457477841,-0.803217169726426
2020-08,2,2020-10,2020-09-09T21:59:00+00:00,CORE_LEVELPHASE_FIXED040_R29B,0.28833486365079736,0.1787310098301908,2.9384756657483617,3.5470894821129515,0.11133256397809425,-0.44503856274758025,0.5242455960754151,0.5,0.22037186697221117,-0.3044630186225186
2020-08,3,2020-11,2020-09-09T21:59:00+00:00,CORE_LEVELPHASE_FIXED040_R29B,0.08503833321668923,0.0,2.655677655677633,3.350432266484528,0.19633476008967887,-0.44503856274758025,0.11931878461317001,0.0,0.3396195232975568,-0.3044630186225186
2020-08,4,2020-12,2020-09-09T21:59:00+00:00,CORE_LEVELPHASE_FIXED040_R29B,0.14770378373502802,-0.1784121320249632,2.285191956124307,3.313865232056589,0.34392956907940914,-0.6236100387710335,0.2962602838747012,0.0,0.6354418212322794,-0.3044630186225186
2020-08,5,2021-01,2020-09-09T21:59:00+00:00,CORE_LEVELPHASE_FIXED040_R29B,0.9927543994661739,1.3404825737265424,2.162162162162171,2.835525119640182,1.3317885351477572,0.7079675588061821,0.5054861289853454,0.7,1.1396546581585103,0.3930983550200055
2020-08,6,2021-02,2020-09-09T21:59:00+00:00,CORE_LEVELPHASE_FIXED040_R29B,0.29257429980570215,0.1763668430335041,2.066486972147356,2.8583997621775774,1.6239356693306548,0.8841790581461044,0.4563356136952779,0.3,1.5949522177013347,0.6926492529998534
2020-08,7,2021-03,2020-09-09T21:59:00+00:00,CORE_LEVELPHASE_FIXED040_R29B,0.07702905919469755,0.1760563380281743,2.33812949640288,3.030200431525562,1.7009350763717563,1.060080598664067,0.08581713747522109,-0.2,1.6807325533244926,0.4924489859325456
2020-08,8,2021-04,2020-09-09T21:59:00+00:00,CORE_LEVELPHASE_FIXED040_R29B,0.24889480393167468,0.5272407732864748,3.0630630630630717,3.472739295973496,1.9495206501851574,1.585936324010772,0.5149193506557933,0.3,2.194330727679393,0.7919998839123935
2020-08,9,2021-05,2020-09-09T21:59:00+00:00,CORE_LEVELPHASE_FIXED040_R29B,0.3173077907057509,0.1748251748251661,2.872531418312392,3.4283515785530203,2.266326082122512,1.76060885750493,0.267300897391722,0.4,2.4612750115684245,1.1912020108661387
2020-08,10,2021-06,2020-09-09T21:59:00+00:00,CORE_LEVELPHASE_FIXED040_R29B,0.21702949408157318,0.523560209424101,2.765388046387192,3.0055693754567905,2.4831204073932316,2.2828032556201148,0.332788476078012,0.9,2.7935109722630584,2.087176148013329
2020-08,11,2021-07,2020-09-09T21:59:00+00:00,CORE_LEVELPHASE_FIXED040_R29B,0.27611756285039313,1.041666666666674,3.3747779751332514,2.8313269362750053,2.7588574659662144,3.31908195917478,0.6943057392327882,1.5,3.4854175080015732,3.5760373973883945
2020-08,12,2021-08,2020-09-09T21:59:00+00:00,CORE_LEVELPHASE_FIXED040_R29B,0.050706043043085014,0.6872852233676952,4.085257548845505,2.8493907664886797,2.8095506578393237,4.004016143732257,0.252913779100075,1.0,3.7380119984400575,4.571070482705203
2020-08,1,2020-09,2020-09-09T21:59:00+00:00,CORE_LEVELPHASE_FIXED060_R29B,-0.13757774050166596,-0.6216696269982114,3.2287822878228734,3.7660006878750116,-0.1376724655654433,-0.6236100387710334,-0.2239422066896108,-0.8,-0.2241933322367406,-0.803217169726426
2020-08,2,2020-10,2020-09-09T21:59:00+00:00,CORE_LEVELPHASE_FIXED060_R29B,0.3275107305567436,0.1787310098301908,2.9384756657483617,3.6278572035632277,0.18930311672513916,-0.44503856274758025,0.6029979834977588,0.5,0.3769938939942981,-0.3044630186225186
2020-08,3,2020-11,2020-09-09T21:59:00+00:00,CORE_LEVELPHASE_FIXED060_R29B,0.1232034221546493,0.0,2.655677655677633,3.470487604366791,0.3124307057432576,-0.44503856274758025,0.1960392788211549,0.0,0.5728412665880416,-0.3044630186225186
2020-08,4,2020-12,2020-09-09T21:59:00+00:00,CORE_LEVELPHASE_FIXED060_R29B,0.1850818575622988,-0.1784121320249632,2.285191956124307,3.4724826633457635,0.49734149787708837,-0.6236100387710335,0.37139869901719813,0.0,0.9435519835485164,-0.3044630186225186
2020-08,5,2021-01,2020-09-09T21:59:00+00:00,CORE_LEVELPHASE_FIXED060_R29B,1.0293542145410732,1.3404825737265424,2.162162162162171,3.0307330097631935,1.521433939307532,0.7079675588061821,0.5790600673307178,0.7,1.5209419422578538,0.3930983550200055
2020-08,6,2021-02,2020-09-09T21:59:00+00:00,CORE_LEVELPHASE_FIXED060_R29B,0.32884489255928706,0.1763668430335041,2.066486972147356,3.090920204371734,1.8497393194990281,0.8841790581461044,0.5292477404243694,0.3,2.048794088762411,0.6926492529998534
2020-08,7,2021-03,2020-09-09T21:59:00+00:00,CORE_LEVELPHASE_FIXED060_R29B,0.11285569958585627,0.1760563380281743,2.33812949640288,3.300076471512736,1.9625313849122668,1.060080598664067,0.15783681915576286,-0.2,2.2065064765259286,0.4924489859325456
2020-08,8,2021-04,2020-09-09T21:59:00+00:00,CORE_LEVELPHASE_FIXED060_R29B,0.284563543937266,0.5272407732864748,3.0630630630630717,3.7806867414154004,2.246690813259082,1.585936324010772,0.586621616709817,0.3,2.791414168199815,0.7919998839123935
2020-08,9,2021-05,2020-09-09T21:59:00+00:00,CORE_LEVELPHASE_FIXED060_R29B,0.3526974967720409,0.1748251748251661,2.872531418312392,3.7727627239771855,2.5987677910186315,1.76060885750493,0.3384422418726609,0.4,3.129284983253908,1.1912020108661387
2020-08,10,2021-06,2020-09-09T21:59:00+00:00,CORE_LEVELPHASE_FIXED060_R29B,0.25225102608675687,0.523560209424101,2.765388046387192,3.3848947985550124,2.8507011982237094,2.2828032556201148,0.4035917525119457,0.9,3.532064488959678,2.087176148013329
2020-08,11,2021-07,2020-09-09T21:59:00+00:00,CORE_LEVELPHASE_FIXED060_R29B,0.3112740277844284,1.041666666666674,3.3747779751332514,3.246195776914471,3.1614917713922366,3.31908195917478,0.764978216080134,1.5,4.294131583555405,3.5760373973883945
2020-08,12,2021-08,2020-09-09T21:59:00+00:00,CORE_LEVELPHASE_FIXED060_R29B,0.08570840014694413,0.6872852233676952,4.085257548845505,3.300459116954207,3.247163462863351,4.004016143732257,0.3232764642183447,1.0,4.616886632851101,4.571070482705203
2020-08,1,2020-09,2020-09-09T21:59:00+00:00,CORE_LEVELPHASE_FIXED080_R29B,-0.09869345405581623,-0.6216696269982114,3.2287822878228734,3.8064049440786403,-0.09874218811270483,-0.6236100387710334,-0.14577596219585714,-0.8,-0.14588231872569707,-0.803217169726426
2020-08,2,2020-10,2020-09-09T21:59:00+00:00,CORE_LEVELPHASE_FIXED080_R29B,0.3667172884967773,0.1787310098301908,2.9384756657483617,3.708719724234971,0.2673043319181141,-0.44503856274758025,0.6818120668670653,0.5,0.5336159210163853,-0.3044630186225186
2020-08,3,2020-11,2020-09-09T21:59:00+00:00,CORE_LEVELPHASE_FIXED080_R29B,0.16139775664202338,0.0,2.655677655677633,3.5907293612260354,0.4285719823544111,-0.44503856274758025,0.2728185632237094,0.0,0.8060630098785266,-0.3044630186225186
2020-08,4,2020-12,2020-09-09T21:59:00+00:00,CORE_LEVELPHASE_FIXED080_R29B,0.2224879337220644,-0.1784121320249632,2.285191956124307,3.6314051262196645,0.6508127781733417,-0.6236100387710335,0.4465934052059827,0.0,1.2516621458647537,-0.3044630186225186
2020-08,5,2021-01,2020-09-09T21:59:00+00:00,CORE_LEVELPHASE_FIXED080_R29B,1.0659808221090143,1.3404825737265424,2.162162162162171,3.2263865382150683,1.7111520809796898,0.7079675588061821,0.6526878646703814,0.7,1.9022292263571976,0.3930983550200055
2020-08,6,2021-02,2020-09-09T21:59:00+00:00,CORE_LEVELPHASE_FIXED080_R29B,0.36514181084066716,0.1763668430335041,2.066486972147356,3.3240550324955676,2.07562886747323,0.8841790581461044,0.6022127874415811,0.3,2.502635959823488,0.6926492529998534
2020-08,7,2021-03,2020-09-09T21:59:00+00:00,CORE_LEVELPHASE_FIXED080_R29B,0.1487081200856303,0.1760563380281743,2.33812949640288,3.570761783600704,2.224226526530083,1.060080598664067,0.2299083247080351,-0.2,2.732280399727365,0.4924489859325456
2020-08,8,2021-04,2020-09-09T21:59:00+00:00,CORE_LEVELPHASE_FIXED080_R29B,0.32025772822020676,0.5272407732864748,3.0630630630630717,4.089666783294431,2.54397252197262,1.585936324010772,0.6583750315384757,0.3,3.3884976087202374,0.7919998839123935
2020-08,9,2021-05,2020-09-09T21:59:00+00:00,CORE_LEVELPHASE_FIXED080_R29B,0.38811231243286276,0.1748251748251661,2.872531418312392,4.118449974520935,2.9313336216423105,1.76060885750493,0.4096340623397814,0.4,3.7972949549393915,1.1912020108661387
2020-08,10,2021-06,2020-09-09T21:59:00+00:00,CORE_LEVELPHASE_FIXED080_R29B,0.2874974133750925,0.523560209424101,2.765388046387192,3.7657588198920156,3.218418551600898,2.2828032556201148,0.4744449937084453,0.9,4.270618005656298,2.087176148013329
2020-08,11,2021-07,2020-09-09T21:59:00+00:00,CORE_LEVELPHASE_FIXED080_R29B,0.34645516734565207,1.041666666666674,3.3747779751332514,3.6628927107489195,3.564274945620517,3.31908195917478,0.835700294530541,1.5,5.102845659109237,3.5760373973883945
2020-08,12,2021-08,2020-09-09T21:59:00+00:00,CORE_LEVELPHASE_FIXED080_R29B,0.12073532371713795,0.6872852233676952,4.085257548845505,3.753672950496582,3.6849374428579864,4.004016143732257,0.3936885335118015,1.0,5.495761267262145,4.571070482705203
2020-08,1,2020-09,2020-09-09T21:59:00+00:00,CORE_LEVELPHASE_PANEL_R29B,-0.15587731865157642,-0.6216696269982114,3.2287822878228734,3.7469857872154115,-0.15599893374058316,-0.6236100387710334,-0.26072851371855527,-0.8,-0.2610690024708293,-0.803217169726426
2020-08,2,2020-10,2020-09-09T21:59:00+00:00,CORE_LEVELPHASE_PANEL_R29B,0.30905948619581713,0.1787310098301908,2.9384756657483617,3.589812898311652,0.15258394537229944,-0.44503856274758025,0.5659067929486234,0.5,0.30324255352612084,-0.3044630186225186
2020-08,3,2020-11,2020-09-09T21:59:00+00:00,CORE_LEVELPHASE_PANEL_R29B,0.10153393353069964,0.0,2.655677655677633,3.4101153592325293,0.25406636806907673,-0.44503856274758025,0.15247868659598754,0.0,0.45560510940751586,-0.3044630186225186
2020-08,4,2020-12,2020-09-09T21:59:00+00:00,CORE_LEVELPHASE_PANEL_R29B,0.16007601558203272,-0.1784121320249632,2.285191956124307,3.3862979575469314,0.4140143985613704,-0.6236100387710335,0.32113127902162636,0.0,0.7762218631773827,-0.3044630186225186
2020-08,5,2021-01,2020-09-09T21:59:00+00:00,CORE_LEVELPHASE_PANEL_R29B,1.0009916032422947,1.3404825737265424,2.162162162162171,2.9160158686410154,1.4100292644471082,0.7079675588061821,0.5220447788452518,0.7,1.2969087122178524,0.3930983550200055
2020-08,6,2021-02,2020-09-09T21:59:00+00:00,CORE_LEVELPHASE_PANEL_R29B,0.3099820258576723,0.1763668430335041,2.066486972147356,2.9567754642538406,1.7195318365810606,0.8841790581461044,0.49132909551095927,0.3,1.787034725447912,0.6926492529998534
2020-08,7,2021-03,2020-09-09T21:59:00+00:00,CORE_LEVELPHASE_PANEL_R29B,0.1035149688361436,0.1760563380281743,2.33812949640288,3.15603400801903,1.8229932656179573,1.060080598664067,0.1390598295214245,-0.2,1.9259979563313014,0.4924489859325456
2020-08,8,2021-04,2020-09-09T21:59:00+00:00,CORE_LEVELPHASE_PANEL_R29B,0.2846775391268213,0.5272407732864748,3.0630630630630717,3.636091915863423,2.107266365621443,1.585936324010772,0.5868507729236079,0.3,2.51113346751943,0.7919998839123935
2020-08,9,2021-05,2020-09-09T21:59:00+00:00,CORE_LEVELPHASE_PANEL_R29B,0.3649807563947979,0.1748251748251661,2.872531418312392,3.6408631202153576,2.4715826834779806,1.76060885750493,0.3631343826475666,0.4,2.8736101091093866,1.1912020108661387
2020-08,10,2021-06,2020-09-09T21:59:00+00:00,CORE_LEVELPHASE_PANEL_R29B,0.2767226775341893,0.523560209424101,2.765388046387192,3.2786924471994237,2.747923188686845,2.2828032556201148,0.45278532824773204,0.9,3.3253734483726434,2.087176148013329
2020-08,11,2021-07,2020-09-09T21:59:00+00:00,CORE_LEVELPHASE_PANEL_R29B,0.3480609991396174,1.041666666666674,3.3747779751332514,3.177960299155448,3.0953798574171763,3.31908195917478,0.8389283810430127,1.5,4.1608023835474786,3.5760373973883945
2020-08,12,2021-08,2020-09-09T21:59:00+00:00,CORE_LEVELPHASE_PANEL_R29B,0.12233411637181954,0.6872852233676952,4.085257548845505,3.2699649264754633,3.217639206579844,4.004016143732257,0.39690246975606547,1.0,4.556919273422284,4.571070482705203
2020-09,1,2020-10,2020-10-11T21:59:00+00:00,CORE_LEVELPHASE_FIXED040_R29B,0.2214481956994793,0.1787310098301908,2.9384756657483617,3.2335232683934594,0.22120336057127807,0.17857147602345314,0.4493579724384948,0.5,0.4483513738623302,0.49875415110390736
2020-09,2,2020-11,2020-10-11T21:59:00+00:00,CORE_LEVELPHASE_FIXED040_R29B,0.03667629916351705,0.0,2.655677655677633,2.987672906685345,0.2578729356242465,0.17857147602345314,0.04710093972543569,0.0,0.495441224577033,0.49875415110390736
2020-09,3,2020-12,2020-10-11T21:59:00+00:00,CORE_LEVELPHASE_FIXED040_R29B,0.10267103290625104,-0.1784121320249632,2.285191956124307,2.90494082663019,0.36049129787409584,-1.3010426069826053e-16,0.2252530792754078,0.0,0.7204409894315285,0.49875415110390736
2020-09,4,2021-01,2020-10-11T21:59:00+00:00,CORE_LEVELPHASE_FIXED040_R29B,0.9503709474465896,1.3404825737265424,2.162162162162171,2.3855080356581646,1.306374630883295,1.3315775975772155,0.43446650931595704,0.7,1.153966417811954,1.1963155247464314
2020-09,5,2021-02,2020-10-11T21:59:00+00:00,CORE_LEVELPHASE_FIXED040_R29B,0.25282530112127427,0.1763668430335041,2.066486972147356,2.3676950585496783,1.5588808665125093,1.5077890969171377,0.38780145583269326,0.3,1.5410178622104165,1.4958664227262792
2020-09,6,2021-03,2020-10-11T21:59:00+00:00,CORE_LEVELPHASE_FIXED040_R29B,0.031274052288322016,0.1760563380281743,2.33812949640288,2.4917956547993385,1.590150029488463,1.6836906374351,0.0189111859642789,-0.2,1.5599272602353327,1.2956661556589715
2020-09,7,2021-04,2020-10-11T21:59:00+00:00,CORE_LEVELPHASE_FIXED040_R29B,0.2159470910134726,0.5272407732864748,3.0630630630630717,2.89819239740559,1.805864289905033,2.209546362781805,0.44849066093382944,0.3,2.0074151987641633,1.5952170536388195
2020-09,8,2021-05,2020-10-11T21:59:00+00:00,CORE_LEVELPHASE_FIXED040_R29B,0.2849105451023876,0.1748251748251661,2.872531418312392,2.8208346679306606,2.0903697341814387,2.384218896275963,0.20202561252322193,0.4,2.2092370139824835,1.9944191805925648
2020-09,9,2021-06,2020-10-11T21:59:00+00:00,CORE_LEVELPHASE_FIXED040_R29B,0.18490656347444606,0.523560209424101,2.765388046387192,2.3677129828669865,2.275105555912532,2.9064132943911476,0.26800090638505913,0.9,2.4768794382857395,2.8903933177397554
2020-09,10,2021-07,2020-10-11T21:59:00+00:00,CORE_LEVELPHASE_FIXED040_R29B,0.24398061707299928,1.041666666666674,3.3747779751332514,2.1617977569530282,2.5187890235046124,3.942691997945813,0.6295003977585494,1.5,3.1044067583159487,4.37925456711482
2020-09,11,2021-08,2020-10-11T21:59:00+00:00,CORE_LEVELPHASE_FIXED040_R29B,0.009437077158993896,0.6872852233676952,4.085257548845505,2.1714388446343675,2.5282256553994924,4.62762618250329,0.14960120322896725,1.0,3.2538961704248965,5.3742876524316285
2020-09,12,2021-09,2020-10-11T21:59:00+00:00,CORE_LEVELPHASE_FIXED040_R29B,-0.14818597250493212,0.1706484641638139,4.915102770330665,2.4084761187586268,2.3799297788940312,4.798129207611665,-0.38903607990352557,0.2,2.8641013767445394,5.574087918698934
2020-09,1,2020-10,2020-10-11T21:59:00+00:00,CORE_LEVELPHASE_FIXED060_R29B,0.2400848394729995,0.1787310098301908,2.9384756657483617,3.2527200215164207,0.23979709628210244,0.17857147602345314,0.4868218579021679,0.5,0.48564071212825793,0.49875415110390736
2020-09,2,2020-11,2020-10-11T21:59:00+00:00,CORE_LEVELPHASE_FIXED060_R29B,0.055238311090946984,0.0,2.655677655677633,3.0259370717496585,0.29502015663389725,0.17857147602345314,0.0844147982331909,0.0,0.5700199011088884,0.49875415110390736
2020-09,3,2020-12,2020-10-11T21:59:00+00:00,CORE_LEVELPHASE_FIXED060_R29B,0.12118822042348278,-0.1784121320249632,2.285191956124307,2.962216882665439,0.416135003407697,-1.3010426069826053e-16,0.2624768305412127,0.0,0.8321528628031833,0.49875415110390736
2020-09,4,2021-01,2020-10-11T21:59:00+00:00,CORE_LEVELPHASE_FIXED060_R29B,0.9688487484336841,1.3404825737265424,2.162162162162171,2.461245896692119,1.380320508014532,1.3315775975772155,0.4716110847134133,0.7,1.3026553465972799,1.1963155247464314
2020-09,5,2021-02,2020-10-11T21:59:00+00:00,CORE_LEVELPHASE_FIXED060_R29B,0.27121651320948686,0.1763668430335041,2.066486972147356,2.4622128157022303,1.651169892897449,1.5077890969171377,0.42477196788325305,0.3,1.726527704983285,1.4958664227262792
2020-09,6,2021-03,2020-10-11T21:59:00+00:00,CORE_LEVELPHASE_FIXED060_R29B,0.04956941128694991,0.1760563380281743,2.33812949640288,2.605190683483117,1.7007270226101574,1.6836906374351,0.0556890115411806,-0.2,1.7822012159489113,1.2956661556589715
2020-09,7,2021-04,2020-10-11T21:59:00+00:00,CORE_LEVELPHASE_FIXED060_R29B,0.2342926350694965,0.5272407732864748,3.0630630630630717,3.030894452576869,1.9347456204346698,2.209546362781805,0.48536936987069224,0.3,2.2663964663716194,1.5952170536388195
2020-09,8,2021-05,2020-10-11T21:59:00+00:00,CORE_LEVELPHASE_FIXED060_R29B,0.30318275217886614,0.1748251748251661,2.872531418312392,2.972195379631684,2.237469700549983,2.384218896275963,0.23875689747992346,0.4,2.5048687924369846,1.9944191805925648
2020-09,9,2021-06,2020-10-11T21:59:00+00:00,CORE_LEVELPHASE_FIXED060_R29B,0.20317336517738685,0.523560209424101,2.765388046387192,2.5370989330581866,2.4404369477830734,2.9064132943911476,0.3047213253136515,0.9,2.8091267833340194,2.8903933177397554
2020-09,10,2021-07,2020-10-11T21:59:00+00:00,CORE_LEVELPHASE_FIXED060_R29B,0.26229577760372724,1.041666666666674,3.3747779751332514,2.3495394255199082,2.7023893303547686,3.942691997945813,0.6663180289109408,1.5,3.4732347257047413,4.37925456711482
2020-09,11,2021-08,2020-10-11T21:59:00+00:00,CORE_LEVELPHASE_FIXED060_R29B,0.027647477606603903,0.6872852233676952,4.085257548845505,2.3778364915130408,2.7300329867505786,4.62762618250329,0.1862082428283521,1.0,3.659269815900935,5.3742876524316285
2020-09,12,2021-09,2020-10-11T21:59:00+00:00,CORE_LEVELPHASE_FIXED060_R29B,-0.1300735135419013,0.1706484641638139,4.915102770330665,2.633966353832899,2.5998748041847715,4.798129207611665,-0.352625924925911,0.2,3.3060207003078235,5.574087918698934
2020-09,1,2020-10,2020-10-11T21:59:00+00:00,CORE_LEVELPHASE_FIXED080_R29B,0.25872843402352674,0.1787310098301908,2.9384756657483617,3.271923934316405,0.2583943082055758,0.17857147602345314,0.5242997160058099,0.5,0.5229300503941858,0.49875415110390736
2020-09,2,2020-11,2020-10-11T21:59:00+00:00,CORE_LEVELPHASE_FIXED080_R29B,0.07380724596047296,0.0,2.655677655677633,3.0642226189336537,0.3321743300130422,0.17857147602345314,0.12174257342642386,0.0,0.6445985776407441,0.49875415110390736
2020-09,3,2020-12,2020-10-11T21:59:00+00:00,CORE_LEVELPHASE_FIXED080_R29B,0.13971228524120619,-0.1784121320249632,2.285191956124307,3.0195355316140313,0.471789108449769,-1.3010426069826053e-16,0.2997144067425076,0.0,0.9438647361748385,0.49875415110390736
2020-09,4,2021-01,2020-10-11T21:59:00+00:00,CORE_LEVELPHASE_FIXED080_R29B,0.9873333832308819,1.3404825737265424,2.162162162162171,2.537053951442142,1.4542802025698425,1.3315775975772155,0.5087693976208043,0.7,1.451344275382606,1.1963155247464314
2020-09,5,2021-02,2020-10-11T21:59:00+00:00,CORE_LEVELPHASE_FIXED080_R29B,0.2896144983569584,0.1763668430335041,2.066486972147356,2.5568354894157377,1.74347612611266,1.5077890969171377,0.4617560953207568,0.3,1.9120375477561538,1.4958664227262792
2020-09,6,2021-03,2020-10-11T21:59:00+00:00,CORE_LEVELPHASE_FIXED080_R29B,0.06787149764857489,0.1760563380281743,2.33812949640288,2.718732315745109,1.8113246014767266,1.6836906374351,0.09248036064516463,-0.2,2.0044751716624902,1.2956661556589715
2020-09,7,2021-04,2020-10-11T21:59:00+00:00,CORE_LEVELPHASE_FIXED080_R29B,0.25264491451771076,0.5272407732864748,3.0630630630630717,3.163792358331588,2.063650905253339,2.209546362781805,0.522261618475139,0.3,2.525377733979076,1.5952170536388195
2020-09,8,2021-05,2020-10-11T21:59:00+00:00,CORE_LEVELPHASE_FIXED080_R29B,0.32146165733994736,0.1748251748251661,2.872531418312392,3.1238070722385847,2.384596979247278,2.384218896275963,0.275501647107487,0.4,2.8005005708914865,1.9944191805925648
2020-09,9,2021-06,2020-10-11T21:59:00+00:00,CORE_LEVELPHASE_FIXED080_R29B,0.22144685659793412,0.523560209424101,2.765388046387192,2.706796657060009,2.605799003675866,2.9064132943911476,0.3414551920935435,0.9,3.1413741283823002,2.8903933177397554
2020-09,10,2021-07,2020-10-11T21:59:00+00:00,CORE_LEVELPHASE_FIXED080_R29B,0.2806176391597237,1.041666666666674,3.3747779751332514,2.5376609773998138,2.886023646578094,3.942691997945813,0.7031491306456001,1.5,3.842062693093534,4.37925456711482
2020-09,11,2021-08,2020-10-11T21:59:00+00:00,CORE_LEVELPHASE_FIXED080_R29B,0.045864534384766335,0.6872852233676952,4.085257548845505,2.584689398176128,2.931877666400136,4.62762618250329,0.22282866316347752,1.0,4.064643461376973,5.3742876524316285
2020-09,12,2021-09,2020-10-11T21:59:00+00:00,CORE_LEVELPHASE_FIXED080_R29B,-0.11195443404823896,0.1706484641638139,4.915102770330665,2.8599949400023803,2.8198605165622737,4.798129207611665,-0.3162024611785253,0.2,3.7479400238711076,5.574087918698934
2020-09,1,2020-10,2020-10-11T21:59:00+00:00,CORE_LEVELPHASE_PANEL_R29B,0.231342080753116,0.1787310098301908,2.9384756657483617,3.2437145062101895,0.2310748969545093,0.17857147602345314,0.46924692781826377,0.5,0.46814939650399334,0.49875415110390736
2020-09,2,2020-11,2020-10-11T21:59:00+00:00,CORE_LEVELPHASE_PANEL_R29B,0.04653056340798168,0.0,2.655677655677633,3.0079858322415807,0.27759463825276465,0.17857147602345314,0.0669102482828026,0.0,0.5350372698603592,0.49875415110390736
2020-09,3,2020-12,2020-10-11T21:59:00+00:00,CORE_LEVELPHASE_PANEL_R29B,0.11062914444225824,-0.1784121320249632,2.285191956124307,2.9334199385348194,0.3881626337519025,-1.3010426069826053e-16,0.24125069036435948,0.0,0.7759974179430614,0.49875415110390736
2020-09,4,2021-01,2020-10-11T21:59:00+00:00,CORE_LEVELPHASE_PANEL_R29B,0.956428049849089,1.3404825737265424,2.162162162162171,2.419988305593294,1.3400458661546806,1.3315775975772155,0.4466426604194835,0.7,1.2216455901382375,1.1963155247464314
2020-09,5,2021-02,2020-10-11T21:59:00+00:00,CORE_LEVELPHASE_PANEL_R29B,0.25696293259212694,0.1763668430335041,2.066486972147356,2.406395668755873,1.5966792134903989,1.5077890969171377,0.3961190345447552,0.3,1.6169821389379944,1.4958664227262792
2020-09,6,2021-03,2020-10-11T21:59:00+00:00,CORE_LEVELPHASE_PANEL_R29B,0.040095177104715565,0.1760563380281743,2.33812949640288,2.5395847013852904,1.636766354626931,1.6836906374351,0.0366436496953121,-0.2,1.6536190764876582,1.2956661556589715
2020-09,7,2021-04,2020-10-11T21:59:00+00:00,CORE_LEVELPHASE_PANEL_R29B,0.2295254265320285,0.5272407732864748,3.0630630630630717,2.9601191910227653,1.8660287739206112,2.209546362781805,0.4757861983082833,0.3,2.1282769896646894,1.5952170536388195
2020-09,8,2021-05,2020-10-11T21:59:00+00:00,CORE_LEVELPHASE_PANEL_R29B,0.3031637533115337,0.1748251748251661,2.872531418312392,2.9014409493552034,2.1687339125939773,2.384218896275963,0.23871870544286303,0.4,2.366711214654664,1.9944191805925648
2020-09,9,2021-06,2020-10-11T21:59:00+00:00,CORE_LEVELPHASE_PANEL_R29B,0.2095105978173567,0.523560209424101,2.765388046387192,2.4731238501554773,2.3780253430242273,2.9064132943911476,0.3174606017984988,0.9,2.6836689742209456,2.8903933177397554
2020-09,10,2021-07,2020-10-11T21:59:00+00:00,CORE_LEVELPHASE_PANEL_R29B,0.2750358266276641,1.041666666666674,3.3747779751332514,2.2986785199558555,2.6526836381949983,3.942691997945813,0.6919284200969607,1.5,3.3732145550055517,4.37925456711482
2020-09,11,2021-08,2020-10-11T21:59:00+00:00,CORE_LEVELPHASE_PANEL_R29B,0.04667711677936317,0.6872852233676952,4.085257548845505,2.346428593592361,2.699349864596952,4.62762618250329,0.22446213827471118,1.0,3.597425153360267,5.3742876524316285
2020-09,12,2021-09,2020-10-11T21:59:00+00:00,CORE_LEVELPHASE_PANEL_R29B,-0.11114622198730385,0.1706484641638139,4.915102770330665,2.621925042845591,2.588141829390054,4.798129207611665,-0.31457777143024274,0.2,3.282351545925677,5.574087918698934
2020-10,1,2020-11,2020-11-09T22:59:00+00:00,CORE_LEVELPHASE_FIXED040_R29B,0.012422268927704259,0.0,2.655677655677633,2.6733692958469426,0.0124214974277689,0.0,-0.028462940969793286,0.0,-0.02846699243363195,0.0
2020-10,2,2020-12,2020-11-09T22:59:00+00:00,CORE_LEVELPHASE_FIXED040_R29B,0.07383076918920153,-0.1784121320249632,2.285191956124307,2.56133256571516,0.08622502511215882,-0.17857147602345325,0.15636246308328225,0.0,0.1277733518324298,0.0
2020-10,3,2021-01,2020-11-09T22:59:00+00:00,CORE_LEVELPHASE_FIXED040_R29B,0.8960871615879389,1.3404825737265424,2.162162162162171,1.9887625410374106,0.9783211500861816,1.1530061215537624,0.3676344712258309,0.7,0.4947336992386029,0.6975613736425241
2020-10,4,2021-02,2020-11-09T22:59:00+00:00,CORE_LEVELPHASE_FIXED040_R29B,0.2254084647250807,0.1763668430335041,2.066486972147356,1.9431318668547475,1.2034759510462962,1.3292176208936846,0.32203559159340095,0.3,0.8162518667828684,0.997112271622372
2020-10,5,2021-03,2020-11-09T22:59:00+00:00,CORE_LEVELPHASE_FIXED040_R29B,0.005531866995211483,0.1760563380281743,2.33812949640288,2.0404517749834232,1.2090076650393882,1.5051191614116473,-0.04621340028377028,-0.2,0.7700277848162299,0.7969120045550643
2020-10,6,2021-04,2020-11-09T22:59:00+00:00,CORE_LEVELPHASE_FIXED040_R29B,0.18653296395644312,0.5272407732864748,3.0630630630630717,2.414990477274409,1.3953668723047357,2.030974886758352,0.3847525518749083,0.3,1.1540420571539114,1.0964629025349122
2020-10,7,2021-05,2020-11-09T22:59:00+00:00,CORE_LEVELPHASE_FIXED040_R29B,0.25549345669130846,0.1748251748251661,2.872531418312392,2.3079766831620394,1.6505344993283033,2.20564742025251,0.139509969397423,0.4,1.2934548018084957,1.4956650294886575
2020-10,8,2021-06,2020-11-09T22:59:00+00:00,CORE_LEVELPHASE_FIXED040_R29B,0.15999674063676067,0.523560209424101,2.765388046387192,1.8317895164593379,1.810403381541364,2.7278418183676947,0.20609943873675843,0.9,1.4993421470177337,2.391639166635848
2020-10,9,2021-07,2020-11-09T22:59:00+00:00,CORE_LEVELPHASE_FIXED040_R29B,0.22629820126605735,1.041666666666674,3.3747779751332514,1.609025950631279,2.0364459140711233,3.764120521922361,0.5680937873358122,1.5,2.0658283670505657,3.8805004160109133
2020-10,10,2021-08,2020-11-09T22:59:00+00:00,CORE_LEVELPHASE_FIXED040_R29B,-0.014642917825979932,0.6872852233676952,4.085257548845505,1.5941474244575489,2.0218019240652643,4.4490547064798385,0.08889702951102225,1.0,2.1546859065542048,4.8755335013277215
2020-10,11,2021-09,2020-11-09T22:59:00+00:00,CORE_LEVELPHASE_FIXED040_R29B,-0.26392003369896117,0.1706484641638139,4.915102770330665,1.9598736827501493,1.75753300746225,4.619557731588213,-0.5096720729415358,0.2,1.6437105753882646,5.075333767595027
2020-10,12,2021-10,2020-11-09T22:59:00+00:00,CORE_LEVELPHASE_FIXED040_R29B,0.28827422151953375,1.0221465076660996,5.798394290811807,2.066454020098798,2.045392515664375,5.636515648551113,0.387252450334109,1.3,2.0302151336194423,6.36695629424966
2020-10,1,2020-11,2020-11-09T22:59:00+00:00,CORE_LEVELPHASE_FIXED060_R29B,0.011881040751944946,0.0,2.655677655677633,2.6728136676649386,0.01188033501219713,0.0,-0.029492901067701274,0.0,-0.02949725107908561,0.0
2020-10,2,2020-12,2020-11-09T22:59:00+00:00,CORE_LEVELPHASE_FIXED060_R29B,0.07328854040147598,-0.1784121320249632,2.285191956124307,2.5602218400518084,0.08514203247729905,-0.17857147602345325,0.15533059881547906,0.0,0.12571283454152263,0.0
2020-10,3,2021-01,2020-11-09T22:59:00+00:00,CORE_LEVELPHASE_FIXED060_R29B,0.8960975583110026,1.3404825737265424,2.162162162162171,1.9876685254344253,0.9772484618375673,1.1530061215537624,0.36765425624513376,0.7,0.4926928944949297,0.6975613736425241
2020-10,4,2021-02,2020-11-09T22:59:00+00:00,CORE_LEVELPHASE_FIXED060_R29B,0.2259723802488345,0.1763668430335041,2.066486972147356,1.9426119148188894,1.2029659084840107,1.3292176208936846,0.3231087258352435,0.3,0.8152807457791167,0.997112271622372
2020-10,5,2021-03,2020-11-09T22:59:00+00:00,CORE_LEVELPHASE_FIXED060_R29B,0.006645210084677143,0.1760563380281743,2.33812949640288,2.0410673182582486,1.2096108977843836,1.5051191614116473,-0.04409470246131771,-0.2,0.7711763187450872,0.7969120045550643
2020-10,6,2021-04,2020-11-09T22:59:00+00:00,CORE_LEVELPHASE_FIXED060_R29B,0.18785259733378346,0.5272407732864748,3.0630630630630717,2.416957274127688,1.3972872727841825,2.030974886758352,0.38726382121269043,0.3,1.157692203990064,1.0964629025349122
2020-10,7,2021-05,2020-11-09T22:59:00+00:00,CORE_LEVELPHASE_FIXED060_R29B,0.2570108646320552,0.1748251748251661,2.872531418312392,2.311489927754062,1.6539684292965084,2.20564742025251,0.1423976047815661,0.4,1.2999885195266299,1.4956650294886575
2020-10,8,2021-06,2020-11-09T22:59:00+00:00,CORE_LEVELPHASE_FIXED060_R29B,0.1617162904916431,0.523560209424101,2.765388046387192,1.8370347201153774,1.815554099798673,2.7278418183676947,0.2093717512589357,0.9,1.5091413935925357,2.391639166635848
2020-10,9,2021-07,2020-11-09T22:59:00+00:00,CORE_LEVELPHASE_FIXED060_R29B,0.22814814821264967,1.041666666666674,3.3747779751332514,1.616135245591375,2.0434423852965846,3.764120521922361,0.571614246217251,1.5,2.0791281247041757,3.8805004160109133
2020-10,10,2021-08,2020-11-09T22:59:00+00:00,CORE_LEVELPHASE_FIXED060_R29B,-0.012678191907296747,0.6872852233676952,4.085257548845505,1.6032521569561604,2.030763389638603,4.4490547064798385,0.09263591338699621,1.0,2.1717211575087627,4.8755335013277215
2020-10,11,2021-09,2020-11-09T22:59:00+00:00,CORE_LEVELPHASE_FIXED060_R29B,-0.2618442026442895,0.1706484641638139,4.915102770330665,1.9711334967401444,1.7685757754622402,4.619557731588213,-0.505721755400675,0.2,1.6647163018659108,5.075333767595027
2020-10,12,2021-10,2020-11-09T22:59:00+00:00,CORE_LEVELPHASE_FIXED060_R29B,0.29036876659211963,1.0221465076660996,5.798394290811807,2.0798575223592906,2.058523786250143,5.636515648551113,0.3912383807506226,1.3,2.0551913356201768,6.36695629424966
2020-10,1,2020-11,2020-11-09T22:59:00+00:00,CORE_LEVELPHASE_FIXED080_R29B,0.011339818152206983,0.0,2.655677655677633,2.6722580452073132,0.011339175243431022,0.0,-0.030522850554410966,0.0,-0.030527509724539277,0.0
2020-10,2,2020-12,2020-11-09T22:59:00+00:00,CORE_LEVELPHASE_FIXED080_R29B,0.07274631720008054,-0.1784121320249632,2.285191956124307,2.5591111318461897,0.0840590451356984,-0.17857147602345325,0.1542987451784918,0.0,0.1236523172506152,0.0
2020-10,3,2021-01,2020-11-09T22:59:00+00:00,CORE_LEVELPHASE_FIXED080_R29B,0.8961079550361157,1.3404825737265424,2.162162162162171,1.9865745269661554,0.9761757788831819,1.1530061215537624,0.3676740412683366,0.7,0.490652089751256,0.6975613736425241
2020-10,4,2021-02,2020-11-09T22:59:00+00:00,CORE_LEVELPHASE_FIXED080_R29B,0.22653630180473325,0.1763668430335041,2.066486972147356,1.94209197374028,1.202455874068781,1.3292176208936846,0.32418187155628997,0.3,0.8143096247753645,0.997112271622372
2020-10,5,2021-03,2020-11-09T22:59:00+00:00,CORE_LEVELPHASE_FIXED080_R29B,0.007758576773424627,0.1760563380281743,2.33812949640288,2.0416828849921522,1.2102141498802046,1.5051191614116473,-0.04197595972930628,-0.2,0.7723248526739441,0.7969120045550643
2020-10,6,2021-04,2020-11-09T22:59:00+00:00,CORE_LEVELPHASE_FIXED080_R29B,0.1891722637236557,0.5272407732864748,3.0630630630630717,2.4189241445491123,1.3992077082155747,2.030974886758352,0.3897751533734964,0.3,1.1613423508262164,1.0964629025349122
2020-10,7,2021-05,2020-11-09T22:59:00+00:00,CORE_LEVELPHASE_FIXED080_R29B,0.2585283163289663,0.1748251748251661,2.872531418312392,2.3150033499676024,1.657402414952625,2.20564742025251,0.14528532343392286,0.4,1.306522237244764,1.4956650294886575
2020-10,8,2021-06,2020-11-09T22:59:00+00:00,CORE_LEVELPHASE_FIXED080_R29B,0.16343589649983914,0.523560209424101,2.765388046387192,1.842280277736286,1.8207049003324667,2.7278418183676947,0.21264417064116753,0.9,1.5189406401673378,2.391639166635848
2020-10,9,2021-07,2020-11-09T22:59:00+00:00,CORE_LEVELPHASE_FIXED080_R29B,0.22999815991797318,1.041666666666674,3.3747779751332514,1.623245152619182,2.050438969341249,3.764120521922361,0.5751348283348998,1.5,2.0924278823577858,3.8805004160109133
2020-10,10,2021-08,2020-11-09T22:59:00+00:00,CORE_LEVELPHASE_FIXED080_R29B,-0.01071339259503769,0.6872852233676952,4.085257548845505,1.6123578553981637,2.039725002821315,4.4490547064798385,0.09637493693133552,1.0,2.188756408463321,4.8755335013277215
2020-10,11,2021-09,2020-11-09T22:59:00+00:00,CORE_LEVELPHASE_FIXED080_R29B,-0.2597682891676176,0.1706484641638139,4.915102770330665,1.9823947448283368,1.7796187303909712,4.619557731588213,-0.5017712810103094,0.2,1.6857220283435574,5.075333767595027
2020-10,12,2021-10,2020-11-09T22:59:00+00:00,CORE_LEVELPHASE_FIXED080_R29B,0.2924633948297559,1.0221465076660996,5.798394290811807,2.0932630157549172,2.071655283069664,5.636515648551113,0.3952244694306697,1.3,2.080167537620912,6.36695629424966
2020-10,1,2020-11,2020-11-09T22:59:00+00:00,CORE_LEVELPHASE_PANEL_R29B,0.012219098729737072,0.0,2.655677655677633,2.6731607200691285,0.012218352258675643,0.0,-0.028849574937429383,0.0,-0.028853737227854382,0.0
2020-10,2,2020-12,2020-11-09T22:59:00+00:00,CORE_LEVELPHASE_PANEL_R29B,0.0736272233741834,-0.1784121320249632,2.285191956124307,2.560915612672714,0.08581848408976846,-0.17857147602345325,0.15597511431439984,0.0,0.126999862243985,0.0
2020-10,3,2021-01,2020-11-09T22:59:00+00:00,CORE_LEVELPHASE_PANEL_R29B,0.8960343316006312,1.3404825737265424,2.162162162162171,1.9882945138186077,0.9778622482610829,1.1530061215537624,0.36753393547891877,0.7,0.4938600421033249,0.6975613736425241
2020-10,4,2021-02,2020-11-09T22:59:00+00:00,CORE_LEVELPHASE_PANEL_R29B,0.22550673569597945,0.1763668430335041,2.066486972147356,1.9427640037747391,1.2031150991311224,1.3292176208936846,0.32222260177384177,0.3,0.8155646193481467,0.997112271622372
2020-10,5,2021-03,2020-11-09T22:59:00+00:00,CORE_LEVELPHASE_PANEL_R29B,0.005780300080314135,0.1760563380281743,2.33812949640288,2.0403370480283463,1.208895232158529,1.5051191614116473,-0.04574063080110813,-0.2,0.7698135243294537,0.7969120045550643
2020-10,6,2021-04,2020-11-09T22:59:00+00:00,CORE_LEVELPHASE_PANEL_R29B,0.18725467468309218,0.5272407732864748,3.0630630630630717,2.415613092184717,1.3959748038339694,2.030974886758352,0.3861259712273614,0.3,1.1551959426478446,1.0964629025349122
2020-10,7,2021-05,2020-11-09T22:59:00+00:00,CORE_LEVELPHASE_PANEL_R29B,0.25668446134811623,0.1748251748251661,2.872531418312392,2.309814042419488,1.6523303932737736,2.20564742025251,0.14177645759570207,0.4,1.2968719923159027,1.4956650294886575
2020-10,8,2021-06,2020-11-09T22:59:00+00:00,CORE_LEVELPHASE_PANEL_R29B,0.16165991181769718,0.523560209424101,2.765388046387192,1.8353092857320268,1.8138597761124462,2.7278418183676947,0.20926446234247123,0.9,1.5059178015713783,2.391639166635848
2020-10,9,2021-07,2020-11-09T22:59:00+00:00,CORE_LEVELPHASE_PANEL_R29B,0.228801220563903,1.041666666666674,3.3747779751332514,1.6150756589878135,2.0423996452579316,3.764120521922361,0.5728570463761566,1.5,2.0771402615608094,3.8805004160109133
2020-10,10,2021-08,2020-11-09T22:59:00+00:00,CORE_LEVELPHASE_PANEL_R29B,-0.011321945315901263,0.6872852233676952,4.085257548845505,1.603570855688991,2.03107705896142,4.4490547064798385,0.09521685786591459,1.0,2.1723118169314093,4.8755335013277215
2020-10,11,2021-09,2020-11-09T22:59:00+00:00,CORE_LEVELPHASE_PANEL_R29B,-0.2597939919805419,0.1706484641638139,4.915102770330665,1.9735494675801606,1.7709450167731808,4.619557731588213,-0.5018201936000483,0.2,1.6692282775427913,5.075333767595027
2020-10,12,2021-10,2020-11-09T22:59:00+00:00,CORE_LEVELPHASE_PANEL_R29B,0.2924374603010085,1.0221465076660996,5.798394290811807,2.084381724621505,2.062955710547602,5.636515648551113,0.39517511588448667,1.3,2.0636246275512913,6.36695629424966
2020-11,1,2020-12,2020-12-09T22:59:00+00:00,CORE_LEVELPHASE_FIXED040_R29B,0.06882898977671822,-0.1784121320249632,2.285191956124307,2.6751096931574363,0.06880531349102573,-0.17857147602345325,0.1721493044228521,0.0,0.1720012973455428,0.0
2020-11,2,2021-01,2020-12-09T22:59:00+00:00,CORE_LEVELPHASE_FIXED040_R29B,0.8739375462376572,1.3404825737265424,2.162162162162171,2.079490156741335,0.9389461302161348,1.1530061215537624,0.3847578536626704,0.7,0.5560208511502671,0.6975613736425241
2020-11,3,2021-02,2020-12-09T22:59:00+00:00,CORE_LEVELPHASE_FIXED040_R29B,0.2289905753916246,0.1763668430335041,2.066486972147356,2.037465634460904,1.1676749217537357,1.3292176208936846,0.3391982461371967,0.3,0.894645117622964,0.997112271622372
2020-11,4,2021-03,2020-12-09T22:59:00+00:00,CORE_LEVELPHASE_FIXED040_R29B,0.008802409577860524,0.1760563380281743,2.33812949640288,2.1382157780496547,1.1764769439422573,1.5051191614116473,-0.028770685311216855,-0.2,0.865870292756076,0.7969120045550643
2020-11,5,2021-04,2020-12-09T22:59:00+00:00,CORE_LEVELPHASE_FIXED040_R29B,0.19482684156818147,0.5272407732864748,3.0630630630630717,2.521599804438867,1.3711142441644788,2.030974886758352,0.40084088716956046,0.3,1.2659099532239741,1.0964629025349122
2020-11,6,2021-05,2020-12-09T22:59:00+00:00,CORE_LEVELPHASE_FIXED040_R29B,0.25390089661944515,0.1748251748251661,2.872531418312392,2.4128477583337022,1.6246933570168942,2.20564742025251,0.15535618096146608,0.4,1.4211455813120346,1.4956650294886575
2020-11,7,2021-06,2020-12-09T22:59:00+00:00,CORE_LEVELPHASE_FIXED040_R29B,0.17046079914637574,0.523560209424101,2.765388046387192,1.9468220963380596,1.7950090366342426,2.7278418183676947,0.22190525804236927,0.9,1.6428049932664246,2.391639166635848
2020-11,8,2021-07,2020-12-09T22:59:00+00:00,CORE_LEVELPHASE_FIXED040_R29B,0.24212084785138682,1.041666666666674,3.3747779751332514,1.7398659464691255,2.036837244227673,3.764120521922361,0.5835841493472101,1.5,2.2246928865051787,3.8805004160109133
2020-11,9,2021-08,2020-12-09T22:59:00+00:00,CORE_LEVELPHASE_FIXED040_R29B,-0.004503032873585996,0.6872852233676952,4.085257548845505,1.7352845668600139,2.0323341099645185,4.4490547064798385,0.10426722578818272,1.0,2.3289057917772116,4.8755335013277215
2020-11,10,2021-09,2020-12-09T22:59:00+00:00,CORE_LEVELPHASE_FIXED040_R29B,-0.2656071197110248,0.1706484641638139,4.915102770330665,2.0997918026576947,1.7663736287023064,4.619557731588213,-0.4943625943950573,0.2,1.8333171832024453,5.075333767595027
2020-11,11,2021-10,2020-12-09T22:59:00+00:00,CORE_LEVELPHASE_FIXED040_R29B,0.3167841365731599,1.0221465076660996,5.798394290811807,2.2404922822513123,2.082657061484321,5.636515648551113,0.42136258201027804,1.3,2.2537945189449298,6.36695629424966
2020-11,12,2021-11,2020-12-09T22:59:00+00:00,CORE_LEVELPHASE_FIXED040_R29B,0.06841110274060357,0.1686340640809414,5.976806422836781,2.174346519676563,2.151044774496873,5.8050076850430585,0.0013428885833325329,1.1,2.2551373985115943,7.460950298083096
2020-11,1,2020-12,2020-12-09T22:59:00+00:00,CORE_LEVELPHASE_FIXED060_R29B,0.07424026212600188,-0.1784121320249632,2.285191956124307,2.6806619014489814,0.07421271767527106,-0.17857147602345325,0.18201788824944054,0.0,0.1818524364287434,0.0
2020-11,2,2021-01,2020-12-09T22:59:00+00:00,CORE_LEVELPHASE_FIXED060_R29B,0.8793603036431338,1.3404825737265424,2.162162162162171,2.0904980185683106,0.9497291663871419,1.1530061215537624,0.3946473828848104,0.7,0.5757231293166682,0.6975613736425241
2020-11,3,2021-02,2020-12-09T22:59:00+00:00,CORE_LEVELPHASE_FIXED060_R29B,0.2347083165515083,0.1763668430335041,2.066486972147356,2.054290501067105,1.184162473199118,1.3292176208936846,0.34962573976399913,0.3,0.9247390991528954,0.997112271622372
2020-11,4,2021-03,2020-12-09T22:59:00+00:00,CORE_LEVELPHASE_FIXED060_R29B,0.014795538020411373,0.1760563380281743,2.33812949640288,2.161179002188005,1.198956916787753,1.5051191614116473,-0.01784096553345443,-0.2,0.9068965419298671,0.7969120045550643
2020-11,5,2021-04,2020-12-09T22:59:00+00:00,CORE_LEVELPHASE_FIXED060_R29B,0.2011433554167018,0.5272407732864748,3.0630630630630717,2.5511138749817026,1.3998982498150285,2.030974886758352,0.41236036768770173,0.3,1.3184090343219546,1.0964629025349122
2020-11,6,2021-05,2020-12-09T22:59:00+00:00,CORE_LEVELPHASE_FIXED060_R29B,0.26030997395317207,0.1748251748251661,2.872531418312392,2.448879501441812,1.6598700041745802,2.20564742025251,0.16704447030202108,0.4,1.4853141405271095,1.4956650294886575
2020-11,7,2021-06,2020-12-09T22:59:00+00:00,CORE_LEVELPHASE_FIXED060_R29B,0.17698221467923628,0.523560209424101,2.765388046387192,1.9893292758157561,1.8366957898727074,2.7278418183676947,0.23379841952084662,0.9,1.7188396767914995,2.391639166635848
2020-11,8,2021-07,2020-12-09T22:59:00+00:00,CORE_LEVELPHASE_FIXED060_R29B,0.24877426762593827,1.041666666666674,3.3747779751332514,1.7890424806344896,2.0851611265718377,3.764120521922361,0.5957180480942089,1.5,2.3127903405331596,3.8805004160109133
2020-11,9,2021-08,2020-12-09T22:59:00+00:00,CORE_LEVELPHASE_FIXED060_R29B,0.002185094219946889,0.6872852233676952,4.085257548845505,1.791266667118273,2.0873461969189484,4.4490547064798385,0.11646442057068965,1.0,2.429186993908899,4.8755335013277215
2020-11,10,2021-09,2020-12-09T22:59:00+00:00,CORE_LEVELPHASE_FIXED060_R29B,-0.25889297185901317,0.1706484641638139,4.915102770330665,2.16285165053747,1.828117517665133,4.619557731588213,-0.482117945331985,0.2,1.94590311103864,5.075333767595027
2020-11,11,2021-10,2020-12-09T22:59:00+00:00,CORE_LEVELPHASE_FIXED060_R29B,0.3236266968175042,1.0221465076660996,5.798394290811807,2.3106171135780724,2.1512216703794635,5.636515648551113,0.43384141785536956,1.3,2.3788061500864326,6.36695629424966
2020-11,12,2021-11,2020-12-09T22:59:00+00:00,CORE_LEVELPHASE_FIXED060_R29B,0.07522504347628775,0.1686340640809414,5.976806422836781,2.2513880946030507,2.226418434001388,5.8050076850430585,0.013769530784848587,1.1,2.3925747329584053,7.460950298083096
2020-11,1,2020-12,2020-12-09T22:59:00+00:00,CORE_LEVELPHASE_FIXED080_R29B,0.07965206757350853,-0.1784121320249632,2.285191956124307,2.6862146567232297,0.07962036214906522,-0.17857147602345325,0.19188744429183366,0.0,0.19170357551194403,0.0
2020-11,2,2021-01,2020-12-09T22:59:00+00:00,CORE_LEVELPHASE_FIXED080_R29B,0.8847835952782979,1.3404825737265424,2.162162162162171,2.101507558421893,0.9605126834334059,1.1530061215537624,0.4045378863862166,0.7,0.5954254074830696,0.6975613736425241
2020-11,3,2021-02,2020-12-09T22:59:00+00:00,CORE_LEVELPHASE_FIXED080_R29B,0.24042665191296572,0.1763668430335041,2.066486972147356,2.0711189056630492,1.2006507728997573,1.3292176208936846,0.3600543170413113,0.3,0.9548330806828269,0.997112271622372
2020-11,4,2021-03,2020-12-09T22:59:00+00:00,CORE_LEVELPHASE_FIXED080_R29B,0.02078932168361839,0.1760563380281743,2.33812949640288,2.184148456111678,1.2214379339033508,1.5051191614116473,-0.006910050824157803,-0.2,0.9479227911036584,0.7969120045550643
2020-11,5,2021-04,2020-12-09T22:59:00+00:00,CORE_LEVELPHASE_FIXED080_R29B,0.20746059398981184,0.5272407732864748,3.0630630630630717,2.580637847547675,1.4286836255766224,2.030974886758352,0.42388116989229735,0.3,1.370908115419935,1.0964629025349122
2020-11,6,2021-05,2020-12-09T22:59:00+00:00,CORE_LEVELPHASE_FIXED080_R29B,0.26671979923641603,0.1748251748251661,2.872531418312392,2.484925671405569,1.6950483587706757,2.20564742025251,0.17873412368452968,0.4,1.5494826997421847,1.4956650294886575
2020-11,7,2021-06,2020-12-09T22:59:00+00:00,CORE_LEVELPHASE_FIXED080_R29B,0.1835044040972849,0.523560209424101,2.765388046387192,2.0318562767466246,1.8783845992300374,2.7278418183676947,0.24569299234038355,0.9,1.7948743603165747,2.391639166635848
2020-11,8,2021-07,2020-12-09T22:59:00+00:00,CORE_LEVELPHASE_FIXED080_R29B,0.25542849003565665,1.041666666666674,3.3747779751332514,1.8382452451927271,2.13348742513951,3.764120521922361,0.6078534106138505,1.5,2.40088779456114,3.8805004160109133
2020-11,9,2021-08,2020-12-09T22:59:00+00:00,CORE_LEVELPHASE_FIXED080_R29B,0.008874036227680225,0.6872852233676952,4.085257548845505,1.8472824079694188,2.1423610676478875,4.4490547064798385,0.1286631015192181,1.0,2.5294681960405856,4.8755335013277215
2020-11,10,2021-09,2020-12-09T22:59:00+00:00,CORE_LEVELPHASE_FIXED080_R29B,-0.25217799779869465,0.1706484641638139,4.915102770330665,2.2259536752891544,1.8898645655584831,4.619557731588213,-0.4698717895057322,0.2,2.0584890388748343,5.075333767595027
2020-11,11,2021-10,2020-12-09T22:59:00+00:00,CORE_LEVELPHASE_FIXED080_R29B,0.3304701073509092,1.0221465076660996,5.798394290811807,2.3807936677458463,2.2197898205030238,5.636515648551113,0.4463218043799187,1.3,2.5038177812279354,6.36695629424966
2020-11,12,2021-11,2020-12-09T22:59:00+00:00,CORE_LEVELPHASE_FIXED080_R29B,0.08203983094463632,0.1686340640809414,5.976806422836781,2.3284917755028283,2.301796017172764,5.8050076850430585,0.02619771717999189,1.1,2.5300120674052167,7.460950298083096
2020-11,1,2020-12,2020-12-09T22:59:00+00:00,CORE_LEVELPHASE_PANEL_R29B,0.07129051062384589,-0.1784121320249632,2.285191956124307,2.677635324021136,0.07126511101028009,-0.17857147602345325,0.17663840111819587,0.0,0.17648257896197342,0.0
2020-11,2,2021-01,2020-12-09T22:59:00+00:00,CORE_LEVELPHASE_PANEL_R29B,0.8764042914947617,1.3404825737265424,2.162162162162171,2.084497423322882,0.9438512720503063,1.1530061215537624,0.38925647815932846,0.7,0.5649834143831284,0.6975613736425241
2020-11,3,2021-02,2020-12-09T22:59:00+00:00,CORE_LEVELPHASE_PANEL_R29B,0.2311476513313572,0.1763668430335041,2.066486972147356,2.0446669443434407,1.1747321881538157,1.3292176208936846,0.34313212404197196,0.3,0.9075281833714406,0.997112271622372
2020-11,4,2021-03,2020-12-09T22:59:00+00:00,CORE_LEVELPHASE_PANEL_R29B,0.010644158448461755,0.1760563380281743,2.33812949640288,2.147305295003837,1.1853757801519278,1.5051191614116473,-0.0254118720887667,-0.2,0.8821130819193526,0.7969120045550643
2020-11,5,2021-04,2020-12-09T22:59:00+00:00,CORE_LEVELPHASE_PANEL_R29B,0.19636776920416607,0.5272407732864748,3.0630630630630717,2.532300291749324,1.3815509998810496,2.030974886758352,0.40365109012458894,0.3,1.2849516867012352,1.0964629025349122
2020-11,6,2021-05,2020-12-09T22:59:00+00:00,CORE_LEVELPHASE_PANEL_R29B,0.25718580574940686,0.1748251748251661,2.872531418312392,2.4268928940690775,1.638406648893415,2.20564742025251,0.16134689793508955,0.4,1.4461685603702494,1.4956650294886575
2020-11,7,2021-06,2020-12-09T22:59:00+00:00,CORE_LEVELPHASE_PANEL_R29B,0.17549685705876775,0.523560209424101,2.765388046387192,1.9659293874001658,1.8137496901529633,2.7278418183676947,0.2310895600800543,0.9,1.6769915191725624,2.391639166635848
2020-11,8,2021-07,2020-12-09T22:59:00+00:00,CORE_LEVELPHASE_PANEL_R29B,0.24893041338418526,1.041666666666674,3.3747779751332514,1.7658470534319741,2.0623707850025372,3.764120521922361,0.5960028124536725,1.5,2.2712252605262093,3.8805004160109133
2020-11,9,2021-08,2020-12-09T22:59:00+00:00,CORE_LEVELPHASE_PANEL_R29B,0.004557870973073594,0.6872852233676952,4.085257548845505,1.770485409435325,2.066928552107828,4.4490547064798385,0.12079167390014202,1.0,2.391944039978311,4.8755335013277215
2020-11,10,2021-09,2020-12-09T22:59:00+00:00,CORE_LEVELPHASE_PANEL_R29B,-0.25433017505718347,0.1706484641638139,4.915102770330665,2.146667160464527,1.8122744084443947,4.619557731588213,-0.4737967336434794,0.2,1.9170213316487903,5.075333767595027
2020-11,11,2021-10,2020-12-09T22:59:00+00:00,CORE_LEVELPHASE_PANEL_R29B,0.3304560732989161,1.0221465076660996,5.798394290811807,2.3013727491839475,2.142185675561549,5.636515648551113,0.4462962103588491,1.3,2.3623245937016963,6.36695629424966
2020-11,12,2021-11,2020-12-09T22:59:00+00:00,CORE_LEVELPHASE_PANEL_R29B,0.0820258555910921,0.1686340640809414,5.976806422836781,2.2490971516709077,2.2241779083327278,5.8050076850430585,0.02617223020778736,1.1,2.388493399578783,7.460950298083096
2020-12,1,2021-01,2021-01-12T22:59:00+00:00,CORE_LEVELPHASE_FIXED040_R29B,0.8838622946535096,1.3404825737265424,2.162162162162171,2.0612959051157684,0.879979096515714,1.3315775975772155,0.3845370752460828,0.7,0.38379962135273665,0.6975613736425241
2020-12,2,2021-02,2021-01-12T22:59:00+00:00,CORE_LEVELPHASE_FIXED040_R29B,0.2310807635046867,0.1763668430335041,2.066486972147356,2.0214063961357236,1.110793279023374,1.507789096917138,0.34059533688340127,0.3,0.7238162459909299,0.997112271622372
2020-12,3,2021-03,2021-01-12T22:59:00+00:00,CORE_LEVELPHASE_FIXED040_R29B,0.010976361677832617,0.1760563380281743,2.33812949640288,2.1243605741102507,1.121769038342706,1.6836906374351004,-0.02705742772300645,-0.2,0.696755157085519,0.7969120045550643
2020-12,4,2021-04,2021-01-12T22:59:00+00:00,CORE_LEVELPHASE_FIXED040_R29B,0.19586954086889194,0.5272407732864748,3.0630630630630717,2.508759362516794,1.3174470049427016,2.2095463627818055,0.4028856897032313,0.3,1.098831435666636,1.0964629025349122
2020-12,5,2021-05,2021-01-12T22:59:00+00:00,CORE_LEVELPHASE_FIXED040_R29B,0.256100341561179,0.1748251748251661,2.872531418312392,2.402267465319126,1.5732199684043036,2.3842188962759634,0.1566872038982251,0.4,1.2553960132419935,1.4956650294886575
2020-12,6,2021-06,2021-01-12T22:59:00+00:00,CORE_LEVELPHASE_FIXED040_R29B,0.16522731574664978,0.523560209424101,2.765388046387192,1.930964208020513,1.7383109339927518,2.906413294391148,0.22335321972060243,0.9,1.4785001704492815,2.391639166635848
2020-12,7,2021-07,2021-01-12T22:59:00+00:00,CORE_LEVELPHASE_FIXED040_R29B,0.24402809693153452,1.041666666666674,3.3747779751332514,1.7259756950096077,1.9820417658724419,3.942691997945814,0.5851545844204857,1.5,2.0619493749366846,3.8805004160109133
2020-12,8,2021-08,2021-01-12T22:59:00+00:00,CORE_LEVELPHASE_FIXED040_R29B,-0.0027423442359123702,0.6872852233676952,4.085257548845505,1.7231860185787091,1.9792993840335824,4.62762618250329,0.10572023741141225,1.0,2.1676137678609226,4.8755335013277215
2020-12,9,2021-09,2021-01-12T22:59:00+00:00,CORE_LEVELPHASE_FIXED040_R29B,-0.2639205795560463,0.1706484641638139,4.915102770330665,2.0893762409776886,1.7150299201290433,4.798129207611665,-0.49284698943304894,0.2,1.673548282457153,5.075333767595027
2020-12,10,2021-10,2021-01-12T22:59:00+00:00,CORE_LEVELPHASE_FIXED040_R29B,0.3186248171872113,1.0221465076660996,5.798394290811807,2.231938153961516,2.0331482041207236,5.815087124574566,0.4229644692122129,1.3,2.0956207712472614,6.36695629424966
2020-12,11,2021-11,2021-01-12T22:59:00+00:00,CORE_LEVELPHASE_FIXED040_R29B,0.052048418194013735,0.1686340640809414,5.976806422836781,2.285148260659735,2.0851830818237587,5.983579161066511,-0.018848241985735526,1.1,2.076770752757166,7.460950298083096
2020-12,12,2021-12,2021-01-12T22:59:00+00:00,CORE_LEVELPHASE_FIXED040_R29B,0.13243867583943952,0.4208754208754106,6.613047363717604,2.2423041790834106,2.217534135004568,6.4035713785990875,0.1813117611041973,0.8,2.257918342499161,8.257767263000783
2020-12,1,2021-01,2021-01-12T22:59:00+00:00,CORE_LEVELPHASE_FIXED060_R29B,0.8895296317972556,1.3404825737265424,2.162162162162171,2.067029386765515,0.8855966232779169,1.3315775975772155,0.39486909485003463,0.7,0.3940915330683424,0.6975613736425241
2020-12,2,2021-02,2021-01-12T22:59:00+00:00,CORE_LEVELPHASE_FIXED060_R29B,0.23674561986151835,0.1763668430335041,2.066486972147356,2.0329040027486194,1.1220624422207486,1.507789096917138,0.35092283380970346,0.3,0.7444000694221413,0.997112271622372
2020-12,3,2021-03,2021-01-12T22:59:00+00:00,CORE_LEVELPHASE_FIXED060_R29B,0.016856797664200014,0.1760563380281743,2.33812949640288,2.1418751587212603,1.1389178192864537,1.6836906374351004,-0.016336911482327653,-0.2,0.7280618233210708,0.7969120045550643
2020-12,4,2021-04,2021-01-12T22:59:00+00:00,CORE_LEVELPHASE_FIXED060_R29B,0.20201261957116698,0.5272407732864748,3.0630630630630717,2.532625833951581,1.3407266677480463,2.2095463627818055,0.41408502511784745,0.3,1.1412918757952628,1.0964629025349122
2020-12,5,2021-05,2021-01-12T22:59:00+00:00,CORE_LEVELPHASE_FIXED060_R29B,0.2624651291336039,0.1748251748251661,2.872531418312392,2.43261169412327,1.6028479586671303,2.3842188962759634,0.16829073273466486,0.4,1.3094411583524297,1.4956650294886575
2020-12,6,2021-06,2021-01-12T22:59:00+00:00,CORE_LEVELPHASE_FIXED060_R29B,0.17168253033790315,0.523560209424101,2.765388046387192,1.9677397336849638,1.7743832830094866,2.906413294391148,0.23512160441572233,0.9,1.544286784428983,2.391639166635848
2020-12,7,2021-07,2021-01-12T22:59:00+00:00,CORE_LEVELPHASE_FIXED060_R29B,0.2505931163149527,1.041666666666674,3.3747779751332514,1.769341739456642,2.0246629383399384,3.942691997945814,0.5971231522415569,1.5,2.1396342216731075,3.8805004160109133
2020-12,8,2021-08,2021-01-12T22:59:00+00:00,CORE_LEVELPHASE_FIXED060_R29B,0.0038774729094125902,0.6872852233676952,4.085257548845505,1.7732878181126774,2.0285403360773135,4.62762618250329,0.11778870603879035,1.0,2.2573536112415225,4.8755335013277215
2020-12,9,2021-09,2021-01-12T22:59:00+00:00,CORE_LEVELPHASE_FIXED060_R29B,-0.2572876985278703,0.1706484641638139,4.915102770330665,2.1464511299004725,1.7709210839304905,4.798129207611665,-0.4807547042776794,0.2,1.7754395643134062,5.075333767595027
2020-12,10,2021-10,2021-01-12T22:59:00+00:00,CORE_LEVELPHASE_FIXED060_R29B,0.3253718744315324,1.0221465076660996,5.798394290811807,2.2959723282492255,2.0957647694872468,5.815087124574566,0.4352649069573429,1.3,2.2097599334106444,6.36695629424966
2020-12,11,2021-11,2021-01-12T22:59:00+00:00,CORE_LEVELPHASE_FIXED060_R29B,0.058818688605896896,0.1686340640809414,5.976806422836781,2.3561414776693534,2.154566166682552,5.983579161066511,-0.006505484735653311,1.1,2.203254237059155,7.460950298083096
2020-12,12,2021-12,2021-01-12T22:59:00+00:00,CORE_LEVELPHASE_FIXED060_R29B,0.1392225001794655,0.4208754208754106,6.613047363717604,2.3201992315045805,2.2936918421966315,6.4035713785990875,0.19367922827495834,0.8,2.396746148939756,8.257767263000783
2020-12,1,2021-01,2021-01-12T22:59:00+00:00,CORE_LEVELPHASE_FIXED080_R29B,0.8951975522483534,1.3404825737265424,2.162162162162171,2.072763458530497,0.8912144126237068,1.3315775975772155,0.4052021778710446,0.7,0.4043834447839482,0.6975613736425241
2020-12,2,2021-02,2021-01-12T22:59:00+00:00,CORE_LEVELPHASE_FIXED080_R29B,0.2424110592703681,0.1763668430335041,2.066486972147356,2.044403440682044,1.1333321302518722,1.507789096917138,0.36125139368756976,0.3,0.7649838928533528,0.997112271622372
2020-12,3,2021-03,2021-01-12T22:59:00+00:00,CORE_LEVELPHASE_FIXED080_R29B,0.02273786423428209,0.1760563380281743,2.33812949640288,2.159393574205308,1.156067409825595,1.6836906374351004,-0.0056152456359104454,-0.2,0.7593684895566225,0.7969120045550643
2020-12,4,2021-04,2021-01-12T22:59:00+00:00,CORE_LEVELPHASE_FIXED080_R29B,0.20815638349676396,0.5272407732864748,3.0630630630630717,2.556499008178393,1.3640074480946542,2.2095463627818055,0.42528560975067947,0.3,1.1837523159238892,1.0964629025349122
2020-12,5,2021-05,2021-01-12T22:59:00+00:00,CORE_LEVELPHASE_FIXED080_R29B,0.2688306540906029,0.1748251748251661,2.872531418312392,2.462966400318403,1.632477398891764,2.3842188962759634,0.17989560588355358,0.4,1.3634863034628655,1.4956650294886575
2020-12,6,2021-06,2021-01-12T22:59:00+00:00,CORE_LEVELPHASE_FIXED080_R29B,0.17813850291066644,0.523560209424101,2.765388046387192,2.0045303547705733,1.8104574233508488,2.906413294391148,0.24689137097319158,0.9,1.6100733984086841,2.391639166635848
2020-12,7,2021-07,2021-01-12T22:59:00+00:00,CORE_LEVELPHASE_FIXED080_R29B,0.2571589168661292,1.041666666666674,3.3747779751332514,1.8127284514277913,2.067286252453332,3.942691997945814,0.6090931441954065,1.5,2.21731906840953,3.8805004160109133
2020-12,8,2021-08,2021-01-12T22:59:00+00:00,CORE_LEVELPHASE_FIXED080_R29B,0.010498088121574767,0.6872852233676952,4.085257548845505,1.823416841379602,2.077783789564199,4.62762618250329,0.12985862960735128,1.0,2.3470934546221223,4.8755335013277215
2020-12,9,2021-09,2021-01-12T22:59:00+00:00,CORE_LEVELPHASE_FIXED080_R29B,-0.2506540114602653,0.1706484641638139,4.915102770330665,2.2035608580257553,1.826815115016216,4.798129207611665,-0.4686609496464395,0.2,1.8773308461696594,5.075333767595027
2020-12,10,2021-10,2021-01-12T22:59:00+00:00,CORE_LEVELPHASE_FIXED080_R29B,0.33211975809795763,1.0221465076660996,5.798394290811807,2.3600499262191104,2.158384573544685,5.815087124574566,0.4475668513376287,1.3,2.3238990955740273,6.36695629424966
2020-12,11,2021-11,2021-01-12T22:59:00+00:00,CORE_LEVELPHASE_FIXED080_R29B,0.06558979481335495,0.1686340640809414,5.976806422836781,2.427187672936565,2.22395286765312,5.983579161066511,0.00583879623818939,1.1,2.329737721361144,7.460950298083096
2020-12,12,2021-12,2021-01-12T22:59:00+00:00,CORE_LEVELPHASE_FIXED080_R29B,0.14600716198831015,0.4208754208754106,6.613047363717604,2.398157718811407,2.369853542824322,6.4035713785990875,0.20604822221994032,0.8,2.5355739553803507,8.257767263000783
2020-12,1,2021-01,2021-01-12T22:59:00+00:00,CORE_LEVELPHASE_PANEL_R29B,0.8864348375867231,1.3404825737265424,2.162162162162171,2.0638984726579235,0.8825290684094134,1.3315775975772155,0.38922703163014943,0.7,0.38847150306575084,0.6975613736425241
2020-12,2,2021-02,2021-01-12T22:59:00+00:00,CORE_LEVELPHASE_PANEL_R29B,0.23365218034804813,0.1763668430335041,2.066486972147356,2.02662536067757,1.1159087065019444,1.507789096917138,0.3452832403134734,0.3,0.7331600094169581,0.997112271622372
2020-12,3,2021-03,2021-01-12T22:59:00+00:00,CORE_LEVELPHASE_PANEL_R29B,0.013201950211449863,0.1760563380281743,2.33812949640288,2.1318575401983733,1.1291097853326393,1.6836906374351004,-0.022999997614928488,-0.2,0.7101573663969417,0.7969120045550643
2020-12,4,2021-04,2021-01-12T22:59:00+00:00,CORE_LEVELPHASE_PANEL_R29B,0.19776684956656657,0.5272407732864748,3.0630630630630717,2.518225795452697,1.3266813337168737,2.2095463627818055,0.40634463879376753,0.3,1.1156786550358333,1.0964629025349122
2020-12,5,2021-05,2021-01-12T22:59:00+00:00,CORE_LEVELPHASE_PANEL_R29B,0.2576559771812343,0.1748251748251661,2.872531418312392,2.413313147599166,1.5840059469491914,2.3842188962759634,0.15952325499512401,0.4,1.2750748068413456,1.4956650294886575
2020-12,6,2021-06,2021-01-12T22:59:00+00:00,CORE_LEVELPHASE_PANEL_R29B,0.16853015783707775,0.523560209424101,2.765388046387192,1.9453204808249913,1.752394252069808,2.906413294391148,0.2293745712586376,0.9,1.5041867162066636,2.391639166635848
2020-12,7,2021-07,2021-01-12T22:59:00+00:00,CORE_LEVELPHASE_PANEL_R29B,0.24909539238548709,1.041666666666674,3.3747779751332514,1.7454460281524622,2.001179916122135,3.942691997945814,0.5943926788978945,1.5,2.096819850779972,3.8805004160109133
2020-12,8,2021-08,2021-01-12T22:59:00+00:00,CORE_LEVELPHASE_PANEL_R29B,0.0040450305091012315,0.6872852233676952,4.085257548845505,1.7495616624859216,2.0052248648220834,4.62762618250329,0.11809417726114114,1.0,2.21484435171799,4.8755335013277215
2020-12,9,2021-09,2021-01-12T22:59:00+00:00,CORE_LEVELPHASE_PANEL_R29B,-0.25493412205208693,0.1706484641638139,4.915102770330665,2.1250477139649684,1.7499652323946957,4.798129207611665,-0.476463941672524,0.2,1.7372417021453879,5.075333767595027
2020-12,10,2021-10,2021-01-12T22:59:00+00:00,CORE_LEVELPHASE_PANEL_R29B,0.3299543536198098,1.0221465076660996,5.798394290811807,2.2792090917774375,2.07937643108476,5.815087124574566,0.4436191416900039,1.3,2.179879754584051,6.36695629424966
2020-12,11,2021-11,2021-01-12T22:59:00+00:00,CORE_LEVELPHASE_PANEL_R29B,0.06557863020364602,0.1686340640809414,5.976806422836781,2.3462823960829478,2.144933567900908,5.983579161066511,0.005818442240631561,1.1,2.185698027559898,7.460950298083096
2020-12,12,2021-12,2021-01-12T22:59:00+00:00,CORE_LEVELPHASE_PANEL_R29B,0.14599597502730524,0.4208754208754106,6.613047363717604,2.3172639426576205,2.290823072420432,6.4035713785990875,0.20602782747413997,0.8,2.391513908767835,8.257767263000783
2021-01,1,2021-02,2021-02-11T22:59:00+00:00,CORE_LEVELPHASE_FIXED040_R29B,0.2782033400560537,0.1763668430335041,2.066486972147356,1.654149993376464,0.27781707080741924,0.17621149933992233,0.3115894912017217,0.3,0.31110505718272197,0.2995508979798479
2021-01,2,2021-03,2021-02-11T22:59:00+00:00,CORE_LEVELPHASE_FIXED040_R29B,0.01591720127034141,0.1760563380281743,2.33812949640288,1.7617606423480283,0.29373300542568787,0.3521130398578848,-0.05198510852828928,-0.2,0.2591064317121548,0.09935063091254015
2021-01,3,2021-04,2021-02-11T22:59:00+00:00,CORE_LEVELPHASE_FIXED040_R29B,0.20320289137596803,0.5272407732864748,3.0630630630630717,2.1522705876618633,0.49672971898528234,0.8779687652045898,0.3789578622166498,0.3,0.637348057541246,0.39890152889238806
2021-01,4,2021-05,2021-02-11T22:59:00+00:00,CORE_LEVELPHASE_FIXED040_R29B,0.2572737803968934,0.1748251748251661,2.872531418312392,2.0473434214722164,0.7536731169287402,1.0526412986987477,0.13349283308209198,0.4,0.7707518681578502,0.7981036558461334
2021-01,5,2021-06,2021-02-11T22:59:00+00:00,CORE_LEVELPHASE_FIXED040_R29B,0.1682246253009688,0.523560209424101,2.765388046387192,1.5807132661782999,0.9217564030962044,1.5748356968139323,0.19965061298342873,0.9,0.9702034441799354,1.694077792993324
2021-01,6,2021-07,2021-02-11T22:59:00+00:00,CORE_LEVELPHASE_FIXED040_R29B,0.2378694940941125,1.041666666666674,3.3747779751332514,1.3702009530259958,1.1593434355472574,2.611114400368598,0.5620895900889278,1.5,1.5307192055298944,3.1829390423683894
2021-01,7,2021-08,2021-02-11T22:59:00+00:00,CORE_LEVELPHASE_FIXED040_R29B,-0.011469459334710372,0.6872852233676952,4.085257548845505,1.3585743390501743,1.1478733184197625,3.296048584926075,0.08326508699118337,1.0,1.6139496463782796,4.177972127685198
2021-01,8,2021-09,2021-02-11T22:59:00+00:00,CORE_LEVELPHASE_FIXED040_R29B,-0.2718153367337171,0.1706484641638139,4.915102770330665,1.7153999362856356,0.8756878930089756,3.4665516100344496,-0.5150258009209416,0.2,1.097593016203376,4.377772393952504
2021-01,9,2021-10,2021-02-11T22:59:00+00:00,CORE_LEVELPHASE_FIXED040_R29B,0.3106185444997625,1.0221465076660996,5.798394290811807,1.8493105298846888,1.1858250147757001,4.48350952699735,0.40091192859040264,1.3,1.4977034344409113,5.669394920607137
2021-01,10,2021-11,2021-02-11T22:59:00+00:00,CORE_LEVELPHASE_FIXED040_R29B,0.0443646544470246,0.1686340640809414,5.976806422836781,1.8944956245579496,1.2301798310195862,4.6520015634892955,-0.04058723523335038,1.1,1.4571079603598858,6.763388924440573
2021-01,11,2021-12,2021-02-11T22:59:00+00:00,CORE_LEVELPHASE_FIXED040_R29B,0.0702990871774244,0.4208754208754106,6.613047363717604,2.1483716124886776,1.3004542199631315,5.071993781021873,0.12864255976739097,0.8,1.5856678464810934,7.560205889358261
2021-01,12,2022-01,2021-02-11T22:59:00+00:00,CORE_LEVELPHASE_FIXED040_R29B,0.9054988821103854,4.442581726739303,9.876543209876534,2.2262982820579955,2.2018780422201996,9.4187215059701,0.3691110581227273,1.7,1.954099361403736,9.24591759600055
2021-01,1,2021-02,2021-02-11T22:59:00+00:00,CORE_LEVELPHASE_FIXED060_R29B,0.2763347962668287,0.1763668430335041,2.066486972147356,1.6522558107496081,0.2759536935867962,0.17621149933992233,0.3081823193049511,0.3,0.307708411013354,0.2995508979798479
2021-01,2,2021-03,2021-02-11T22:59:00+00:00,CORE_LEVELPHASE_FIXED060_R29B,0.014055429929481491,0.1760563380281743,2.33812949640288,1.7579702200637377,0.29000813583327284,0.3521130398578848,-0.055379931292074726,-0.2,0.2523131393734188,0.09935063091254015
2021-01,3,2021-04,2021-02-11T22:59:00+00:00,CORE_LEVELPHASE_FIXED060_R29B,0.20176152853882903,0.5272407732864748,3.0630630630630717,2.1469962753901655,0.4915663991615209,0.8779687652045898,0.3763296278771236,0.3,0.6279364188839294,0.39890152889238806
2021-01,4,2021-05,2021-02-11T22:59:00+00:00,CORE_LEVELPHASE_FIXED060_R29B,0.25626333373035787,0.1748251748251661,2.872531418312392,2.041046091938517,0.7475019383029379,1.0526412986987477,0.13165034723548866,0.4,0.7595001830327404,0.7981036558461334
2021-01,5,2021-06,2021-02-11T22:59:00+00:00,CORE_LEVELPHASE_FIXED060_R29B,0.16764118822687704,0.523560209424101,2.765388046387192,1.5738531046315978,0.915002765536527,1.5748356968139323,0.19858675223055652,0.9,0.9578900124378198,1.694077792993324
2021-01,6,2021-07,2021-02-11T22:59:00+00:00,CORE_LEVELPHASE_FIXED060_R29B,0.2374400904044065,1.041666666666674,3.3747779751332514,1.3629207831404901,1.1521614123768065,2.611114400368598,0.5613065995096475,1.5,1.5176271566859212,3.1829390423683894
2021-01,7,2021-08,2021-02-11T22:59:00+00:00,CORE_LEVELPHASE_FIXED060_R29B,-0.011741417688128274,0.6872852233676952,4.085257548845505,1.3510193392304553,1.1404193053302707,3.296048584926075,0.08276918806486395,1.0,1.6003621099475973,4.177972127685198
2021-01,8,2021-09,2021-02-11T22:59:00+00:00,CORE_LEVELPHASE_FIXED060_R29B,-0.2719311971376851,0.1706484641638139,4.915102770330665,1.7077001793635478,0.8681177036633334,3.4665516100344496,-0.5152370650693253,0.2,1.0837931217011327,4.377772393952504
2021-01,9,2021-10,2021-02-11T22:59:00+00:00,CORE_LEVELPHASE_FIXED060_R29B,0.3105975245279954,1.0221465076660996,5.798394290811807,1.8415792952735495,1.1782338705458448,4.48350952699735,0.40087359999597055,1.3,1.483865364387259,5.669394920607137
2021-01,10,2021-11,2021-02-11T22:59:00+00:00,CORE_LEVELPHASE_FIXED060_R29B,0.04443921247075306,0.1686340640809414,5.976806422836781,1.8868368910801465,1.222663211722948,4.6520015634892955,-0.04045128337362343,1.1,1.4434058972749768,6.763388924440573
2021-01,11,2021-12,2021-02-11T22:59:00+00:00,CORE_LEVELPHASE_FIXED060_R29B,0.07046941881207872,0.4208754208754106,6.613047363717604,2.140867652530978,1.293107812498821,5.071993781021873,0.1289531487736919,0.8,1.5722759728850797,7.560205889358261
2021-01,12,2022-01,2021-02-11T22:59:00+00:00,CORE_LEVELPHASE_FIXED060_R29B,0.9056696228127287,4.442581726739303,9.876543209876534,2.2189615604003525,2.194700843133808,9.4187215059701,0.36942239303819113,1.7,1.9410176772966177,9.24591759600055
2021-01,1,2021-02,2021-02-11T22:59:00+00:00,CORE_LEVELPHASE_FIXED080_R29B,0.27446631594434684,0.1763668430335041,2.066486972147356,1.650361692460341,0.2740903449368045,0.17621149933992233,0.3047752631357887,0.3,0.304311764843986,0.2995508979798479
2021-01,2,2021-03,2021-02-11T22:59:00+00:00,CORE_LEVELPHASE_FIXED080_R29B,0.012193721825332536,0.1760563380281743,2.33812949640288,1.754179997115022,0.28628332338830664,0.3521130398578848,-0.05877463874770112,-0.2,0.24551984703468283,0.09935063091254015
2021-01,3,2021-04,2021-02-11T22:59:00+00:00,CORE_LEVELPHASE_FIXED080_R29B,0.2003202034410667,0.5272407732864748,3.0630630630630717,2.141722311148175,0.4864031534574484,0.8779687652045898,0.37370146235297347,0.3,0.6185247802266127,0.39890152889238806
2021-01,4,2021-05,2021-02-11T22:59:00+00:00,CORE_LEVELPHASE_FIXED080_R29B,0.2552529056563395,0.1748251748251661,2.872531418312392,2.034749235198064,0.7413308421841086,1.0526412986987477,0.1298078952911693,0.4,0.7482484979076306,0.7981036558461334
2021-01,5,2021-06,2021-02-11T22:59:00+00:00,CORE_LEVELPHASE_FIXED080_R29B,0.1670577573473757,0.523560209424101,2.765388046387192,1.5669934930149503,0.908249213275478,1.5748356968139323,0.19752290277312978,0.9,0.945576580695704,1.694077792993324
2021-01,6,2021-07,2021-02-11T22:59:00+00:00,CORE_LEVELPHASE_FIXED080_R29B,0.23701069005809797,1.041666666666674,3.3747779751332514,1.3556412240753501,1.144979476005326,2.611114400368598,0.5605236150268418,1.5,1.504535107841948,3.1829390423683894
2021-01,7,2021-08,2021-02-11T22:59:00+00:00,CORE_LEVELPHASE_FIXED080_R29B,-0.012013374694029634,0.6872852233676952,4.085257548845505,1.3434649911215657,1.1329653796476407,3.296048584926075,0.08227329159565606,1.0,1.586774573516915,4.177972127685198
2021-01,8,2021-09,2021-02-11T22:59:00+00:00,CORE_LEVELPHASE_FIXED080_R29B,-0.27204705729561435,0.1706484641638139,4.915102770330665,1.7000010943119945,0.8605476018362923,3.4665516100344496,-0.5154483287690729,0.2,1.0699932271988897,4.377772393952504
2021-01,9,2021-10,2021-02-11T22:59:00+00:00,CORE_LEVELPHASE_FIXED080_R29B,0.31057650456425284,1.0221465076660996,5.798394290811807,1.8338487366565404,1.1706428138381992,4.48350952699735,0.4008352714161707,1.3,1.4700272943336072,5.669394920607137
2021-01,10,2021-11,2021-02-11T22:59:00+00:00,CORE_LEVELPHASE_FIXED080_R29B,0.04451377059588569,0.1686340640809414,5.976806422836781,1.8791788224721366,1.2151466799943391,4.6520015634892955,-0.04031533132899237,1.1,1.4297038341900683,6.763388924440573
2021-01,11,2021-12,2021-02-11T22:59:00+00:00,CORE_LEVELPHASE_FIXED080_R29B,0.07063975097508471,0.4208754208754106,6.613047363717604,2.1333643335040198,1.2857614928407983,5.071993781021873,0.12926373874340885,0.8,1.5588840992890667,7.560205889358261
2021-01,12,2022-01,2021-02-11T22:59:00+00:00,CORE_LEVELPHASE_FIXED080_R29B,0.9058403640446925,4.442581726739303,9.876543209876534,2.211625455286996,2.1875237320922563,9.4187215059701,0.36973372891938466,1.7,1.9279359931895,9.24591759600055
2021-01,1,2021-02,2021-02-11T22:59:00+00:00,CORE_LEVELPHASE_PANEL_R29B,0.2776339693323301,0.1763668430335041,2.066486972147356,1.6535728101499658,0.2772492780855881,0.17621149933992233,0.31055127955268164,0.3,0.3100700650875717,0.2995508979798479
2021-01,2,2021-03,2021-02-11T22:59:00+00:00,CORE_LEVELPHASE_PANEL_R29B,0.0153498942038087,0.1760563380281743,2.33812949640288,1.760605641611669,0.2925979943136803,0.3521130398578848,-0.053019557228435266,-0.2,0.2570364475218542,0.09935063091254015
2021-01,3,2021-04,2021-02-11T22:59:00+00:00,CORE_LEVELPHASE_PANEL_R29B,0.20277948712768507,0.5272407732864748,3.0630630630630717,2.150679519569988,0.4951721613571892,0.8779687652045898,0.37818581124088896,0.3,0.6345089341196954,0.39890152889238806
2021-01,4,2021-05,2021-02-11T22:59:00+00:00,CORE_LEVELPHASE_PANEL_R29B,0.25699740290311046,0.1748251748251661,2.872531418312392,2.0454726799024368,0.7518398906490822,1.0526412986987477,0.13298887613168636,0.4,0.76740945836895,0.7981036558461334
2021-01,5,2021-06,2021-02-11T22:59:00+00:00,CORE_LEVELPHASE_PANEL_R29B,0.1680941534188118,0.523560209424101,2.765388046387192,1.5787187696546294,0.9197929239667862,1.5748356968139323,0.19941270572497025,0.9,0.9666236008875859,1.694077792993324
2021-01,6,2021-07,2021-02-11T22:59:00+00:00,CORE_LEVELPHASE_PANEL_R29B,0.2377125177601464,1.041666666666674,3.3747779751332514,1.3680518433357653,1.1572233524739663,2.611114400368598,0.5618033536321577,1.5,1.5268547252880698,3.1829390423683894
2021-01,7,2021-08,2021-02-11T22:59:00+00:00,CORE_LEVELPHASE_PANEL_R29B,-0.011651596776337371,0.6872852233676952,4.085257548845505,1.3562408466749516,1.14557107684636,3.296048584926075,0.08293297083953642,1.0,1.609753325740954,4.177972127685198
2021-01,8,2021-09,2021-02-11T22:59:00+00:00,CORE_LEVELPHASE_PANEL_R29B,-0.272022139026077,0.1706484641638139,4.915102770330665,1.71284731077355,0.8731782852757686,3.4665516100344496,-0.5154028918742174,0.2,1.0930176517245234,4.377772393952504
2021-01,9,2021-10,2021-02-11T22:59:00+00:00,CORE_LEVELPHASE_PANEL_R29B,0.3105876329147713,1.0221465076660996,5.798394290811807,1.84672315882557,1.1832845911725458,4.48350952699735,0.4008555632623467,1.3,1.4930719296912232,5.669394920607137
2021-01,10,2021-11,2021-02-11T22:59:00+00:00,CORE_LEVELPHASE_PANEL_R29B,0.04451089222901218,0.1686340640809414,5.976806422836781,1.8920560440095748,1.2277855802424704,4.6520015634892955,-0.04032057984967279,1.1,1.452743218910054,6.763388924440573
2021-01,11,2021-12,2021-02-11T22:59:00+00:00,CORE_LEVELPHASE_PANEL_R29B,0.07062288622900377,0.4208754208754106,6.613047363717604,2.1462564687755576,1.2983835402462336,5.071993781021873,0.12923298694127047,0.8,1.5818927719018097,7.560205889358261
2021-01,12,2022-01,2021-02-11T22:59:00+00:00,CORE_LEVELPHASE_PANEL_R29B,0.9058234587963131,4.442581726739303,9.876543209876534,2.224510343163392,2.20012902600777,9.4187215059701,0.36970290326385635,1.7,1.9509139536950004,9.24591759600055
2021-02,1,2021-03,2021-03-09T22:59:00+00:00,CORE_LEVELPHASE_FIXED040_R29B,0.11699875818766142,0.1760563380281743,2.33812949640288,2.5354991237423627,0.11693036797917286,0.17590154051796245,0.06906626259706877,-0.2,0.06904242283011564,-0.20020026706730776
2021-02,2,2021-04,2021-03-09T22:59:00+00:00,CORE_LEVELPHASE_FIXED040_R29B,0.2532792468291539,0.5272407732864748,3.0630630630630717,2.9804168407071217,0.36988940349585553,0.7017572658646675,0.49785961402204404,0.3,0.5656668139632979,0.09935063091254015
2021-02,3,2021-05,2021-03-09T22:59:00+00:00,CORE_LEVELPHASE_FIXED040_R29B,0.2993657276024561,0.1748251748251661,2.872531418312392,2.9178298523393975,0.6688079242044739,0.8764297993588254,0.25044000781473,0.4,0.8157937433971924,0.4985527578662855
2021-02,4,2021-06,2021-03-09T22:59:00+00:00,CORE_LEVELPHASE_FIXED040_R29B,0.22088647762108635,0.523560209424101,2.765388046387192,2.5010792360395726,0.8894508062926911,1.3986241974740101,0.3158115949221253,0.9,1.1311077009575996,1.394526895013476
2021-02,5,2021-07,2021-03-09T22:59:00+00:00,CORE_LEVELPHASE_FIXED040_R29B,0.285211373362126,1.041666666666674,3.3747779751332514,2.336970046565075,1.1742562237224872,2.434902901028676,0.6769520538430214,1.5,1.8057787229262612,2.883388144388541
2021-02,6,2021-08,2021-03-09T22:59:00+00:00,CORE_LEVELPHASE_FIXED040_R29B,0.04151155968620478,0.6872852233676952,4.085257548845505,2.379451718967008,1.2157591697444492,3.119837085586153,0.19638246070944188,1.0,2.0019686053667427,3.8784212297053493
2021-02,7,2021-09,2021-03-09T22:59:00+00:00,CORE_LEVELPHASE_FIXED040_R29B,-0.21439510382835628,0.1706484641638139,4.915102770330665,2.799025505573522,1.0011339105933625,3.290340110694528,-0.40336824208138733,0.2,1.597784639271739,4.078221495972655
2021-02,8,2021-10,2021-03-09T22:59:00+00:00,CORE_LEVELPHASE_FIXED040_R29B,0.3680874613291164,1.0221465076660996,5.798394290811807,2.993334801479585,1.3685455878365225,4.307298027657428,0.5128070746138635,1.3,2.1092813363035177,5.369844022627288
2021-02,9,2021-11,2021-03-09T22:59:00+00:00,CORE_LEVELPHASE_FIXED040_R29B,0.10121215597256382,0.1686340640809414,5.976806422836781,3.097576576140203,1.469706558840532,4.475790064149373,0.07029089847846079,1.1,2.179547542300301,6.463838026460724
2021-02,10,2021-12,2021-03-09T22:59:00+00:00,CORE_LEVELPHASE_FIXED040_R29B,0.12711420045063854,0.4208754208754106,6.613047363717604,3.413129805969521,1.5967400375899783,4.89578228168195,0.23939248405501637,0.8,2.4186539390382613,7.260654991378412
2021-02,11,2022-01,2021-03-09T22:59:00+00:00,CORE_LEVELPHASE_FIXED040_R29B,0.9680479348324038,4.442581726739303,9.876543209876534,3.033078017404384,2.5601324096742903,9.242510006630175,0.5136985939376877,1.7,2.931037603010907,8.946366698020702
2021-02,12,2022-02,2021-03-09T22:59:00+00:00,CORE_LEVELPHASE_FIXED040_R29B,0.31126312938522344,1.2841091492777013,11.091549295774657,2.912520021233984,2.8709121182616397,10.518444382006189,0.43267048790662854,0.9,3.362774763348859,9.842340835167892
2021-02,1,2021-03,2021-03-09T22:59:00+00:00,CORE_LEVELPHASE_FIXED060_R29B,0.11699875818766142,0.1760563380281743,2.33812949640288,2.5354991237423627,0.11693036797917286,0.17590154051796245,0.06906626259706877,-0.2,0.06904242283011564,-0.20020026706730776
2021-02,2,2021-04,2021-03-09T22:59:00+00:00,CORE_LEVELPHASE_FIXED060_R29B,0.2532792468291539,0.5272407732864748,3.0630630630630717,2.9804168407071217,0.36988940349585553,0.7017572658646675,0.49785961402204404,0.3,0.5656668139632979,0.09935063091254015
2021-02,3,2021-05,2021-03-09T22:59:00+00:00,CORE_LEVELPHASE_FIXED060_R29B,0.2993657276024561,0.1748251748251661,2.872531418312392,2.9178298523393975,0.6688079242044739,0.8764297993588254,0.25044000781473,0.4,0.8157937433971924,0.4985527578662855
2021-02,4,2021-06,2021-03-09T22:59:00+00:00,CORE_LEVELPHASE_FIXED060_R29B,0.22088647762108635,0.523560209424101,2.765388046387192,2.5010792360395726,0.8894508062926911,1.3986241974740101,0.3158115949221253,0.9,1.1311077009575996,1.394526895013476
2021-02,5,2021-07,2021-03-09T22:59:00+00:00,CORE_LEVELPHASE_FIXED060_R29B,0.285211373362126,1.041666666666674,3.3747779751332514,2.336970046565075,1.1742562237224872,2.434902901028676,0.6769520538430214,1.5,1.8057787229262612,2.883388144388541
2021-02,6,2021-08,2021-03-09T22:59:00+00:00,CORE_LEVELPHASE_FIXED060_R29B,0.04151155968620478,0.6872852233676952,4.085257548845505,2.379451718967008,1.2157591697444492,3.119837085586153,0.19638246070944188,1.0,2.0019686053667427,3.8784212297053493
2021-02,7,2021-09,2021-03-09T22:59:00+00:00,CORE_LEVELPHASE_FIXED060_R29B,-0.21439510382835628,0.1706484641638139,4.915102770330665,2.799025505573522,1.0011339105933625,3.290340110694528,-0.40336824208138733,0.2,1.597784639271739,4.078221495972655
2021-02,8,2021-10,2021-03-09T22:59:00+00:00,CORE_LEVELPHASE_FIXED060_R29B,0.3680874613291164,1.0221465076660996,5.798394290811807,2.993334801479585,1.3685455878365225,4.307298027657428,0.5128070746138635,1.3,2.1092813363035177,5.369844022627288
2021-02,9,2021-11,2021-03-09T22:59:00+00:00,CORE_LEVELPHASE_FIXED060_R29B,0.10121215597256382,0.1686340640809414,5.976806422836781,3.097576576140203,1.469706558840532,4.475790064149373,0.07029089847846079,1.1,2.179547542300301,6.463838026460724
2021-02,10,2021-12,2021-03-09T22:59:00+00:00,CORE_LEVELPHASE_FIXED060_R29B,0.12711420045063854,0.4208754208754106,6.613047363717604,3.413129805969521,1.5967400375899783,4.89578228168195,0.23939248405501637,0.8,2.4186539390382613,7.260654991378412
2021-02,11,2022-01,2021-03-09T22:59:00+00:00,CORE_LEVELPHASE_FIXED060_R29B,0.9680479348324038,4.442581726739303,9.876543209876534,3.033078017404384,2.5601324096742903,9.242510006630175,0.5136985939376877,1.7,2.931037603010907,8.946366698020702
2021-02,12,2022-02,2021-03-09T22:59:00+00:00,CORE_LEVELPHASE_FIXED060_R29B,0.31126312938522344,1.2841091492777013,11.091549295774657,2.912520021233984,2.8709121182616397,10.518444382006189,0.43267048790662854,0.9,3.362774763348859,9.842340835167892
2021-02,1,2021-03,2021-03-09T22:59:00+00:00,CORE_LEVELPHASE_FIXED080_R29B,0.11699875818766142,0.1760563380281743,2.33812949640288,2.5354991237423627,0.11693036797917286,0.17590154051796245,0.06906626259706877,-0.2,0.06904242283011564,-0.20020026706730776
2021-02,2,2021-04,2021-03-09T22:59:00+00:00,CORE_LEVELPHASE_FIXED080_R29B,0.2532792468291539,0.5272407732864748,3.0630630630630717,2.9804168407071217,0.36988940349585553,0.7017572658646675,0.49785961402204404,0.3,0.5656668139632979,0.09935063091254015
2021-02,3,2021-05,2021-03-09T22:59:00+00:00,CORE_LEVELPHASE_FIXED080_R29B,0.2993657276024561,0.1748251748251661,2.872531418312392,2.9178298523393975,0.6688079242044739,0.8764297993588254,0.25044000781473,0.4,0.8157937433971924,0.4985527578662855
2021-02,4,2021-06,2021-03-09T22:59:00+00:00,CORE_LEVELPHASE_FIXED080_R29B,0.22088647762108635,0.523560209424101,2.765388046387192,2.5010792360395726,0.8894508062926911,1.3986241974740101,0.3158115949221253,0.9,1.1311077009575996,1.394526895013476
2021-02,5,2021-07,2021-03-09T22:59:00+00:00,CORE_LEVELPHASE_FIXED080_R29B,0.285211373362126,1.041666666666674,3.3747779751332514,2.336970046565075,1.1742562237224872,2.434902901028676,0.6769520538430214,1.5,1.8057787229262612,2.883388144388541
2021-02,6,2021-08,2021-03-09T22:59:00+00:00,CORE_LEVELPHASE_FIXED080_R29B,0.04151155968620478,0.6872852233676952,4.085257548845505,2.379451718967008,1.2157591697444492,3.119837085586153,0.19638246070944188,1.0,2.0019686053667427,3.8784212297053493
2021-02,7,2021-09,2021-03-09T22:59:00+00:00,CORE_LEVELPHASE_FIXED080_R29B,-0.21439510382835628,0.1706484641638139,4.915102770330665,2.799025505573522,1.0011339105933625,3.290340110694528,-0.40336824208138733,0.2,1.597784639271739,4.078221495972655
2021-02,8,2021-10,2021-03-09T22:59:00+00:00,CORE_LEVELPHASE_FIXED080_R29B,0.3680874613291164,1.0221465076660996,5.798394290811807,2.993334801479585,1.3685455878365225,4.307298027657428,0.5128070746138635,1.3,2.1092813363035177,5.369844022627288
2021-02,9,2021-11,2021-03-09T22:59:00+00:00,CORE_LEVELPHASE_FIXED080_R29B,0.10121215597256382,0.1686340640809414,5.976806422836781,3.097576576140203,1.469706558840532,4.475790064149373,0.07029089847846079,1.1,2.179547542300301,6.463838026460724
2021-02,10,2021-12,2021-03-09T22:59:00+00:00,CORE_LEVELPHASE_FIXED080_R29B,0.12711420045063854,0.4208754208754106,6.613047363717604,3.413129805969521,1.5967400375899783,4.89578228168195,0.23939248405501637,0.8,2.4186539390382613,7.260654991378412
2021-02,11,2022-01,2021-03-09T22:59:00+00:00,CORE_LEVELPHASE_FIXED080_R29B,0.9680479348324038,4.442581726739303,9.876543209876534,3.033078017404384,2.5601324096742903,9.242510006630175,0.5136985939376877,1.7,2.931037603010907,8.946366698020702
2021-02,12,2022-02,2021-03-09T22:59:00+00:00,CORE_LEVELPHASE_FIXED080_R29B,0.31126312938522344,1.2841091492777013,11.091549295774657,2.912520021233984,2.8709121182616397,10.518444382006189,0.43267048790662854,0.9,3.362774763348859,9.842340835167892
2021-02,1,2021-03,2021-03-09T22:59:00+00:00,CORE_LEVELPHASE_PANEL_R29B,0.07515974389660598,0.1760563380281743,2.33812949640288,2.4926494152374126,0.07513151310566746,0.17590154051796245,-0.007040205140068513,-0.2,-0.007040452974142671,-0.20020026706730776
2021-02,2,2021-04,2021-03-09T22:59:00+00:00,CORE_LEVELPHASE_PANEL_R29B,0.21126095344788393,0.5272407732864748,3.0630630630630717,2.8942379426395637,0.2861696243984089,0.7017572658646675,0.421427032046162,0.3,0.4135010623547812,0.09935063091254015
2021-02,3,2021-05,2021-03-09T22:59:00+00:00,CORE_LEVELPHASE_PANEL_R29B,0.2568628862924056,0.1748251748251661,2.872531418312392,2.788127385792499,0.5427031818076091,0.8764297993588254,0.17312601809218617,0.4,0.5864773900999872,0.4985527578662855
2021-02,4,2021-06,2021-03-09T22:59:00+00:00,CORE_LEVELPHASE_PANEL_R29B,0.17776754939411274,0.523560209424101,2.765388046387192,2.3278576016936414,0.720312911700526,1.3986241974740101,0.23737692394404566,0.9,0.8235730200872758,1.394526895013476
2021-02,5,2021-07,2021-03-09T22:59:00+00:00,CORE_LEVELPHASE_PANEL_R29B,0.24134673207423968,1.041666666666674,3.3747779751332514,2.1193393158090124,0.9613688703035578,2.434902901028676,0.597160907623515,1.5,1.4189579885983887,2.883388144388541
2021-02,6,2021-08,2021-03-09T22:59:00+00:00,CORE_LEVELPHASE_PANEL_R29B,0.004326972871064809,0.6872852233676952,4.085257548845505,2.1237579919173175,0.9656957495638518,3.119837085586153,0.12874254125344647,1.0,1.5476177277023015,3.8784212297053493
2021-02,7,2021-09,2021-03-09T22:59:00+00:00,CORE_LEVELPHASE_PANEL_R29B,-0.24492441682054958,0.1706484641638139,4.915102770330665,2.510911172337926,0.7204709022415039,3.290340110694528,-0.45890201154626814,0.2,1.0876595283917094,4.078221495972655
2021-02,8,2021-10,2021-03-09T22:59:00+00:00,CORE_LEVELPHASE_PANEL_R29B,0.3437699462982926,1.0221465076660996,5.798394290811807,2.6797922470502678,1.0636513103769083,4.307298027657428,0.4685727587605764,1.3,1.5551379023288794,5.369844022627288
2021-02,9,2021-11,2021-03-09T22:59:00+00:00,CORE_LEVELPHASE_PANEL_R29B,0.07493547447221575,0.1686340640809414,5.976806422836781,2.75673583655768,1.1385587222408096,4.475790064149373,0.02249279790818027,1.1,1.57762817098653,6.463838026460724
2021-02,10,2021-12,2021-03-09T22:59:00+00:00,CORE_LEVELPHASE_PANEL_R29B,0.09872347568347682,0.4208754208754106,6.613047363717604,3.042020323014304,1.237233498350337,4.89578228168195,0.18774887305847654,0.8,1.7652010161408334,7.260654991378412
2021-02,11,2022-01,2021-03-09T22:59:00+00:00,CORE_LEVELPHASE_PANEL_R29B,0.9375042927562657,4.442581726739303,9.876543209876534,2.6322759132492974,2.1703704941241417,9.242510006630175,0.4581387594236314,1.7,2.222293514285297,8.946366698020702
2021-02,12,2022-02,2021-03-09T22:59:00+00:00,CORE_LEVELPHASE_PANEL_R29B,0.28074410975859565,1.2841091492777013,11.091549295774657,2.480998255984562,2.450721253640028,10.518444382006189,0.37715544239372395,0.9,2.5987395087950675,9.842340835167892
2021-03,1,2021-04,2021-04-12T21:59:00+00:00,CORE_LEVELPHASE_FIXED040_R29B,0.30861657090026084,0.5272407732864748,3.0630630630630717,2.8141358992972574,0.30814132749663226,0.5258557253467051,0.4377664743806982,0.3,0.43681106424559346,0.2995508979798479
2021-03,2,2021-05,2021-04-12T21:59:00+00:00,CORE_LEVELPHASE_FIXED040_R29B,0.2642912803229526,0.1748251748251661,2.872531418312392,2.715717964016633,0.5720839725552811,0.7005282588408629,0.19274038409409583,0.4,0.6293659423863976,0.6987530249335933
2021-03,3,2021-06,2021-04-12T21:59:00+00:00,CORE_LEVELPHASE_FIXED040_R29B,0.18997160282739675,0.523560209424101,2.765388046387192,2.2682296226623158,0.7618753575389949,1.2227226569560476,0.2598720101872548,0.9,0.8889008691293132,1.5947271620807837
2021-03,4,2021-07,2021-04-12T21:59:00+00:00,CORE_LEVELPHASE_FIXED040_R29B,0.2528054704235655,1.041666666666674,3.3747779751332514,2.0714994557316455,1.0143618124791256,2.2590013605107133,0.6222544163786887,1.5,1.5092272766609622,3.083588411455849
2021-03,5,2021-08,2021-04-12T21:59:00+00:00,CORE_LEVELPHASE_FIXED040_R29B,0.012688385284316173,0.6872852233676952,4.085257548845505,2.0844506808480676,1.027049392855922,2.9439355450681903,0.14309508456054335,1.0,1.652220077768814,4.078621496772658
2021-03,6,2021-09,2021-04-12T21:59:00+00:00,CORE_LEVELPHASE_FIXED040_R29B,-0.24689187958537773,0.1706484641638139,4.915102770330665,2.4694338087437098,0.7798522326906933,3.114438570176565,-0.45542281182186967,0.2,1.1957570568246874,4.2784217630399635
2021-03,7,2021-10,2021-04-12T21:59:00+00:00,CORE_LEVELPHASE_FIXED040_R29B,0.3398681045114833,1.0221465076660996,5.798394290811807,2.6342554898644037,1.119144090842453,4.131396487139466,0.46101146649854574,1.3,1.655709120194148,5.5700442896945965
2021-03,8,2021-11,2021-04-12T21:59:00+00:00,CORE_LEVELPHASE_FIXED040_R29B,0.07377336526554962,0.1686340640809414,5.976806422836781,2.709972234054519,1.1928902569372302,4.29988852363141,0.01931097361240981,1.1,1.675018229478058,6.664038293528033
2021-03,9,2021-12,2021-04-12T21:59:00+00:00,CORE_LEVELPHASE_FIXED040_R29B,0.09978741811024415,0.4208754208754106,6.613047363717604,2.996221618383143,1.2926279204998434,4.719880741163989,0.18879732773748828,0.8,1.8636375590627003,7.46085525844572
2021-03,10,2022-01,2021-04-12T21:59:00+00:00,CORE_LEVELPHASE_FIXED040_R29B,0.9413808902916205,4.442581726739303,9.876543209876534,2.5905992610450688,2.2296054343469636,9.066608466112214,0.463342748679625,1.7,2.3259101795296715,9.146566965088011
2021-03,11,2022-02,2021-04-12T21:59:00+00:00,CORE_LEVELPHASE_FIXED040_R29B,0.27079033347967313,1.2841091492777013,11.091549295774657,2.687298340623095,2.500029791340198,10.342542841488228,0.3902830861444236,0.9,2.715433637063948,10.042541102235202
2021-03,12,2022-03,2021-04-12T21:59:00+00:00,CORE_LEVELPHASE_FIXED040_R29B,0.050042722235156635,1.6640253565768592,12.741652021089632,2.582852173024717,2.5500599963809,11.992874992936022,0.014153516227342774,0.7,2.729586151775681,10.740102475877725
2021-03,1,2021-04,2021-04-12T21:59:00+00:00,CORE_LEVELPHASE_FIXED060_R29B,0.30861657090026084,0.5272407732864748,3.0630630630630717,2.8141358992972574,0.30814132749663226,0.5258557253467051,0.4377664743806982,0.3,0.43681106424559346,0.2995508979798479
2021-03,2,2021-05,2021-04-12T21:59:00+00:00,CORE_LEVELPHASE_FIXED060_R29B,0.2642912803229526,0.1748251748251661,2.872531418312392,2.715717964016633,0.5720839725552811,0.7005282588408629,0.19274038409409583,0.4,0.6293659423863976,0.6987530249335933
2021-03,3,2021-06,2021-04-12T21:59:00+00:00,CORE_LEVELPHASE_FIXED060_R29B,0.18997160282739675,0.523560209424101,2.765388046387192,2.2682296226623158,0.7618753575389949,1.2227226569560476,0.2598720101872548,0.9,0.8889008691293132,1.5947271620807837
2021-03,4,2021-07,2021-04-12T21:59:00+00:00,CORE_LEVELPHASE_FIXED060_R29B,0.2528054704235655,1.041666666666674,3.3747779751332514,2.0714994557316455,1.0143618124791256,2.2590013605107133,0.6222544163786887,1.5,1.5092272766609622,3.083588411455849
2021-03,5,2021-08,2021-04-12T21:59:00+00:00,CORE_LEVELPHASE_FIXED060_R29B,0.012688385284316173,0.6872852233676952,4.085257548845505,2.0844506808480676,1.027049392855922,2.9439355450681903,0.14309508456054335,1.0,1.652220077768814,4.078621496772658
2021-03,6,2021-09,2021-04-12T21:59:00+00:00,CORE_LEVELPHASE_FIXED060_R29B,-0.24689187958537773,0.1706484641638139,4.915102770330665,2.4694338087437098,0.7798522326906933,3.114438570176565,-0.45542281182186967,0.2,1.1957570568246874,4.2784217630399635
2021-03,7,2021-10,2021-04-12T21:59:00+00:00,CORE_LEVELPHASE_FIXED060_R29B,0.3398681045114833,1.0221465076660996,5.798394290811807,2.6342554898644037,1.119144090842453,4.131396487139466,0.46101146649854574,1.3,1.655709120194148,5.5700442896945965
2021-03,8,2021-11,2021-04-12T21:59:00+00:00,CORE_LEVELPHASE_FIXED060_R29B,0.07377336526554962,0.1686340640809414,5.976806422836781,2.709972234054519,1.1928902569372302,4.29988852363141,0.01931097361240981,1.1,1.675018229478058,6.664038293528033
2021-03,9,2021-12,2021-04-12T21:59:00+00:00,CORE_LEVELPHASE_FIXED060_R29B,0.09978741811024415,0.4208754208754106,6.613047363717604,2.996221618383143,1.2926279204998434,4.719880741163989,0.18879732773748828,0.8,1.8636375590627003,7.46085525844572
2021-03,10,2022-01,2021-04-12T21:59:00+00:00,CORE_LEVELPHASE_FIXED060_R29B,0.9413808902916205,4.442581726739303,9.876543209876534,2.5905992610450688,2.2296054343469636,9.066608466112214,0.463342748679625,1.7,2.3259101795296715,9.146566965088011
2021-03,11,2022-02,2021-04-12T21:59:00+00:00,CORE_LEVELPHASE_FIXED060_R29B,0.27079033347967313,1.2841091492777013,11.091549295774657,2.687298340623095,2.500029791340198,10.342542841488228,0.3902830861444236,0.9,2.715433637063948,10.042541102235202
2021-03,12,2022-03,2021-04-12T21:59:00+00:00,CORE_LEVELPHASE_FIXED060_R29B,0.050042722235156635,1.6640253565768592,12.741652021089632,2.582852173024717,2.5500599963809,11.992874992936022,0.014153516227342774,0.7,2.729586151775681,10.740102475877725
2021-03,1,2021-04,2021-04-12T21:59:00+00:00,CORE_LEVELPHASE_FIXED080_R29B,0.30861657090026084,0.5272407732864748,3.0630630630630717,2.8141358992972574,0.30814132749663226,0.5258557253467051,0.4377664743806982,0.3,0.43681106424559346,0.2995508979798479
2021-03,2,2021-05,2021-04-12T21:59:00+00:00,CORE_LEVELPHASE_FIXED080_R29B,0.2642912803229526,0.1748251748251661,2.872531418312392,2.715717964016633,0.5720839725552811,0.7005282588408629,0.19274038409409583,0.4,0.6293659423863976,0.6987530249335933
2021-03,3,2021-06,2021-04-12T21:59:00+00:00,CORE_LEVELPHASE_FIXED080_R29B,0.18997160282739675,0.523560209424101,2.765388046387192,2.2682296226623158,0.7618753575389949,1.2227226569560476,0.2598720101872548,0.9,0.8889008691293132,1.5947271620807837
2021-03,4,2021-07,2021-04-12T21:59:00+00:00,CORE_LEVELPHASE_FIXED080_R29B,0.2528054704235655,1.041666666666674,3.3747779751332514,2.0714994557316455,1.0143618124791256,2.2590013605107133,0.6222544163786887,1.5,1.5092272766609622,3.083588411455849
2021-03,5,2021-08,2021-04-12T21:59:00+00:00,CORE_LEVELPHASE_FIXED080_R29B,0.012688385284316173,0.6872852233676952,4.085257548845505,2.0844506808480676,1.027049392855922,2.9439355450681903,0.14309508456054335,1.0,1.652220077768814,4.078621496772658
2021-03,6,2021-09,2021-04-12T21:59:00+00:00,CORE_LEVELPHASE_FIXED080_R29B,-0.24689187958537773,0.1706484641638139,4.915102770330665,2.4694338087437098,0.7798522326906933,3.114438570176565,-0.45542281182186967,0.2,1.1957570568246874,4.2784217630399635
2021-03,7,2021-10,2021-04-12T21:59:00+00:00,CORE_LEVELPHASE_FIXED080_R29B,0.3398681045114833,1.0221465076660996,5.798394290811807,2.6342554898644037,1.119144090842453,4.131396487139466,0.46101146649854574,1.3,1.655709120194148,5.5700442896945965
2021-03,8,2021-11,2021-04-12T21:59:00+00:00,CORE_LEVELPHASE_FIXED080_R29B,0.07377336526554962,0.1686340640809414,5.976806422836781,2.709972234054519,1.1928902569372302,4.29988852363141,0.01931097361240981,1.1,1.675018229478058,6.664038293528033
2021-03,9,2021-12,2021-04-12T21:59:00+00:00,CORE_LEVELPHASE_FIXED080_R29B,0.09978741811024415,0.4208754208754106,6.613047363717604,2.996221618383143,1.2926279204998434,4.719880741163989,0.18879732773748828,0.8,1.8636375590627003,7.46085525844572
2021-03,10,2022-01,2021-04-12T21:59:00+00:00,CORE_LEVELPHASE_FIXED080_R29B,0.9413808902916205,4.442581726739303,9.876543209876534,2.5905992610450688,2.2296054343469636,9.066608466112214,0.463342748679625,1.7,2.3259101795296715,9.146566965088011
2021-03,11,2022-02,2021-04-12T21:59:00+00:00,CORE_LEVELPHASE_FIXED080_R29B,0.27079033347967313,1.2841091492777013,11.091549295774657,2.687298340623095,2.500029791340198,10.342542841488228,0.3902830861444236,0.9,2.715433637063948,10.042541102235202
2021-03,12,2022-03,2021-04-12T21:59:00+00:00,CORE_LEVELPHASE_FIXED080_R29B,0.050042722235156635,1.6640253565768592,12.741652021089632,2.582852173024717,2.5500599963809,11.992874992936022,0.014153516227342774,0.7,2.729586151775681,10.740102475877725
2021-03,1,2021-04,2021-04-12T21:59:00+00:00,CORE_LEVELPHASE_PANEL_R29B,0.28756251593467874,0.5272407732864748,3.0630630630630717,2.7925559539001177,0.2871498458654901,0.5258557253467051,0.3994075715493952,0.3,0.3986120570349429,0.2995508979798479
2021-03,2,2021-05,2021-04-12T21:59:00+00:00,CORE_LEVELPHASE_PANEL_R29B,0.24328858843476633,0.1748251748251661,2.872531418312392,2.672646991605911,0.5301429667428107,0.7005282588408629,0.15447506092230084,0.4,0.5529679279650963,0.6987530249335933
2021-03,3,2021-06,2021-04-12T21:59:00+00:00,CORE_LEVELPHASE_PANEL_R29B,0.16806144711841245,0.523560209424101,2.765388046387192,2.2029910281171876,0.698063348639905,1.2227226569560476,0.21995335626364895,0.9,0.7726797409575967,1.5947271620807837
2021-03,4,2021-07,2021-04-12T21:59:00+00:00,CORE_LEVELPHASE_PANEL_R29B,0.22991951592953946,1.041666666666674,3.3747779751332514,1.9831000924044728,0.9277189540941317,2.2590013605107133,0.5805579305438663,1.5,1.3515589281990663,3.083588411455849
2021-03,5,2021-08,2021-04-12T21:59:00+00:00,CORE_LEVELPHASE_PANEL_R29B,-0.010980909107946133,0.6872852233676952,4.085257548845505,1.9719014208778598,0.9167374420402217,2.9439355450681903,0.09997141241460655,1.0,1.4514804024769745,4.078621496772658
2021-03,6,2021-09,2021-04-12T21:59:00+00:00,CORE_LEVELPHASE_PANEL_R29B,-0.26705549797090794,0.1706484641638139,4.915102770330665,2.335770252965287,0.6493247147321998,3.114438570176565,-0.4921594062518939,0.2,0.9581059033840401,4.2784217630399635
2021-03,7,2021-10,2021-04-12T21:59:00+00:00,CORE_LEVELPHASE_PANEL_R29B,0.3229142488789652,1.0221465076660996,5.798394290811807,2.4830580322861877,0.9717187152204477,4.131396487139466,0.43012281811766023,1.3,1.387306337285829,5.5700442896945965
2021-03,8,2021-11,2021-04-12T21:59:00+00:00,CORE_LEVELPHASE_PANEL_R29B,0.06027472531102527,0.1686340640809414,5.976806422836781,2.5448294140054872,1.0319752826149728,4.29988852363141,-0.005282531971991898,1.1,1.382023665783203,6.664038293528033
2021-03,9,2021-12,2021-04-12T21:59:00+00:00,CORE_LEVELPHASE_PANEL_R29B,0.08503138316216163,0.4208754208754106,6.613047363717604,2.8154599549744375,1.1169705345769776,4.719880741163989,0.1619129431534206,0.8,1.5438056712484767,7.46085525844572
2021-03,10,2022-01,2021-04-12T21:59:00+00:00,CORE_LEVELPHASE_PANEL_R29B,0.9253465434719426,4.442581726739303,9.876543209876534,2.394281756385764,2.0380619764029815,9.066608466112214,0.43412937611909447,1.7,1.9769954242632466,9.146566965088011
2021-03,11,2022-02,2021-04-12T21:59:00+00:00,CORE_LEVELPHASE_PANEL_R29B,0.2535306990698651,1.2841091492777013,11.091549295774657,2.473154028014228,2.291271828578489,10.342542841488228,0.3588373318556684,0.9,2.3351904710124884,10.042541102235202
2021-03,12,2022-03,2021-04-12T21:59:00+00:00,CORE_LEVELPHASE_PANEL_R29B,0.032847754032753515,1.6640253565768592,12.741652021089632,2.3513321727259417,2.3241141889176236,11.992874992936022,-0.017174421100719116,0.7,2.3180145749391876,10.740102475877725
2021-04,1,2021-05,2021-05-10T21:59:00+00:00,CORE_LEVELPHASE_FIXED040_R29B,0.26640224583305666,0.1748251748251661,2.872531418312392,2.688779229586191,0.2660480240139224,0.17467253349415784,0.12624402149132422,0.4,0.12616440073043467,0.39920212695374535
2021-04,2,2021-06,2021-05-10T21:59:00+00:00,CORE_LEVELPHASE_FIXED040_R29B,0.1814311184400485,0.523560209424101,2.765388046387192,2.2326928939374975,0.4473147550035724,0.6968669316093424,0.19590096685102007,0.9,0.32187373187404267,1.295176264100936
2021-04,3,2021-07,2021-05-10T21:59:00+00:00,CORE_LEVELPHASE_FIXED040_R29B,0.2369220693080477,1.041666666666674,3.3747779751332514,2.0198651641303162,0.6839566064882969,1.733145635164008,0.5601155314302455,1.5,0.8804264492552334,2.7840375134760014
2021-04,4,2021-08,2021-05-10T21:59:00+00:00,CORE_LEVELPHASE_FIXED040_R29B,-0.006085909671482778,0.6872852233676952,4.085257548845505,2.0136563272894583,0.6778705116178174,2.418079819721485,0.08289497422472297,1.0,0.9632870845717069,3.77907059879281
2021-04,5,2021-09,2021-05-10T21:59:00+00:00,CORE_LEVELPHASE_FIXED040_R29B,-0.2700407011658128,0.1706484641638139,4.915102770330665,2.3746097892762315,0.40746454282153555,2.5885828448298596,-0.5139566670408422,0.2,0.4480051173234655,3.9788708650601157
2021-04,6,2021-10,2021-05-10T21:59:00+00:00,CORE_LEVELPHASE_FIXED040_R29B,0.31061498437370083,1.0221465076660996,5.798394290811807,2.5093846091931047,0.7175981154863041,3.605540761792761,0.4029935365911257,1.3,0.8501888099786225,5.270493391714749
2021-04,7,2021-11,2021-05-10T21:59:00+00:00,CORE_LEVELPHASE_FIXED040_R29B,0.04363669001435903,0.1686340640809414,5.976806422836781,2.554116311590646,0.761225287465889,3.774032798284706,-0.0376117259748197,1.1,0.8125700090200775,6.364487395548185
2021-04,8,2021-12,2021-05-10T21:59:00+00:00,CORE_LEVELPHASE_FIXED040_R29B,0.06949259658161075,0.4208754208754106,6.613047363717604,2.8088072147782146,0.8306937491232779,4.194025015817283,0.13245142724456313,0.8,0.9449337967397438,7.161304360465873
2021-04,9,2022-01,2021-05-10T21:59:00+00:00,CORE_LEVELPHASE_FIXED040_R29B,0.9108607167180504,4.442581726739303,9.876543209876534,2.372960556555449,1.7374311491493482,8.540752740765509,0.4073825291453206,1.7,1.3514887700437224,8.847016067108163
2021-04,10,2022-02,2021-05-10T21:59:00+00:00,CORE_LEVELPHASE_FIXED040_R29B,0.2405135170623967,1.2841091492777013,11.091549295774657,2.4385137916860833,1.9776558953815324,9.816687116141523,0.3347953179063407,0.9,1.6857248961765925,9.742990204255353
2021-04,11,2022-03,2021-05-10T21:59:00+00:00,CORE_LEVELPHASE_FIXED040_R29B,0.0029252212201001737,1.6640253565768592,12.741652021089632,2.2614725410595957,1.9805810738178709,11.467019267589317,-0.08396930678925638,0.7,1.601720315417335,10.440551577897876
2021-04,12,2022-04,2021-05-10T21:59:00+00:00,CORE_LEVELPHASE_FIXED040_R29B,0.20431406713857525,1.7926734216679563,14.160839160839142,2.208725723513573,2.1846867036291933,13.2438137896633,0.38907835036087196,1.5,1.9900437135680704,11.929412827272941
2021-04,1,2021-05,2021-05-10T21:59:00+00:00,CORE_LEVELPHASE_FIXED060_R29B,0.26640224583305666,0.1748251748251661,2.872531418312392,2.688779229586191,0.2660480240139224,0.17467253349415784,0.12624402149132422,0.4,0.12616440073043467,0.39920212695374535
2021-04,2,2021-06,2021-05-10T21:59:00+00:00,CORE_LEVELPHASE_FIXED060_R29B,0.1814311184400485,0.523560209424101,2.765388046387192,2.2326928939374975,0.4473147550035724,0.6968669316093424,0.19590096685102007,0.9,0.32187373187404267,1.295176264100936
2021-04,3,2021-07,2021-05-10T21:59:00+00:00,CORE_LEVELPHASE_FIXED060_R29B,0.2369220693080477,1.041666666666674,3.3747779751332514,2.0198651641303162,0.6839566064882969,1.733145635164008,0.5601155314302455,1.5,0.8804264492552334,2.7840375134760014
2021-04,4,2021-08,2021-05-10T21:59:00+00:00,CORE_LEVELPHASE_FIXED060_R29B,-0.006085909671482778,0.6872852233676952,4.085257548845505,2.0136563272894583,0.6778705116178174,2.418079819721485,0.08289497422472297,1.0,0.9632870845717069,3.77907059879281
2021-04,5,2021-09,2021-05-10T21:59:00+00:00,CORE_LEVELPHASE_FIXED060_R29B,-0.2700407011658128,0.1706484641638139,4.915102770330665,2.3746097892762315,0.40746454282153555,2.5885828448298596,-0.5139566670408422,0.2,0.4480051173234655,3.9788708650601157
2021-04,6,2021-10,2021-05-10T21:59:00+00:00,CORE_LEVELPHASE_FIXED060_R29B,0.31061498437370083,1.0221465076660996,5.798394290811807,2.5093846091931047,0.7175981154863041,3.605540761792761,0.4029935365911257,1.3,0.8501888099786225,5.270493391714749
2021-04,7,2021-11,2021-05-10T21:59:00+00:00,CORE_LEVELPHASE_FIXED060_R29B,0.04363669001435903,0.1686340640809414,5.976806422836781,2.554116311590646,0.761225287465889,3.774032798284706,-0.0376117259748197,1.1,0.8125700090200775,6.364487395548185
2021-04,8,2021-12,2021-05-10T21:59:00+00:00,CORE_LEVELPHASE_FIXED060_R29B,0.06949259658161075,0.4208754208754106,6.613047363717604,2.8088072147782146,0.8306937491232779,4.194025015817283,0.13245142724456313,0.8,0.9449337967397438,7.161304360465873
2021-04,9,2022-01,2021-05-10T21:59:00+00:00,CORE_LEVELPHASE_FIXED060_R29B,0.9108607167180504,4.442581726739303,9.876543209876534,2.372960556555449,1.7374311491493482,8.540752740765509,0.4073825291453206,1.7,1.3514887700437224,8.847016067108163
2021-04,10,2022-02,2021-05-10T21:59:00+00:00,CORE_LEVELPHASE_FIXED060_R29B,0.2405135170623967,1.2841091492777013,11.091549295774657,2.4385137916860833,1.9776558953815324,9.816687116141523,0.3347953179063407,0.9,1.6857248961765925,9.742990204255353
2021-04,11,2022-03,2021-05-10T21:59:00+00:00,CORE_LEVELPHASE_FIXED060_R29B,0.0029252212201001737,1.6640253565768592,12.741652021089632,2.2614725410595957,1.9805810738178709,11.467019267589317,-0.08396930678925638,0.7,1.601720315417335,10.440551577897876
2021-04,12,2022-04,2021-05-10T21:59:00+00:00,CORE_LEVELPHASE_FIXED060_R29B,0.20431406713857525,1.7926734216679563,14.160839160839142,2.208725723513573,2.1846867036291933,13.2438137896633,0.38907835036087196,1.5,1.9900437135680704,11.929412827272941
2021-04,1,2021-05,2021-05-10T21:59:00+00:00,CORE_LEVELPHASE_FIXED080_R29B,0.26640224583305666,0.1748251748251661,2.872531418312392,2.688779229586191,0.2660480240139224,0.17467253349415784,0.12624402149132422,0.4,0.12616440073043467,0.39920212695374535
2021-04,2,2021-06,2021-05-10T21:59:00+00:00,CORE_LEVELPHASE_FIXED080_R29B,0.1814311184400485,0.523560209424101,2.765388046387192,2.2326928939374975,0.4473147550035724,0.6968669316093424,0.19590096685102007,0.9,0.32187373187404267,1.295176264100936
2021-04,3,2021-07,2021-05-10T21:59:00+00:00,CORE_LEVELPHASE_FIXED080_R29B,0.2369220693080477,1.041666666666674,3.3747779751332514,2.0198651641303162,0.6839566064882969,1.733145635164008,0.5601155314302455,1.5,0.8804264492552334,2.7840375134760014
2021-04,4,2021-08,2021-05-10T21:59:00+00:00,CORE_LEVELPHASE_FIXED080_R29B,-0.006085909671482778,0.6872852233676952,4.085257548845505,2.0136563272894583,0.6778705116178174,2.418079819721485,0.08289497422472297,1.0,0.9632870845717069,3.77907059879281
2021-04,5,2021-09,2021-05-10T21:59:00+00:00,CORE_LEVELPHASE_FIXED080_R29B,-0.2700407011658128,0.1706484641638139,4.915102770330665,2.3746097892762315,0.40746454282153555,2.5885828448298596,-0.5139566670408422,0.2,0.4480051173234655,3.9788708650601157
2021-04,6,2021-10,2021-05-10T21:59:00+00:00,CORE_LEVELPHASE_FIXED080_R29B,0.31061498437370083,1.0221465076660996,5.798394290811807,2.5093846091931047,0.7175981154863041,3.605540761792761,0.4029935365911257,1.3,0.8501888099786225,5.270493391714749
2021-04,7,2021-11,2021-05-10T21:59:00+00:00,CORE_LEVELPHASE_FIXED080_R29B,0.04363669001435903,0.1686340640809414,5.976806422836781,2.554116311590646,0.761225287465889,3.774032798284706,-0.0376117259748197,1.1,0.8125700090200775,6.364487395548185
2021-04,8,2021-12,2021-05-10T21:59:00+00:00,CORE_LEVELPHASE_FIXED080_R29B,0.06949259658161075,0.4208754208754106,6.613047363717604,2.8088072147782146,0.8306937491232779,4.194025015817283,0.13245142724456313,0.8,0.9449337967397438,7.161304360465873
2021-04,9,2022-01,2021-05-10T21:59:00+00:00,CORE_LEVELPHASE_FIXED080_R29B,0.9108607167180504,4.442581726739303,9.876543209876534,2.372960556555449,1.7374311491493482,8.540752740765509,0.4073825291453206,1.7,1.3514887700437224,8.847016067108163
2021-04,10,2022-02,2021-05-10T21:59:00+00:00,CORE_LEVELPHASE_FIXED080_R29B,0.2405135170623967,1.2841091492777013,11.091549295774657,2.4385137916860833,1.9776558953815324,9.816687116141523,0.3347953179063407,0.9,1.6857248961765925,9.742990204255353
2021-04,11,2022-03,2021-05-10T21:59:00+00:00,CORE_LEVELPHASE_FIXED080_R29B,0.0029252212201001737,1.6640253565768592,12.741652021089632,2.2614725410595957,1.9805810738178709,11.467019267589317,-0.08396930678925638,0.7,1.601720315417335,10.440551577897876
2021-04,12,2022-04,2021-05-10T21:59:00+00:00,CORE_LEVELPHASE_FIXED080_R29B,0.20431406713857525,1.7926734216679563,14.160839160839142,2.208725723513573,2.1846867036291933,13.2438137896633,0.38907835036087196,1.5,1.9900437135680704,11.929412827272941
2021-04,1,2021-05,2021-05-10T21:59:00+00:00,CORE_LEVELPHASE_PANEL_R29B,0.2692200214196038,0.1748251748251661,2.872531418312392,2.691665080964562,0.26885827343980984,0.17467253349415784,0.13137554835789023,0.4,0.13128932619265837,0.39920212695374535
2021-04,2,2021-06,2021-05-10T21:59:00+00:00,CORE_LEVELPHASE_PANEL_R29B,0.18425085432823274,0.523560209424101,2.765388046387192,2.238443480140018,0.45293959409432427,0.6968669316093424,0.20103606367559307,0.9,0.3321235827984901,1.295176264100936
2021-04,3,2021-07,2021-05-10T21:59:00+00:00,CORE_LEVELPHASE_PANEL_R29B,0.23867198569214482,1.041666666666674,3.3747779751332514,2.027384921614842,0.6913272105858969,1.733145635164008,0.5633023511976216,1.5,0.8938453192836646,2.7840375134760014
2021-04,4,2021-08,2021-05-10T21:59:00+00:00,CORE_LEVELPHASE_PANEL_R29B,-0.0054192204188294535,0.6872852233676952,4.085257548845505,2.021855832738372,0.6859078433220124,2.418079819721485,0.08410909994430645,1.0,0.9779190673458816,3.77907059879281
2021-04,5,2021-09,2021-05-10T21:59:00+00:00,CORE_LEVELPHASE_PANEL_R29B,-0.2704464791696421,0.1706484641638139,4.915102770330665,2.382421734966706,0.41509499696136315,2.5885828448298596,-0.5146956402715185,0.2,0.46189430648514374,3.9788708650601157
2021-04,6,2021-10,2021-05-10T21:59:00+00:00,CORE_LEVELPHASE_PANEL_R29B,0.31003283954459776,1.0221465076660996,5.798394290811807,2.516611888593967,0.7246482257428685,3.605540761792761,0.4019333769939466,1.3,0.8630220891947792,5.270493391714749
2021-04,7,2021-11,2021-05-10T21:59:00+00:00,CORE_LEVELPHASE_PANEL_R29B,0.042885231117961733,0.1686340640809414,5.976806422836781,2.5605763745366947,0.7675242637738138,3.774032798284706,-0.0389802279713566,1.1,0.8240342619576875,6.364487395548185
2021-04,8,2021-12,2021-05-10T21:59:00+00:00,CORE_LEVELPHASE_PANEL_R29B,0.06856769866047001,0.4208754208754106,6.613047363717604,2.8143330451026416,0.8360684655280309,4.194025015817283,0.13076707077777278,0.8,0.9547159070657821,7.161304360465873
2021-04,9,2022-01,2021-05-10T21:59:00+00:00,CORE_LEVELPHASE_PANEL_R29B,0.9097033984397968,4.442581726739303,9.876543209876534,2.377288810932903,1.7416589871045833,8.540752740765509,0.4052749057183948,1.7,1.3591717861653163,8.847016067108163
2021-04,10,2022-02,2021-05-10T21:59:00+00:00,CORE_LEVELPHASE_PANEL_R29B,0.23912732169709036,1.2841091492777013,11.091549295774657,2.441428166876227,1.9805008543975107,9.816687116141523,0.3322708802636343,0.9,1.6908918665008692,9.742990204255353
2021-04,11,2022-03,2021-05-10T21:59:00+00:00,CORE_LEVELPHASE_PANEL_R29B,0.0013160573410613855,1.6640253565768592,12.741652021089632,2.2627363260688216,1.9818169030786135,11.467019267589317,-0.08689979838603877,0.7,1.6039542883514215,10.440551577897876
2021-04,12,2022-04,2021-05-10T21:59:00+00:00,CORE_LEVELPHASE_PANEL_R29B,0.20269728475029752,1.7926734216679563,14.160839160839142,2.2083397129917666,2.1843090340633164,13.2438137896633,0.38613398449211794,1.5,1.9893446891119668,11.929412827272941
2021-05,1,2021-06,2021-06-09T21:59:00+00:00,CORE_LEVELPHASE_FIXED040_R29B,0.17688815382431025,0.523560209424101,2.765388046387192,2.812950316943343,0.17673189097600078,0.5221943981151846,0.17789207065080176,0.9,0.17773403010677186,0.8959741371471904
2021-05,2,2021-07,2021-06-09T21:59:00+00:00,CORE_LEVELPHASE_FIXED040_R29B,0.22039797622133894,1.041666666666674,3.3747779751332514,2.582001140463857,0.39688734713190127,1.5584731016698505,0.5427566910386401,1.5,0.7190231050119718,2.384835386522256
2021-05,3,2021-08,2021-06-09T21:59:00+00:00,CORE_LEVELPHASE_FIXED040_R29B,-0.025753714636648203,0.6872852233676952,4.085257548845505,2.5555824646215792,0.37113031565668014,2.243407286227327,0.06618821442717882,1.0,0.7851894247011301,3.379868471839064
2021-05,4,2021-09,2021-06-09T21:59:00+00:00,CORE_LEVELPHASE_FIXED040_R29B,-0.28383484233256445,0.1706484641638139,4.915102770330665,2.904218258643813,0.08689189839709965,2.413910311335702,-0.5301107488612785,0.2,0.25366860330451424,3.5796687381063697
2021-05,5,2021-10,2021-06-09T21:59:00+00:00,CORE_LEVELPHASE_FIXED040_R29B,0.2943850162285907,1.0221465076660996,5.798394290811807,3.0230187764477336,0.38084445046868937,3.430868228298603,0.3870563434846566,1.3,0.6399778109944494,4.871291264761003
2021-05,6,2021-11,2021-06-09T21:59:00+00:00,CORE_LEVELPHASE_FIXED040_R29B,0.030288199720514445,0.1686340640809414,5.976806422836781,3.054222594132847,0.4111280642399699,3.599360264790548,-0.053187640934040825,1.1,0.5867760204172046,5.965285268594439
2021-05,7,2021-12,2021-06-09T21:59:00+00:00,CORE_LEVELPHASE_FIXED040_R29B,0.05895949051661991,0.4208754208754106,6.613047363717604,3.2992812888441025,0.47007018047783533,4.019352482323126,0.11708248246352884,0.8,0.7037900147953887,6.762102233512127
2021-05,8,2022-01,2021-06-09T21:59:00+00:00,CORE_LEVELPHASE_FIXED040_R29B,0.9003783265330236,4.442581726739303,9.876543209876534,2.8506703164798872,1.366419268887418,8.36608020727135,0.3921586746936762,1.7,1.0951817517796594,8.447813940154417
2021-05,9,2022-02,2021-06-09T21:59:00+00:00,CORE_LEVELPHASE_FIXED040_R29B,0.22989464690124192,1.2841091492777013,11.091549295774657,2.9056270960264277,1.5960500623578553,9.642014582647365,0.3197321918826162,0.9,1.414403887210241,9.343788077301607
2021-05,10,2022-03,2021-06-09T21:59:00+00:00,CORE_LEVELPHASE_FIXED040_R29B,-0.00756385150671481,1.6640253565768592,12.741652021089632,2.717003672003635,1.5884859247774668,11.292346734095158,-0.09885028585187002,0.7,1.31550471224263,10.04134945094413
2021-05,11,2022-04,2021-06-09T21:59:00+00:00,CORE_LEVELPHASE_FIXED040_R29B,0.22678798785369372,1.7926734216679563,14.160839160839142,2.4100061892599958,1.8150171368251606,13.069141256169143,0.3509154927961786,1.5,1.665805933253843,11.530210700319195
2021-05,12,2022-05,2021-06-09T21:59:00+00:00,CORE_LEVELPHASE_FIXED040_R29B,0.24849739379978983,1.7611026033690802,15.968586387434565,2.0846375237499237,2.063206286398297,14.814916143856053,0.1284112450630007,1.4,1.7941348015906626,12.920501217218337
2021-05,1,2021-06,2021-06-09T21:59:00+00:00,CORE_LEVELPHASE_FIXED060_R29B,0.17688815382431025,0.523560209424101,2.765388046387192,2.812950316943343,0.17673189097600078,0.5221943981151846,0.17789207065080176,0.9,0.17773403010677186,0.8959741371471904
2021-05,2,2021-07,2021-06-09T21:59:00+00:00,CORE_LEVELPHASE_FIXED060_R29B,0.22039797622133894,1.041666666666674,3.3747779751332514,2.582001140463857,0.39688734713190127,1.5584731016698505,0.5427566910386401,1.5,0.7190231050119718,2.384835386522256
2021-05,3,2021-08,2021-06-09T21:59:00+00:00,CORE_LEVELPHASE_FIXED060_R29B,-0.025753714636648203,0.6872852233676952,4.085257548845505,2.5555824646215792,0.37113031565668014,2.243407286227327,0.06618821442717882,1.0,0.7851894247011301,3.379868471839064
2021-05,4,2021-09,2021-06-09T21:59:00+00:00,CORE_LEVELPHASE_FIXED060_R29B,-0.28383484233256445,0.1706484641638139,4.915102770330665,2.904218258643813,0.08689189839709965,2.413910311335702,-0.5301107488612785,0.2,0.25366860330451424,3.5796687381063697
2021-05,5,2021-10,2021-06-09T21:59:00+00:00,CORE_LEVELPHASE_FIXED060_R29B,0.2943850162285907,1.0221465076660996,5.798394290811807,3.0230187764477336,0.38084445046868937,3.430868228298603,0.3870563434846566,1.3,0.6399778109944494,4.871291264761003
2021-05,6,2021-11,2021-06-09T21:59:00+00:00,CORE_LEVELPHASE_FIXED060_R29B,0.030288199720514445,0.1686340640809414,5.976806422836781,3.054222594132847,0.4111280642399699,3.599360264790548,-0.053187640934040825,1.1,0.5867760204172046,5.965285268594439
2021-05,7,2021-12,2021-06-09T21:59:00+00:00,CORE_LEVELPHASE_FIXED060_R29B,0.05895949051661991,0.4208754208754106,6.613047363717604,3.2992812888441025,0.47007018047783533,4.019352482323126,0.11708248246352884,0.8,0.7037900147953887,6.762102233512127
2021-05,8,2022-01,2021-06-09T21:59:00+00:00,CORE_LEVELPHASE_FIXED060_R29B,0.9003783265330236,4.442581726739303,9.876543209876534,2.8506703164798872,1.366419268887418,8.36608020727135,0.3921586746936762,1.7,1.0951817517796594,8.447813940154417
2021-05,9,2022-02,2021-06-09T21:59:00+00:00,CORE_LEVELPHASE_FIXED060_R29B,0.22989464690124192,1.2841091492777013,11.091549295774657,2.9056270960264277,1.5960500623578553,9.642014582647365,0.3197321918826162,0.9,1.414403887210241,9.343788077301607
2021-05,10,2022-03,2021-06-09T21:59:00+00:00,CORE_LEVELPHASE_FIXED060_R29B,-0.00756385150671481,1.6640253565768592,12.741652021089632,2.717003672003635,1.5884859247774668,11.292346734095158,-0.09885028585187002,0.7,1.31550471224263,10.04134945094413
2021-05,11,2022-04,2021-06-09T21:59:00+00:00,CORE_LEVELPHASE_FIXED060_R29B,0.22678798785369372,1.7926734216679563,14.160839160839142,2.4100061892599958,1.8150171368251606,13.069141256169143,0.3509154927961786,1.5,1.665805933253843,11.530210700319195
2021-05,12,2022-05,2021-06-09T21:59:00+00:00,CORE_LEVELPHASE_FIXED060_R29B,0.24849739379978983,1.7611026033690802,15.968586387434565,2.0846375237499237,2.063206286398297,14.814916143856053,0.1284112450630007,1.4,1.7941348015906626,12.920501217218337
2021-05,1,2021-06,2021-06-09T21:59:00+00:00,CORE_LEVELPHASE_FIXED080_R29B,0.17688815382431025,0.523560209424101,2.765388046387192,2.812950316943343,0.17673189097600078,0.5221943981151846,0.17789207065080176,0.9,0.17773403010677186,0.8959741371471904
2021-05,2,2021-07,2021-06-09T21:59:00+00:00,CORE_LEVELPHASE_FIXED080_R29B,0.22039797622133894,1.041666666666674,3.3747779751332514,2.582001140463857,0.39688734713190127,1.5584731016698505,0.5427566910386401,1.5,0.7190231050119718,2.384835386522256
2021-05,3,2021-08,2021-06-09T21:59:00+00:00,CORE_LEVELPHASE_FIXED080_R29B,-0.025753714636648203,0.6872852233676952,4.085257548845505,2.5555824646215792,0.37113031565668014,2.243407286227327,0.06618821442717882,1.0,0.7851894247011301,3.379868471839064
2021-05,4,2021-09,2021-06-09T21:59:00+00:00,CORE_LEVELPHASE_FIXED080_R29B,-0.28383484233256445,0.1706484641638139,4.915102770330665,2.904218258643813,0.08689189839709965,2.413910311335702,-0.5301107488612785,0.2,0.25366860330451424,3.5796687381063697
2021-05,5,2021-10,2021-06-09T21:59:00+00:00,CORE_LEVELPHASE_FIXED080_R29B,0.2943850162285907,1.0221465076660996,5.798394290811807,3.0230187764477336,0.38084445046868937,3.430868228298603,0.3870563434846566,1.3,0.6399778109944494,4.871291264761003
2021-05,6,2021-11,2021-06-09T21:59:00+00:00,CORE_LEVELPHASE_FIXED080_R29B,0.030288199720514445,0.1686340640809414,5.976806422836781,3.054222594132847,0.4111280642399699,3.599360264790548,-0.053187640934040825,1.1,0.5867760204172046,5.965285268594439
2021-05,7,2021-12,2021-06-09T21:59:00+00:00,CORE_LEVELPHASE_FIXED080_R29B,0.05895949051661991,0.4208754208754106,6.613047363717604,3.2992812888441025,0.47007018047783533,4.019352482323126,0.11708248246352884,0.8,0.7037900147953887,6.762102233512127
2021-05,8,2022-01,2021-06-09T21:59:00+00:00,CORE_LEVELPHASE_FIXED080_R29B,0.9003783265330236,4.442581726739303,9.876543209876534,2.8506703164798872,1.366419268887418,8.36608020727135,0.3921586746936762,1.7,1.0951817517796594,8.447813940154417
2021-05,9,2022-02,2021-06-09T21:59:00+00:00,CORE_LEVELPHASE_FIXED080_R29B,0.22989464690124192,1.2841091492777013,11.091549295774657,2.9056270960264277,1.5960500623578553,9.642014582647365,0.3197321918826162,0.9,1.414403887210241,9.343788077301607
2021-05,10,2022-03,2021-06-09T21:59:00+00:00,CORE_LEVELPHASE_FIXED080_R29B,-0.00756385150671481,1.6640253565768592,12.741652021089632,2.717003672003635,1.5884859247774668,11.292346734095158,-0.09885028585187002,0.7,1.31550471224263,10.04134945094413
2021-05,11,2022-04,2021-06-09T21:59:00+00:00,CORE_LEVELPHASE_FIXED080_R29B,0.22678798785369372,1.7926734216679563,14.160839160839142,2.4100061892599958,1.8150171368251606,13.069141256169143,0.3509154927961786,1.5,1.665805933253843,11.530210700319195
2021-05,12,2022-05,2021-06-09T21:59:00+00:00,CORE_LEVELPHASE_FIXED080_R29B,0.24849739379978983,1.7611026033690802,15.968586387434565,2.0846375237499237,2.063206286398297,14.814916143856053,0.1284112450630007,1.4,1.7941348015906626,12.920501217218337
2021-05,1,2021-06,2021-06-09T21:59:00+00:00,CORE_LEVELPHASE_PANEL_R29B,0.18546427584505115,0.523560209424101,2.765388046387192,2.8217521116834288,0.18529250320876914,0.5221943981151846,0.1935302240096302,0.9,0.1933431955371423,0.8959741371471904
2021-05,2,2021-07,2021-06-09T21:59:00+00:00,CORE_LEVELPHASE_PANEL_R29B,0.22900533391135589,1.041666666666674,3.3747779751332514,2.5995941002322933,0.4140360195466099,1.5584731016698505,0.558451801164784,1.5,0.7502414358727124,2.384835386522256
2021-05,3,2021-08,2021-06-09T21:59:00+00:00,CORE_LEVELPHASE_PANEL_R29B,-0.018121070387438477,0.6872852233676952,4.085257548845505,2.5810019555681643,0.3959133070948354,2.243407286227327,0.08010598064060892,1.0,0.8303153487969458,3.379868471839064
2021-05,4,2021-09,2021-06-09T21:59:00+00:00,CORE_LEVELPHASE_PANEL_R29B,-0.27717601524350227,0.1706484641638139,4.915102770330665,2.9365975841971896,0.11835244783950376,2.413910311335702,-0.5179686922351207,0.2,0.3110005484401098,3.5796687381063697
2021-05,5,2021-10,2021-06-09T21:59:00+00:00,CORE_LEVELPHASE_PANEL_R29B,0.3001683636726443,1.0221465076660996,5.798394290811807,3.061378043064689,0.41807120577083395,3.430868228298603,0.39760200433681947,1.3,0.7078142049745293,4.871291264761003
2021-05,6,2021-11,2021-06-09T21:59:00+00:00,CORE_LEVELPHASE_PANEL_R29B,0.034971438534071565,0.1686340640809414,5.976806422836781,3.097420089539386,0.4530365307226367,3.599360264790548,-0.04464797619917539,1.1,0.6631562585986953,5.965285268594439
2021-05,7,2021-12,2021-06-09T21:59:00+00:00,CORE_LEVELPHASE_PANEL_R29B,0.06257415193320465,0.4208754208754106,6.613047363717604,3.3463147894104464,0.5155911131965805,4.019352482323126,0.12367364679585592,0.8,0.7867534925352168,6.762102233512127
2021-05,8,2022-01,2021-06-09T21:59:00+00:00,CORE_LEVELPHASE_PANEL_R29B,0.9029234268768709,4.442581726739303,9.876543209876534,2.9000950341767586,1.4144625590917632,8.36608020727135,0.3967995449371772,1.7,1.182767864434751,8.447813940154417
2021-05,9,2022-02,2021-06-09T21:59:00+00:00,CORE_LEVELPHASE_PANEL_R29B,0.2325123254066848,1.2841091492777013,11.091549295774657,2.957767074539258,1.6467049928643673,9.642014582647365,0.32450540497510993,0.9,1.5067478869101474,9.343788077301607
2021-05,10,2022-03,2021-06-09T21:59:00+00:00,CORE_LEVELPHASE_PANEL_R29B,-0.004882991327427653,1.6640253565768592,12.741652021089632,2.7718033821419805,1.6418218823150372,11.292346734095158,-0.09396186396189707,0.7,1.4127418511169025,10.04134945094413
2021-05,11,2022-04,2021-06-09T21:59:00+00:00,CORE_LEVELPHASE_PANEL_R29B,0.22955535517535997,1.7926734216679563,14.160839160839142,2.467471272511692,1.871114161711053,13.069141256169143,0.3559616563735817,1.5,1.7680714634320327,11.530210700319195
2021-05,12,2022-05,2021-06-09T21:59:00+00:00,CORE_LEVELPHASE_PANEL_R29B,0.25125862514371156,1.7611026033690802,15.968586387434565,2.1447334171825507,2.1220576601162504,14.814916143856053,0.1334462199748574,1.4,1.9014287230727696,12.920501217218337
2021-06,1,2021-07,2021-07-12T21:59:00+00:00,CORE_LEVELPHASE_FIXED040_R29B,0.36959763973835474,1.041666666666674,3.3747779751332514,2.4891249261792554,0.36891630594155944,1.0362787035546657,0.65492374284547,1.5,0.6527884353208343,1.4888612493750655
2021-06,2,2021-08,2021-07-12T21:59:00+00:00,CORE_LEVELPHASE_FIXED040_R29B,0.06480260245365807,0.6872852233676952,4.085257548845505,2.555540546363401,0.4336979205754065,1.7212128881121427,0.1735895491349507,1.0,0.8262274919322989,2.4838943346918736
2021-06,3,2021-09,2021-07-12T21:59:00+00:00,CORE_LEVELPHASE_FIXED040_R29B,-0.19048241651344272,0.1706484641638139,4.915102770330665,3.0005131805580825,0.24303385559805096,1.8917159132205172,-0.42671635075056097,0.2,0.3985981086633271,2.6836946009591793
2021-06,4,2021-10,2021-07-12T21:59:00+00:00,CORE_LEVELPHASE_FIXED040_R29B,0.3697326823823096,1.0221465076660996,5.798394290811807,3.196894888460559,0.6120847068165506,2.9086738301834183,0.4886857998754003,1.3,0.8860937154451761,3.9753171276138124
2021-06,5,2021-11,2021-07-12T21:59:00+00:00,CORE_LEVELPHASE_FIXED040_R29B,0.10553917152317,0.1686340640809414,5.976806422836781,3.305808036363477,0.7175682249100953,3.077165866675363,0.045831076516140615,1.1,0.9319142927312613,5.0693111314472485
2021-06,6,2021-12,2021-07-12T21:59:00+00:00,CORE_LEVELPHASE_FIXED040_R29B,0.12483225256560418,0.4208754208754106,6.613047363717604,3.619637007147348,0.8423226268010617,3.49715808420794,0.2145349348446144,0.8,1.146219429989908,5.866128096364936
2021-06,7,2022-01,2021-07-12T21:59:00+00:00,CORE_LEVELPHASE_FIXED040_R29B,0.9563550133234373,4.442581726739303,9.876543209876534,3.2268703914520502,1.7941335145760815,7.8438858091561645,0.48848712700282365,1.7,1.6335173298683476,7.551839803007226
2021-06,8,2022-02,2021-07-12T21:59:00+00:00,CORE_LEVELPHASE_FIXED040_R29B,0.2857987805455393,1.2841091492777013,11.091549295774657,3.3396346769440624,2.0795246668864715,9.119820184532179,0.41487856247090615,0.9,2.047537644204063,8.447813940154417
2021-06,9,2022-03,2021-07-12T21:59:00+00:00,CORE_LEVELPHASE_FIXED040_R29B,0.046905761570717776,1.6640253565768592,12.741652021089632,3.206405501457306,2.1264194311436277,10.770152335979972,-0.004987258885813827,0.7,2.042550260950358,9.14537531379694
2021-06,10,2022-04,2021-07-12T21:59:00+00:00,CORE_LEVELPHASE_FIXED040_R29B,0.28124718082718936,1.7926734216679563,14.160839160839142,2.95385590138055,2.4072718520813594,12.546946858053959,0.44448883706730774,1.5,2.4860541639224945,10.634236563172006
2021-06,11,2022-05,2021-07-12T21:59:00+00:00,CORE_LEVELPHASE_FIXED040_R29B,0.2670597536404986,1.7611026033690802,15.968586387434565,3.0486492341356213,2.673975634791001,14.292721745740868,0.23963054815232346,1.4,2.7253980559292432,12.024527080071149
2021-06,12,2022-06,2021-07-12T21:59:00+00:00,CORE_LEVELPHASE_FIXED040_R29B,0.20890383604962162,1.5801354401805856,17.187499999999993,2.9246123886845754,2.8826615701928118,15.860503017663849,0.2871505571695242,1.5,3.0121371234280656,13.513388329446215
2021-06,1,2021-07,2021-07-12T21:59:00+00:00,CORE_LEVELPHASE_FIXED060_R29B,0.36959763973835474,1.041666666666674,3.3747779751332514,2.4891249261792554,0.36891630594155944,1.0362787035546657,0.65492374284547,1.5,0.6527884353208343,1.4888612493750655
2021-06,2,2021-08,2021-07-12T21:59:00+00:00,CORE_LEVELPHASE_FIXED060_R29B,0.06480260245365807,0.6872852233676952,4.085257548845505,2.555540546363401,0.4336979205754065,1.7212128881121427,0.1735895491349507,1.0,0.8262274919322989,2.4838943346918736
2021-06,3,2021-09,2021-07-12T21:59:00+00:00,CORE_LEVELPHASE_FIXED060_R29B,-0.19048241651344272,0.1706484641638139,4.915102770330665,3.0005131805580825,0.24303385559805096,1.8917159132205172,-0.42671635075056097,0.2,0.3985981086633271,2.6836946009591793
2021-06,4,2021-10,2021-07-12T21:59:00+00:00,CORE_LEVELPHASE_FIXED060_R29B,0.3697326823823096,1.0221465076660996,5.798394290811807,3.196894888460559,0.6120847068165506,2.9086738301834183,0.4886857998754003,1.3,0.8860937154451761,3.9753171276138124
2021-06,5,2021-11,2021-07-12T21:59:00+00:00,CORE_LEVELPHASE_FIXED060_R29B,0.10553917152317,0.1686340640809414,5.976806422836781,3.305808036363477,0.7175682249100953,3.077165866675363,0.045831076516140615,1.1,0.9319142927312613,5.0693111314472485
2021-06,6,2021-12,2021-07-12T21:59:00+00:00,CORE_LEVELPHASE_FIXED060_R29B,0.12483225256560418,0.4208754208754106,6.613047363717604,3.619637007147348,0.8423226268010617,3.49715808420794,0.2145349348446144,0.8,1.146219429989908,5.866128096364936
2021-06,7,2022-01,2021-07-12T21:59:00+00:00,CORE_LEVELPHASE_FIXED060_R29B,0.9563550133234373,4.442581726739303,9.876543209876534,3.2268703914520502,1.7941335145760815,7.8438858091561645,0.48848712700282365,1.7,1.6335173298683476,7.551839803007226
2021-06,8,2022-02,2021-07-12T21:59:00+00:00,CORE_LEVELPHASE_FIXED060_R29B,0.2857987805455393,1.2841091492777013,11.091549295774657,3.3396346769440624,2.0795246668864715,9.119820184532179,0.41487856247090615,0.9,2.047537644204063,8.447813940154417
2021-06,9,2022-03,2021-07-12T21:59:00+00:00,CORE_LEVELPHASE_FIXED060_R29B,0.046905761570717776,1.6640253565768592,12.741652021089632,3.206405501457306,2.1264194311436277,10.770152335979972,-0.004987258885813827,0.7,2.042550260950358,9.14537531379694
2021-06,10,2022-04,2021-07-12T21:59:00+00:00,CORE_LEVELPHASE_FIXED060_R29B,0.28124718082718936,1.7926734216679563,14.160839160839142,2.95385590138055,2.4072718520813594,12.546946858053959,0.44448883706730774,1.5,2.4860541639224945,10.634236563172006
2021-06,11,2022-05,2021-07-12T21:59:00+00:00,CORE_LEVELPHASE_FIXED060_R29B,0.2670597536404986,1.7611026033690802,15.968586387434565,3.0486492341356213,2.673975634791001,14.292721745740868,0.23963054815232346,1.4,2.7253980559292432,12.024527080071149
2021-06,12,2022-06,2021-07-12T21:59:00+00:00,CORE_LEVELPHASE_FIXED060_R29B,0.20890383604962162,1.5801354401805856,17.187499999999993,2.9246123886845754,2.8826615701928118,15.860503017663849,0.2871505571695242,1.5,3.0121371234280656,13.513388329446215
2021-06,1,2021-07,2021-07-12T21:59:00+00:00,CORE_LEVELPHASE_FIXED080_R29B,0.36959763973835474,1.041666666666674,3.3747779751332514,2.4891249261792554,0.36891630594155944,1.0362787035546657,0.65492374284547,1.5,0.6527884353208343,1.4888612493750655
2021-06,2,2021-08,2021-07-12T21:59:00+00:00,CORE_LEVELPHASE_FIXED080_R29B,0.06480260245365807,0.6872852233676952,4.085257548845505,2.555540546363401,0.4336979205754065,1.7212128881121427,0.1735895491349507,1.0,0.8262274919322989,2.4838943346918736
2021-06,3,2021-09,2021-07-12T21:59:00+00:00,CORE_LEVELPHASE_FIXED080_R29B,-0.19048241651344272,0.1706484641638139,4.915102770330665,3.0005131805580825,0.24303385559805096,1.8917159132205172,-0.42671635075056097,0.2,0.3985981086633271,2.6836946009591793
2021-06,4,2021-10,2021-07-12T21:59:00+00:00,CORE_LEVELPHASE_FIXED080_R29B,0.3697326823823096,1.0221465076660996,5.798394290811807,3.196894888460559,0.6120847068165506,2.9086738301834183,0.4886857998754003,1.3,0.8860937154451761,3.9753171276138124
2021-06,5,2021-11,2021-07-12T21:59:00+00:00,CORE_LEVELPHASE_FIXED080_R29B,0.10553917152317,0.1686340640809414,5.976806422836781,3.305808036363477,0.7175682249100953,3.077165866675363,0.045831076516140615,1.1,0.9319142927312613,5.0693111314472485
2021-06,6,2021-12,2021-07-12T21:59:00+00:00,CORE_LEVELPHASE_FIXED080_R29B,0.12483225256560418,0.4208754208754106,6.613047363717604,3.619637007147348,0.8423226268010617,3.49715808420794,0.2145349348446144,0.8,1.146219429989908,5.866128096364936
2021-06,7,2022-01,2021-07-12T21:59:00+00:00,CORE_LEVELPHASE_FIXED080_R29B,0.9563550133234373,4.442581726739303,9.876543209876534,3.2268703914520502,1.7941335145760815,7.8438858091561645,0.48848712700282365,1.7,1.6335173298683476,7.551839803007226
2021-06,8,2022-02,2021-07-12T21:59:00+00:00,CORE_LEVELPHASE_FIXED080_R29B,0.2857987805455393,1.2841091492777013,11.091549295774657,3.3396346769440624,2.0795246668864715,9.119820184532179,0.41487856247090615,0.9,2.047537644204063,8.447813940154417
2021-06,9,2022-03,2021-07-12T21:59:00+00:00,CORE_LEVELPHASE_FIXED080_R29B,0.046905761570717776,1.6640253565768592,12.741652021089632,3.206405501457306,2.1264194311436277,10.770152335979972,-0.004987258885813827,0.7,2.042550260950358,9.14537531379694
2021-06,10,2022-04,2021-07-12T21:59:00+00:00,CORE_LEVELPHASE_FIXED080_R29B,0.28124718082718936,1.7926734216679563,14.160839160839142,2.95385590138055,2.4072718520813594,12.546946858053959,0.44448883706730774,1.5,2.4860541639224945,10.634236563172006
2021-06,11,2022-05,2021-07-12T21:59:00+00:00,CORE_LEVELPHASE_FIXED080_R29B,0.2670597536404986,1.7611026033690802,15.968586387434565,3.0486492341356213,2.673975634791001,14.292721745740868,0.23963054815232346,1.4,2.7253980559292432,12.024527080071149
2021-06,12,2022-06,2021-07-12T21:59:00+00:00,CORE_LEVELPHASE_FIXED080_R29B,0.20890383604962162,1.5801354401805856,17.187499999999993,2.9246123886845754,2.8826615701928118,15.860503017663849,0.2871505571695242,1.5,3.0121371234280656,13.513388329446215
2021-06,1,2021-07,2021-07-12T21:59:00+00:00,CORE_LEVELPHASE_PANEL_R29B,0.33793091233084577,1.041666666666674,3.3747779751332514,2.456789485392488,0.33736120893177807,1.0362787035546657,0.597148919996866,1.5,0.5953730520442315,1.4888612493750655
2021-06,2,2021-08,2021-07-12T21:59:00+00:00,CORE_LEVELPHASE_PANEL_R29B,0.03328730607542574,0.6872852233676952,4.085257548845505,2.4908945905035456,0.37064297601262897,1.7212128881121427,0.11609100683714871,1.0,0.7113967253790934,2.4838943346918736
2021-06,3,2021-09,2021-07-12T21:59:00+00:00,CORE_LEVELPHASE_PANEL_R29B,-0.2221278905735288,0.1706484641638139,4.915102770330665,2.90295011446648,0.14826801549827567,1.8917159132205172,-0.4844523976193645,0.2,0.2257670533702873,2.6836946009591793
2021-06,4,2021-10,2021-07-12T21:59:00+00:00,CORE_LEVELPHASE_PANEL_R29B,0.3374743144116768,1.0221465076660996,5.798394290811807,3.0660102190185263,0.485174163264333,2.9086738301834183,0.4298315497691373,1.3,0.6546774659490704,3.9753171276138124
2021-06,5,2021-11,2021-07-12T21:59:00+00:00,CORE_LEVELPHASE_PANEL_R29B,0.07310241818802321,0.1686340640809414,5.976806422836781,3.141353964818544,0.5582498746493848,3.077165866675363,-0.013348631371122379,1.1,0.641327943568858,5.0693111314472485
2021-06,6,2021-12,2021-07-12T21:59:00+00:00,CORE_LEVELPHASE_PANEL_R29B,0.09718888841990378,0.4208754208754106,6.613047363717604,3.42612064715549,0.655391565247344,3.49715808420794,0.16410059580146533,0.8,0.8052940414637514,5.866128096364936
2021-06,7,2022-01,2021-07-12T21:59:00+00:00,CORE_LEVELPHASE_PANEL_R29B,0.9334978502027259,4.442581726739303,9.876543209876534,3.0107599734375574,1.5845592514011089,7.8438858091561645,0.44678504225226606,1.7,1.2510839622809815,7.551839803007226
2021-06,8,2022-02,2021-07-12T21:59:00+00:00,CORE_LEVELPHASE_PANEL_R29B,0.2678169967438365,1.2841091492777013,11.091549295774657,3.1047976205419867,1.852018257457046,9.119820184532179,0.38207143465261045,0.9,1.6324273578580313,8.447813940154417
2021-06,9,2022-03,2021-07-12T21:59:00+00:00,CORE_LEVELPHASE_PANEL_R29B,0.02748846704813693,1.6640253565768592,12.741652021089632,2.9518862280369436,1.8795029471182945,10.770152335979972,-0.040413425183479956,0.7,1.5920057642490415,9.14537531379694
2021-06,10,2022-04,2021-07-12T21:59:00+00:00,CORE_LEVELPHASE_PANEL_R29B,0.2602251589810233,1.7926734216679563,14.160839160839142,2.678430387275528,2.139390106678523,12.546946858053959,0.4061349025905254,1.5,1.9973181652692742,10.634236563172006
2021-06,11,2022-05,2021-07-12T21:59:00+00:00,CORE_LEVELPHASE_PANEL_R29B,0.24456629631556517,1.7611026033690802,15.968586387434565,2.7499145039244497,2.383657826340444,14.292721745740868,0.19859203174748324,1.4,2.1957132637275,12.024527080071149
2021-06,12,2022-06,2021-07-12T21:59:00+00:00,CORE_LEVELPHASE_PANEL_R29B,0.18639971538436004,1.5801354401805856,17.187499999999993,2.603190251087743,2.5698840330350046,15.860503017663849,0.24609258587783997,1.5,2.441503537677799,13.513388329446215
2021-07,1,2021-08,2021-08-09T21:59:00+00:00,CORE_LEVELPHASE_FIXED040_R29B,0.25007498949532214,0.6872852233676952,4.085257548845505,3.225992114907719,0.24976282231984223,0.6849341845574768,0.3969640283067948,1.0,0.39617820504523615,0.9950330853168083
2021-07,2,2021-09,2021-08-09T21:59:00+00:00,CORE_LEVELPHASE_FIXED040_R29B,-0.0552119511202256,0.1706484641638139,4.915102770330665,3.814381508894713,0.19453562378936404,0.8554372096658516,-0.21313311775105448,0.2,0.18281763542379553,1.1948333515841139
2021-07,3,2021-10,2021-08-09T21:59:00+00:00,CORE_LEVELPHASE_FIXED040_R29B,0.5039200558344142,1.0221465076660996,5.798394290811807,4.151372198875436,0.6971902518927472,1.8723951266287528,0.6974087997493669,1.3,0.8778057880241836,2.486455878238747
2021-07,4,2021-11,2021-08-09T21:59:00+00:00,CORE_LEVELPHASE_FIXED040_R29B,0.22662120376816314,0.1686340640809414,5.976806422836781,4.387401292293589,0.92355505710685,2.0408871631206975,0.24819961537186863,1.1,1.125697896865614,3.580449882072183
2021-07,5,2021-12,2021-08-09T21:59:00+00:00,CORE_LEVELPHASE_FIXED040_R29B,0.24410518739322173,0.4208754208754106,6.613047363717604,4.829244443830955,1.1673627917542244,2.4608793806532745,0.41288990873965736,0.8,1.5377377542690511,4.377266846989871
2021-07,6,2022-01,2021-08-09T21:59:00+00:00,CORE_LEVELPHASE_FIXED040_R29B,1.0771284002671082,4.442581726739303,9.876543209876534,4.556824002130399,2.2387314867691694,6.807607105601498,0.6838910984347518,1.7,2.219300925163837,6.062978553632162
2021-07,7,2022-02,2021-08-09T21:59:00+00:00,CORE_LEVELPHASE_FIXED040_R29B,0.3918200096658874,1.2841091492777013,11.091549295774657,4.781698386520696,2.629785881073005,8.083541480977512,0.6073469437095066,0.9,2.824810951213144,6.958952690779352
2021-07,8,2022-03,2021-08-09T21:59:00+00:00,CORE_LEVELPHASE_FIXED040_R29B,0.15162993626137697,1.6640253565768592,12.741652021089632,4.756148969263143,2.7813009752218867,9.733873632425306,0.18445178442707613,0.7,3.0090928322308264,7.656514064421876
2021-07,9,2022-04,2021-08-09T21:59:00+00:00,CORE_LEVELPHASE_FIXED040_R29B,0.38508047173948984,1.7926734216679563,14.160839160839142,4.608008369642421,3.1656419100463005,11.51066815449929,0.6329917880331444,1.5,3.6400896415205866,9.145375313796942
2021-07,10,2022-05,2021-08-09T21:59:00+00:00,CORE_LEVELPHASE_FIXED040_R29B,0.36998199318513947,1.7611026033690802,15.968586387434565,4.811801748395664,3.5349411533711983,13.2564430421862,0.4263218891523151,1.4,4.0655053534819485,10.535665830696084
2021-07,11,2022-06,2021-08-09T21:59:00+00:00,CORE_LEVELPHASE_FIXED040_R29B,0.32934366324587727,1.5801354401805856,17.187499999999993,4.60930010508059,3.863743668207616,14.82422431410918,0.5278036808273576,1.5,4.591921032489515,12.024527080071149
2021-07,12,2022-07,2021-08-09T21:59:00+00:00,CORE_LEVELPHASE_FIXED040_R29B,0.38253405329029155,1.333333333333342,17.525773195876276,4.336960369596164,4.245547920554271,16.148746989111253,0.8340507928128902,1.6,5.422512841490032,13.611861995700163
2021-07,1,2021-08,2021-08-09T21:59:00+00:00,CORE_LEVELPHASE_FIXED060_R29B,0.25007498949532214,0.6872852233676952,4.085257548845505,3.225992114907719,0.24976282231984223,0.6849341845574768,0.3969640283067948,1.0,0.39617820504523615,0.9950330853168083
2021-07,2,2021-09,2021-08-09T21:59:00+00:00,CORE_LEVELPHASE_FIXED060_R29B,-0.0552119511202256,0.1706484641638139,4.915102770330665,3.814381508894713,0.19453562378936404,0.8554372096658516,-0.21313311775105448,0.2,0.18281763542379553,1.1948333515841139
2021-07,3,2021-10,2021-08-09T21:59:00+00:00,CORE_LEVELPHASE_FIXED060_R29B,0.5039200558344142,1.0221465076660996,5.798394290811807,4.151372198875436,0.6971902518927472,1.8723951266287528,0.6974087997493669,1.3,0.8778057880241836,2.486455878238747
2021-07,4,2021-11,2021-08-09T21:59:00+00:00,CORE_LEVELPHASE_FIXED060_R29B,0.22662120376816314,0.1686340640809414,5.976806422836781,4.387401292293589,0.92355505710685,2.0408871631206975,0.24819961537186863,1.1,1.125697896865614,3.580449882072183
2021-07,5,2021-12,2021-08-09T21:59:00+00:00,CORE_LEVELPHASE_FIXED060_R29B,0.24410518739322173,0.4208754208754106,6.613047363717604,4.829244443830955,1.1673627917542244,2.4608793806532745,0.41288990873965736,0.8,1.5377377542690511,4.377266846989871
2021-07,6,2022-01,2021-08-09T21:59:00+00:00,CORE_LEVELPHASE_FIXED060_R29B,1.0771284002671082,4.442581726739303,9.876543209876534,4.556824002130399,2.2387314867691694,6.807607105601498,0.6838910984347518,1.7,2.219300925163837,6.062978553632162
2021-07,7,2022-02,2021-08-09T21:59:00+00:00,CORE_LEVELPHASE_FIXED060_R29B,0.3918200096658874,1.2841091492777013,11.091549295774657,4.781698386520696,2.629785881073005,8.083541480977512,0.6073469437095066,0.9,2.824810951213144,6.958952690779352
2021-07,8,2022-03,2021-08-09T21:59:00+00:00,CORE_LEVELPHASE_FIXED060_R29B,0.15162993626137697,1.6640253565768592,12.741652021089632,4.756148969263143,2.7813009752218867,9.733873632425306,0.18445178442707613,0.7,3.0090928322308264,7.656514064421876
2021-07,9,2022-04,2021-08-09T21:59:00+00:00,CORE_LEVELPHASE_FIXED060_R29B,0.38508047173948984,1.7926734216679563,14.160839160839142,4.608008369642421,3.1656419100463005,11.51066815449929,0.6329917880331444,1.5,3.6400896415205866,9.145375313796942
2021-07,10,2022-05,2021-08-09T21:59:00+00:00,CORE_LEVELPHASE_FIXED060_R29B,0.36998199318513947,1.7611026033690802,15.968586387434565,4.811801748395664,3.5349411533711983,13.2564430421862,0.4263218891523151,1.4,4.0655053534819485,10.535665830696084
2021-07,11,2022-06,2021-08-09T21:59:00+00:00,CORE_LEVELPHASE_FIXED060_R29B,0.32934366324587727,1.5801354401805856,17.187499999999993,4.60930010508059,3.863743668207616,14.82422431410918,0.5278036808273576,1.5,4.591921032489515,12.024527080071149
2021-07,12,2022-07,2021-08-09T21:59:00+00:00,CORE_LEVELPHASE_FIXED060_R29B,0.38253405329029155,1.333333333333342,17.525773195876276,4.336960369596164,4.245547920554271,16.148746989111253,0.8340507928128902,1.6,5.422512841490032,13.611861995700163
2021-07,1,2021-08,2021-08-09T21:59:00+00:00,CORE_LEVELPHASE_FIXED080_R29B,0.25007498949532214,0.6872852233676952,4.085257548845505,3.225992114907719,0.24976282231984223,0.6849341845574768,0.3969640283067948,1.0,0.39617820504523615,0.9950330853168083
2021-07,2,2021-09,2021-08-09T21:59:00+00:00,CORE_LEVELPHASE_FIXED080_R29B,-0.0552119511202256,0.1706484641638139,4.915102770330665,3.814381508894713,0.19453562378936404,0.8554372096658516,-0.21313311775105448,0.2,0.18281763542379553,1.1948333515841139
2021-07,3,2021-10,2021-08-09T21:59:00+00:00,CORE_LEVELPHASE_FIXED080_R29B,0.5039200558344142,1.0221465076660996,5.798394290811807,4.151372198875436,0.6971902518927472,1.8723951266287528,0.6974087997493669,1.3,0.8778057880241836,2.486455878238747
2021-07,4,2021-11,2021-08-09T21:59:00+00:00,CORE_LEVELPHASE_FIXED080_R29B,0.22662120376816314,0.1686340640809414,5.976806422836781,4.387401292293589,0.92355505710685,2.0408871631206975,0.24819961537186863,1.1,1.125697896865614,3.580449882072183
2021-07,5,2021-12,2021-08-09T21:59:00+00:00,CORE_LEVELPHASE_FIXED080_R29B,0.24410518739322173,0.4208754208754106,6.613047363717604,4.829244443830955,1.1673627917542244,2.4608793806532745,0.41288990873965736,0.8,1.5377377542690511,4.377266846989871
2021-07,6,2022-01,2021-08-09T21:59:00+00:00,CORE_LEVELPHASE_FIXED080_R29B,1.0771284002671082,4.442581726739303,9.876543209876534,4.556824002130399,2.2387314867691694,6.807607105601498,0.6838910984347518,1.7,2.219300925163837,6.062978553632162
2021-07,7,2022-02,2021-08-09T21:59:00+00:00,CORE_LEVELPHASE_FIXED080_R29B,0.3918200096658874,1.2841091492777013,11.091549295774657,4.781698386520696,2.629785881073005,8.083541480977512,0.6073469437095066,0.9,2.824810951213144,6.958952690779352
2021-07,8,2022-03,2021-08-09T21:59:00+00:00,CORE_LEVELPHASE_FIXED080_R29B,0.15162993626137697,1.6640253565768592,12.741652021089632,4.756148969263143,2.7813009752218867,9.733873632425306,0.18445178442707613,0.7,3.0090928322308264,7.656514064421876
2021-07,9,2022-04,2021-08-09T21:59:00+00:00,CORE_LEVELPHASE_FIXED080_R29B,0.38508047173948984,1.7926734216679563,14.160839160839142,4.608008369642421,3.1656419100463005,11.51066815449929,0.6329917880331444,1.5,3.6400896415205866,9.145375313796942
2021-07,10,2022-05,2021-08-09T21:59:00+00:00,CORE_LEVELPHASE_FIXED080_R29B,0.36998199318513947,1.7611026033690802,15.968586387434565,4.811801748395664,3.5349411533711983,13.2564430421862,0.4263218891523151,1.4,4.0655053534819485,10.535665830696084
2021-07,11,2022-06,2021-08-09T21:59:00+00:00,CORE_LEVELPHASE_FIXED080_R29B,0.32934366324587727,1.5801354401805856,17.187499999999993,4.60930010508059,3.863743668207616,14.82422431410918,0.5278036808273576,1.5,4.591921032489515,12.024527080071149
2021-07,12,2022-07,2021-08-09T21:59:00+00:00,CORE_LEVELPHASE_FIXED080_R29B,0.38253405329029155,1.333333333333342,17.525773195876276,4.336960369596164,4.245547920554271,16.148746989111253,0.8340507928128902,1.6,5.422512841490032,13.611861995700163
2021-07,1,2021-08,2021-08-09T21:59:00+00:00,CORE_LEVELPHASE_PANEL_R29B,0.1398001506968169,0.6872852233676952,4.085257548845505,3.1124437745051807,0.13970252126627744,0.6849341845574768,0.19579230875131515,1.0,0.1956008854311847,0.9950330853168083
2021-07,2,2021-09,2021-08-09T21:59:00+00:00,CORE_LEVELPHASE_PANEL_R29B,-0.16481666642362205,0.1706484641638139,4.915102770330665,3.586462859286073,-0.025250117248649843,0.8554372096658516,-0.4130823472326933,0.2,-0.21833700380430737,1.1948333515841139
2021-07,3,2021-10,2021-08-09T21:59:00+00:00,CORE_LEVELPHASE_PANEL_R29B,0.3935575335320532,1.0221465076660996,5.798394290811807,3.808597033819078,0.3675350045488602,1.8723951266287528,0.49607712129991366,1.3,0.2765137092258141,2.486455878238747
2021-07,4,2021-11,2021-08-09T21:59:00+00:00,CORE_LEVELPHASE_PANEL_R29B,0.11699224808593701,0.1686340640809414,5.976806422836781,3.9300450451954134,0.48445887003393423,2.0408871631206975,0.04820616475379492,1.1,0.3247082585407628,3.580449882072183
2021-07,5,2021-12,2021-08-09T21:59:00+00:00,CORE_LEVELPHASE_PANEL_R29B,0.13453776940571618,0.4208754208754106,6.613047363717604,4.255875339496058,0.6189062184738147,2.4608793806532745,0.21300871984873102,0.8,0.5374904364615032,4.377266846989871
2021-07,6,2022-01,2021-08-09T21:59:00+00:00,CORE_LEVELPHASE_PANEL_R29B,0.9842474398216579,4.442581726739303,9.876543209876534,3.889391928634888,1.5983414931594027,6.807607105601498,0.5144506101932129,1.7,1.0506222705371973,6.062978553632162
2021-07,7,2022-02,2021-08-09T21:59:00+00:00,CORE_LEVELPHASE_PANEL_R29B,0.31598414810278486,1.2841091492777013,11.091549295774657,4.034184132459666,1.9138274605251553,8.083541480977512,0.4690014168346358,0.9,1.5185273024310175,6.958952690779352
2021-07,8,2022-03,2021-08-09T21:59:00+00:00,CORE_LEVELPHASE_PANEL_R29B,0.0930211921771308,1.6640253565768592,12.741652021089632,3.9479510147994548,2.006805414802845,9.733873632425306,0.07753327103928179,0.7,1.5960305319568182,7.656514064421876
2021-07,9,2022-04,2021-08-09T21:59:00+00:00,CORE_LEVELPHASE_PANEL_R29B,0.32137269921878253,1.7926734216679563,14.160839160839142,3.735077724792811,2.327662815686229,11.51066815449929,0.5167712404750758,1.5,2.1114710922697633,9.145375313796942
2021-07,10,2022-05,2021-08-09T21:59:00+00:00,CORE_LEVELPHASE_PANEL_R29B,0.3015787851242088,1.7611026033690802,15.968586387434565,3.866336208082619,2.628787764213239,13.2564430421862,0.3015355721768494,1.4,2.4125529577693756,10.535665830696084
2021-07,11,2022-06,2021-08-09T21:59:00+00:00,CORE_LEVELPHASE_PANEL_R29B,0.2560406079667248,1.5801354401805856,17.187499999999993,3.58992060153888,2.8845011466498005,14.82422431410918,0.39407869115748045,1.5,2.8058571928302594,12.024527080071149
2021-07,12,2022-07,2021-08-09T21:59:00+00:00,CORE_LEVELPHASE_PANEL_R29B,0.30900768815896895,1.333333333333342,17.525773195876276,3.244556599060662,3.19303238730601,16.148746989111253,0.6999184243842299,1.6,3.503337557884093,13.611861995700163
2021-08,1,2021-09,2021-09-09T21:59:00+00:00,CORE_LEVELPHASE_FIXED040_R29B,0.03606336312309163,0.1706484641638139,4.915102770330665,4.292577210265656,0.03605686185529646,0.17050302510837476,-0.0015917951978227545,0.2,-0.0015918078670169586,0.19980026626730563
2021-08,2,2021-10,2021-09-09T21:59:00+00:00,CORE_LEVELPHASE_FIXED040_R29B,0.6071163832738473,1.0221465076660996,5.798394290811807,4.7385542573420185,0.6413377190547629,1.1874609420712758,0.9027084136899007,1.3,0.8970665486460614,1.4914227929219384
2021-08,3,2021-11,2021-09-09T21:59:00+00:00,CORE_LEVELPHASE_FIXED040_R29B,0.32174841722122227,0.1686340640809414,5.976806422836781,5.075548897885406,0.9625696336521978,1.3559529785632205,0.4460754340899965,1.1,1.342150015126796,2.585416796755375
2021-08,4,2021-12,2021-09-09T21:59:00+00:00,CORE_LEVELPHASE_FIXED040_R29B,0.34487271752007764,0.4208754208754106,6.613047363717604,5.626376068342918,1.3068490289621215,1.775945196095798,0.6058761877024191,0.8,1.946198153150828,3.3822337616730622
2021-08,5,2022-01,2021-09-09T21:59:00+00:00,CORE_LEVELPHASE_FIXED040_R29B,1.1718485406534014,4.442581726739303,9.876543209876534,5.450610161738453,2.4718845980885487,6.122672921044023,0.8732154661179992,1.7,2.8156231430512415,5.067945468315353
2021-08,6,2022-02,2021-09-09T21:59:00+00:00,CORE_LEVELPHASE_FIXED040_R29B,0.500170479079661,1.2841091492777013,11.091549295774657,5.791461922185697,2.9708083799736187,7.398607296420037,0.7931838429987554,0.9,3.605677818814202,5.963919605462543
2021-08,7,2022-03,2021-09-09T21:59:00+00:00,CORE_LEVELPHASE_FIXED040_R29B,0.2524380357904643,1.6640253565768592,12.741652021089632,5.87212522403404,3.222928326161483,9.04893944786783,0.3668440269169697,0.7,3.9718506141119585,6.661480979105067
2021-08,8,2022-04,2021-09-09T21:59:00+00:00,CORE_LEVELPHASE_FIXED040_R29B,0.4863875276881282,1.7926734216679563,14.160839160839142,5.8290998718954015,3.7081368113124555,10.825733969941814,0.8140603329964075,1.5,4.78261534933493,8.150342228480133
2021-08,9,2022-05,2021-09-09T21:59:00+00:00,CORE_LEVELPHASE_FIXED040_R29B,0.4687796293849205,1.7611026033690802,15.968586387434565,6.139646311832796,4.17582109084347,12.571508857628725,0.6053098880679332,1.4,5.386100596552012,9.540632745379275
2021-08,10,2022-06,2021-09-09T21:59:00+00:00,CORE_LEVELPHASE_FIXED040_R29B,0.4280717057156284,1.5801354401805856,17.187499999999993,6.038823022353706,4.602979176005675,14.139290129551704,0.7056042399154406,1.5,6.089227098273307,11.02949399475434
2021-08,11,2022-07,2021-09-09T21:59:00+00:00,CORE_LEVELPHASE_FIXED040_R29B,0.559312389484916,1.333333333333342,17.525773195876276,5.532613242571586,5.16073322171836,15.463812804553775,1.0946029143189837,1.6,7.177882595930508,12.616828910383354
2021-08,12,2022-08,2021-09-09T21:59:00+00:00,CORE_LEVELPHASE_FIXED040_R29B,0.23232538994871507,0.4385964912280604,17.235494880546053,5.54084955245739,5.392789153498794,15.901450264533654,0.527902045422779,0.9,7.7043961230394915,13.512803047530545
2021-08,1,2021-09,2021-09-09T21:59:00+00:00,CORE_LEVELPHASE_FIXED060_R29B,0.03606336312309163,0.1706484641638139,4.915102770330665,4.292577210265656,0.03605686185529646,0.17050302510837476,-0.0015917951978227545,0.2,-0.0015918078670169586,0.19980026626730563
2021-08,2,2021-10,2021-09-09T21:59:00+00:00,CORE_LEVELPHASE_FIXED060_R29B,0.6071163832738473,1.0221465076660996,5.798394290811807,4.7385542573420185,0.6413377190547629,1.1874609420712758,0.9027084136899007,1.3,0.8970665486460614,1.4914227929219384
2021-08,3,2021-11,2021-09-09T21:59:00+00:00,CORE_LEVELPHASE_FIXED060_R29B,0.32174841722122227,0.1686340640809414,5.976806422836781,5.075548897885406,0.9625696336521978,1.3559529785632205,0.4460754340899965,1.1,1.342150015126796,2.585416796755375
2021-08,4,2021-12,2021-09-09T21:59:00+00:00,CORE_LEVELPHASE_FIXED060_R29B,0.34487271752007764,0.4208754208754106,6.613047363717604,5.626376068342918,1.3068490289621215,1.775945196095798,0.6058761877024191,0.8,1.946198153150828,3.3822337616730622
2021-08,5,2022-01,2021-09-09T21:59:00+00:00,CORE_LEVELPHASE_FIXED060_R29B,1.1718485406534014,4.442581726739303,9.876543209876534,5.450610161738453,2.4718845980885487,6.122672921044023,0.8732154661179992,1.7,2.8156231430512415,5.067945468315353
2021-08,6,2022-02,2021-09-09T21:59:00+00:00,CORE_LEVELPHASE_FIXED060_R29B,0.500170479079661,1.2841091492777013,11.091549295774657,5.791461922185697,2.9708083799736187,7.398607296420037,0.7931838429987554,0.9,3.605677818814202,5.963919605462543
2021-08,7,2022-03,2021-09-09T21:59:00+00:00,CORE_LEVELPHASE_FIXED060_R29B,0.2524380357904643,1.6640253565768592,12.741652021089632,5.87212522403404,3.222928326161483,9.04893944786783,0.3668440269169697,0.7,3.9718506141119585,6.661480979105067
2021-08,8,2022-04,2021-09-09T21:59:00+00:00,CORE_LEVELPHASE_FIXED060_R29B,0.4863875276881282,1.7926734216679563,14.160839160839142,5.8290998718954015,3.7081368113124555,10.825733969941814,0.8140603329964075,1.5,4.78261534933493,8.150342228480133
2021-08,9,2022-05,2021-09-09T21:59:00+00:00,CORE_LEVELPHASE_FIXED060_R29B,0.4687796293849205,1.7611026033690802,15.968586387434565,6.139646311832796,4.17582109084347,12.571508857628725,0.6053098880679332,1.4,5.386100596552012,9.540632745379275
2021-08,10,2022-06,2021-09-09T21:59:00+00:00,CORE_LEVELPHASE_FIXED060_R29B,0.4280717057156284,1.5801354401805856,17.187499999999993,6.038823022353706,4.602979176005675,14.139290129551704,0.7056042399154406,1.5,6.089227098273307,11.02949399475434
2021-08,11,2022-07,2021-09-09T21:59:00+00:00,CORE_LEVELPHASE_FIXED060_R29B,0.559312389484916,1.333333333333342,17.525773195876276,5.532613242571586,5.16073322171836,15.463812804553775,1.0946029143189837,1.6,7.177882595930508,12.616828910383354
2021-08,12,2022-08,2021-09-09T21:59:00+00:00,CORE_LEVELPHASE_FIXED060_R29B,0.23232538994871507,0.4385964912280604,17.235494880546053,5.54084955245739,5.392789153498794,15.901450264533654,0.527902045422779,0.9,7.7043961230394915,13.512803047530545
2021-08,1,2021-09,2021-09-09T21:59:00+00:00,CORE_LEVELPHASE_FIXED080_R29B,0.03606336312309163,0.1706484641638139,4.915102770330665,4.292577210265656,0.03605686185529646,0.17050302510837476,-0.0015917951978227545,0.2,-0.0015918078670169586,0.19980026626730563
2021-08,2,2021-10,2021-09-09T21:59:00+00:00,CORE_LEVELPHASE_FIXED080_R29B,0.6071163832738473,1.0221465076660996,5.798394290811807,4.7385542573420185,0.6413377190547629,1.1874609420712758,0.9027084136899007,1.3,0.8970665486460614,1.4914227929219384
2021-08,3,2021-11,2021-09-09T21:59:00+00:00,CORE_LEVELPHASE_FIXED080_R29B,0.32174841722122227,0.1686340640809414,5.976806422836781,5.075548897885406,0.9625696336521978,1.3559529785632205,0.4460754340899965,1.1,1.342150015126796,2.585416796755375
2021-08,4,2021-12,2021-09-09T21:59:00+00:00,CORE_LEVELPHASE_FIXED080_R29B,0.34487271752007764,0.4208754208754106,6.613047363717604,5.626376068342918,1.3068490289621215,1.775945196095798,0.6058761877024191,0.8,1.946198153150828,3.3822337616730622
2021-08,5,2022-01,2021-09-09T21:59:00+00:00,CORE_LEVELPHASE_FIXED080_R29B,1.1718485406534014,4.442581726739303,9.876543209876534,5.450610161738453,2.4718845980885487,6.122672921044023,0.8732154661179992,1.7,2.8156231430512415,5.067945468315353
2021-08,6,2022-02,2021-09-09T21:59:00+00:00,CORE_LEVELPHASE_FIXED080_R29B,0.500170479079661,1.2841091492777013,11.091549295774657,5.791461922185697,2.9708083799736187,7.398607296420037,0.7931838429987554,0.9,3.605677818814202,5.963919605462543
2021-08,7,2022-03,2021-09-09T21:59:00+00:00,CORE_LEVELPHASE_FIXED080_R29B,0.2524380357904643,1.6640253565768592,12.741652021089632,5.87212522403404,3.222928326161483,9.04893944786783,0.3668440269169697,0.7,3.9718506141119585,6.661480979105067
2021-08,8,2022-04,2021-09-09T21:59:00+00:00,CORE_LEVELPHASE_FIXED080_R29B,0.4863875276881282,1.7926734216679563,14.160839160839142,5.8290998718954015,3.7081368113124555,10.825733969941814,0.8140603329964075,1.5,4.78261534933493,8.150342228480133
2021-08,9,2022-05,2021-09-09T21:59:00+00:00,CORE_LEVELPHASE_FIXED080_R29B,0.4687796293849205,1.7611026033690802,15.968586387434565,6.139646311832796,4.17582109084347,12.571508857628725,0.6053098880679332,1.4,5.386100596552012,9.540632745379275
2021-08,10,2022-06,2021-09-09T21:59:00+00:00,CORE_LEVELPHASE_FIXED080_R29B,0.4280717057156284,1.5801354401805856,17.187499999999993,6.038823022353706,4.602979176005675,14.139290129551704,0.7056042399154406,1.5,6.089227098273307,11.02949399475434
2021-08,11,2022-07,2021-09-09T21:59:00+00:00,CORE_LEVELPHASE_FIXED080_R29B,0.559312389484916,1.333333333333342,17.525773195876276,5.532613242571586,5.16073322171836,15.463812804553775,1.0946029143189837,1.6,7.177882595930508,12.616828910383354
2021-08,12,2022-08,2021-09-09T21:59:00+00:00,CORE_LEVELPHASE_FIXED080_R29B,0.23232538994871507,0.4385964912280604,17.235494880546053,5.54084955245739,5.392789153498794,15.901450264533654,0.527902045422779,0.9,7.7043961230394915,13.512803047530545
2021-08,1,2021-09,2021-09-09T21:59:00+00:00,CORE_LEVELPHASE_PANEL_R29B,-0.14881955856879328,0.1706484641638139,4.915102770330665,4.099827558418418,-0.14893040486148137,0.17050302510837476,-0.3343640745226402,0.2,-0.33492432038348363,0.19980026626730563
2021-08,2,2021-10,2021-09-09T21:59:00+00:00,CORE_LEVELPHASE_PANEL_R29B,0.4205615383213108,1.0221465076660996,5.798394290811807,4.351123577648454,0.27074924514633386,1.1874609420712758,0.5669268260460033,1.3,0.23040152361312827,1.4914227929219384
2021-08,3,2021-11,2021-09-09T21:59:00+00:00,CORE_LEVELPHASE_PANEL_R29B,0.1364047933480745,0.1686340640809414,5.976806422836781,4.493463512120939,0.40706109166918253,1.3559529785632205,0.11247393314997628,1.1,0.3428122522228956,2.585416796755375
2021-08,4,2021-12,2021-09-09T21:59:00+00:00,CORE_LEVELPHASE_PANEL_R29B,0.159601785950526,0.4208754208754106,6.613047363717604,4.847297244472258,0.5665356493237479,1.775945196095798,0.272405526232782,0.8,0.6148474270214602,3.3822337616730622
2021-08,5,2022-01,2021-09-09T21:59:00+00:00,CORE_LEVELPHASE_PANEL_R29B,0.9864538265861987,4.442581726739303,9.876543209876534,4.481017586611864,1.5481557822593635,6.122672921044023,0.5395220075208238,1.7,1.1529192283419056,5.067945468315353
2021-08,6,2022-02,2021-09-09T21:59:00+00:00,CORE_LEVELPHASE_PANEL_R29B,0.343532973365906,1.2841091492777013,11.091549295774657,4.655366966146785,1.8911000290343438,7.398607296420037,0.5112507183644087,0.9,1.6628674975222388,5.963919605462543
2021-08,7,2022-03,2021-09-09T21:59:00+00:00,CORE_LEVELPHASE_PANEL_R29B,0.12496678828229171,1.6640253565768592,12.741652021089632,4.601992978666697,2.0159887988171454,9.04893944786783,0.13740748841199404,0.7,1.8001806682347097,6.661480979105067
2021-08,8,2022-04,2021-09-09T21:59:00+00:00,CORE_LEVELPHASE_PANEL_R29B,0.386993680400062,1.7926734216679563,14.160839160839142,4.456061136585527,2.402235585009295,10.825733969941814,0.6351605362480937,1.5,2.4333325608697365,8.150342228480133
2021-08,9,2022-05,2021-09-09T21:59:00+00:00,CORE_LEVELPHASE_PANEL_R29B,0.3614401324965666,1.7611026033690802,15.968586387434565,4.650651577781764,2.763024092343511,12.571508857628725,0.41210865177070016,1.4,2.8445943707446677,9.540632745379275
2021-08,10,2022-06,2021-09-09T21:59:00+00:00,CORE_LEVELPHASE_PANEL_R29B,0.31246680763190876,1.5801354401805856,17.187499999999993,4.430891533516514,3.0750037369973247,14.139290129551704,0.49752604056426075,1.5,3.3408868403696053,11.02949399475434
2021-08,11,2022-07,2021-09-09T21:59:00+00:00,CORE_LEVELPHASE_PANEL_R29B,0.4350722301154844,1.333333333333342,17.525773195876276,3.8039501943827068,3.509132264088814,15.463812804553775,0.8709820377193306,1.6,4.208097711176242,12.616828910383354
2021-08,12,2022-08,2021-09-09T21:59:00+00:00,CORE_LEVELPHASE_PANEL_R29B,0.10878167731567498,0.4385964912280604,17.235494880546053,3.684095602034765,3.6178548170116773,15.901450264533654,0.3055347089866871,0.9,4.513166611434661,13.512803047530545
2021-09,1,2021-10,2021-10-10T21:59:00+00:00,CORE_LEVELPHASE_FIXED040_R29B,0.6641241276099957,1.0221465076660996,5.798394290811807,5.113345409724195,0.6619285389208186,1.0169579169629013,1.0351089353797336,1.3,1.029788367127132,1.2916225266546328
2021-09,2,2021-11,2021-10-10T21:59:00+00:00,CORE_LEVELPHASE_FIXED040_R29B,0.3776381330394086,0.1686340640809414,5.976806422836781,5.510293484904743,1.0388554092663176,1.1854499534548457,0.5728276763351587,1.1,1.600981624361318,2.385616530488069
2021-09,3,2021-12,2021-10-10T21:59:00+00:00,CORE_LEVELPHASE_FIXED040_R29B,0.39469367538819283,0.4208754208754106,6.613047363717604,6.116059864999213,1.4327722126729967,1.6054421709874231,0.7287845550727691,0.8,2.3271233772503197,3.1824334954057565
2021-09,4,2022-01,2021-10-10T21:59:00+00:00,CORE_LEVELPHASE_FIXED040_R29B,1.229073091340535,4.442581726739303,9.876543209876534,5.999400312941116,2.6543535245267593,5.952169895935648,0.9932055330739362,1.7,3.3154290413049172,4.868145202048047
2021-09,5,2022-02,2021-10-10T21:59:00+00:00,CORE_LEVELPHASE_FIXED040_R29B,0.5543076361619601,1.2841091492777013,11.091549295774657,6.3993099791419885,3.20713052957621,7.228104271311662,0.9104849226705325,0.9,4.221794038653433,5.764119339195237
2021-09,6,2022-03,2021-10-10T21:59:00+00:00,CORE_LEVELPHASE_FIXED040_R29B,0.3119589777377561,1.6640253565768592,12.741652021089632,6.543655320913587,3.518603924911511,8.878436422759457,0.4815827348898898,0.7,4.702220873481844,6.461680712837762
2021-09,7,2022-04,2021-10-10T21:59:00+00:00,CORE_LEVELPHASE_FIXED040_R29B,0.5465129981624006,1.7926734216679563,14.160839160839142,6.564080961452936,4.063628959602137,10.655230944833441,0.927649996293038,1.5,5.625594622591546,7.950541962212827
2021-09,8,2022-05,2021-10-10T21:59:00+00:00,CORE_LEVELPHASE_FIXED040_R29B,0.528043477701298,1.7611026033690802,15.968586387434565,6.939827899459257,4.5902831761875245,12.40100583252035,0.7173388775776859,1.4,6.340372863180222,9.340832479111969
2021-09,9,2022-06,2021-10-10T21:59:00+00:00,CORE_LEVELPHASE_FIXED040_R29B,0.4869896091204424,1.5801354401805856,17.187499999999993,6.900923052729739,5.076090826701487,13.968787104443328,0.8166834919702,1.5,7.153739541861,10.829693728487033
2021-09,10,2022-07,2021-10-10T21:59:00+00:00,CORE_LEVELPHASE_FIXED040_R29B,0.6176315111460889,1.333333333333342,17.525773195876276,6.452298727464996,5.691822811798332,15.2933097794454,1.2052588276110965,1.6,8.351792963347997,12.417028644116048
2021-09,11,2022-08,2021-10-10T21:59:00+00:00,CORE_LEVELPHASE_FIXED040_R29B,0.34021544462075415,0.4385964912280604,17.235494880546053,6.085356906712936,6.031460832960519,15.730947239425278,0.6923435079626615,0.9,9.041750778774094,13.313002781263238
2021-09,12,2022-09,2021-10-10T21:59:00+00:00,CORE_LEVELPHASE_FIXED040_R29B,0.023338376852268916,0.8005822416302655,17.972742759795548,6.241855511438209,6.054796486837275,16.52834182333969,0.033353522912703354,0.3,9.075098740635848,13.612553679243087
2021-09,1,2021-10,2021-10-10T21:59:00+00:00,CORE_LEVELPHASE_FIXED060_R29B,0.6641241276099957,1.0221465076660996,5.798394290811807,5.113345409724195,0.6619285389208186,1.0169579169629013,1.0351089353797336,1.3,1.029788367127132,1.2916225266546328
2021-09,2,2021-11,2021-10-10T21:59:00+00:00,CORE_LEVELPHASE_FIXED060_R29B,0.3776381330394086,0.1686340640809414,5.976806422836781,5.510293484904743,1.0388554092663176,1.1854499534548457,0.5728276763351587,1.1,1.600981624361318,2.385616530488069
2021-09,3,2021-12,2021-10-10T21:59:00+00:00,CORE_LEVELPHASE_FIXED060_R29B,0.39469367538819283,0.4208754208754106,6.613047363717604,6.116059864999213,1.4327722126729967,1.6054421709874231,0.7287845550727691,0.8,2.3271233772503197,3.1824334954057565
2021-09,4,2022-01,2021-10-10T21:59:00+00:00,CORE_LEVELPHASE_FIXED060_R29B,1.229073091340535,4.442581726739303,9.876543209876534,5.999400312941116,2.6543535245267593,5.952169895935648,0.9932055330739362,1.7,3.3154290413049172,4.868145202048047
2021-09,5,2022-02,2021-10-10T21:59:00+00:00,CORE_LEVELPHASE_FIXED060_R29B,0.5543076361619601,1.2841091492777013,11.091549295774657,6.3993099791419885,3.20713052957621,7.228104271311662,0.9104849226705325,0.9,4.221794038653433,5.764119339195237
2021-09,6,2022-03,2021-10-10T21:59:00+00:00,CORE_LEVELPHASE_FIXED060_R29B,0.3119589777377561,1.6640253565768592,12.741652021089632,6.543655320913587,3.518603924911511,8.878436422759457,0.4815827348898898,0.7,4.702220873481844,6.461680712837762
2021-09,7,2022-04,2021-10-10T21:59:00+00:00,CORE_LEVELPHASE_FIXED060_R29B,0.5465129981624006,1.7926734216679563,14.160839160839142,6.564080961452936,4.063628959602137,10.655230944833441,0.927649996293038,1.5,5.625594622591546,7.950541962212827
2021-09,8,2022-05,2021-10-10T21:59:00+00:00,CORE_LEVELPHASE_FIXED060_R29B,0.528043477701298,1.7611026033690802,15.968586387434565,6.939827899459257,4.5902831761875245,12.40100583252035,0.7173388775776859,1.4,6.340372863180222,9.340832479111969
2021-09,9,2022-06,2021-10-10T21:59:00+00:00,CORE_LEVELPHASE_FIXED060_R29B,0.4869896091204424,1.5801354401805856,17.187499999999993,6.900923052729739,5.076090826701487,13.968787104443328,0.8166834919702,1.5,7.153739541861,10.829693728487033
2021-09,10,2022-07,2021-10-10T21:59:00+00:00,CORE_LEVELPHASE_FIXED060_R29B,0.6176315111460889,1.333333333333342,17.525773195876276,6.452298727464996,5.691822811798332,15.2933097794454,1.2052588276110965,1.6,8.351792963347997,12.417028644116048
2021-09,11,2022-08,2021-10-10T21:59:00+00:00,CORE_LEVELPHASE_FIXED060_R29B,0.34021544462075415,0.4385964912280604,17.235494880546053,6.085356906712936,6.031460832960519,15.730947239425278,0.6923435079626615,0.9,9.041750778774094,13.313002781263238
2021-09,12,2022-09,2021-10-10T21:59:00+00:00,CORE_LEVELPHASE_FIXED060_R29B,0.023338376852268916,0.8005822416302655,17.972742759795548,6.241855511438209,6.054796486837275,16.52834182333969,0.033353522912703354,0.3,9.075098740635848,13.612553679243087
2021-09,1,2021-10,2021-10-10T21:59:00+00:00,CORE_LEVELPHASE_FIXED080_R29B,0.6641241276099957,1.0221465076660996,5.798394290811807,5.113345409724195,0.6619285389208186,1.0169579169629013,1.0351089353797336,1.3,1.029788367127132,1.2916225266546328
2021-09,2,2021-11,2021-10-10T21:59:00+00:00,CORE_LEVELPHASE_FIXED080_R29B,0.3776381330394086,0.1686340640809414,5.976806422836781,5.510293484904743,1.0388554092663176,1.1854499534548457,0.5728276763351587,1.1,1.600981624361318,2.385616530488069
2021-09,3,2021-12,2021-10-10T21:59:00+00:00,CORE_LEVELPHASE_FIXED080_R29B,0.39469367538819283,0.4208754208754106,6.613047363717604,6.116059864999213,1.4327722126729967,1.6054421709874231,0.7287845550727691,0.8,2.3271233772503197,3.1824334954057565
2021-09,4,2022-01,2021-10-10T21:59:00+00:00,CORE_LEVELPHASE_FIXED080_R29B,1.229073091340535,4.442581726739303,9.876543209876534,5.999400312941116,2.6543535245267593,5.952169895935648,0.9932055330739362,1.7,3.3154290413049172,4.868145202048047
2021-09,5,2022-02,2021-10-10T21:59:00+00:00,CORE_LEVELPHASE_FIXED080_R29B,0.5543076361619601,1.2841091492777013,11.091549295774657,6.3993099791419885,3.20713052957621,7.228104271311662,0.9104849226705325,0.9,4.221794038653433,5.764119339195237
2021-09,6,2022-03,2021-10-10T21:59:00+00:00,CORE_LEVELPHASE_FIXED080_R29B,0.3119589777377561,1.6640253565768592,12.741652021089632,6.543655320913587,3.518603924911511,8.878436422759457,0.4815827348898898,0.7,4.702220873481844,6.461680712837762
2021-09,7,2022-04,2021-10-10T21:59:00+00:00,CORE_LEVELPHASE_FIXED080_R29B,0.5465129981624006,1.7926734216679563,14.160839160839142,6.564080961452936,4.063628959602137,10.655230944833441,0.927649996293038,1.5,5.625594622591546,7.950541962212827
2021-09,8,2022-05,2021-10-10T21:59:00+00:00,CORE_LEVELPHASE_FIXED080_R29B,0.528043477701298,1.7611026033690802,15.968586387434565,6.939827899459257,4.5902831761875245,12.40100583252035,0.7173388775776859,1.4,6.340372863180222,9.340832479111969
2021-09,9,2022-06,2021-10-10T21:59:00+00:00,CORE_LEVELPHASE_FIXED080_R29B,0.4869896091204424,1.5801354401805856,17.187499999999993,6.900923052729739,5.076090826701487,13.968787104443328,0.8166834919702,1.5,7.153739541861,10.829693728487033
2021-09,10,2022-07,2021-10-10T21:59:00+00:00,CORE_LEVELPHASE_FIXED080_R29B,0.6176315111460889,1.333333333333342,17.525773195876276,6.452298727464996,5.691822811798332,15.2933097794454,1.2052588276110965,1.6,8.351792963347997,12.417028644116048
2021-09,11,2022-08,2021-10-10T21:59:00+00:00,CORE_LEVELPHASE_FIXED080_R29B,0.34021544462075415,0.4385964912280604,17.235494880546053,6.085356906712936,6.031460832960519,15.730947239425278,0.6923435079626615,0.9,9.041750778774094,13.313002781263238
2021-09,12,2022-09,2021-10-10T21:59:00+00:00,CORE_LEVELPHASE_FIXED080_R29B,0.023338376852268916,0.8005822416302655,17.972742759795548,6.241855511438209,6.054796486837275,16.52834182333969,0.033353522912703354,0.3,9.075098740635848,13.612553679243087
2021-09,1,2021-10,2021-10-10T21:59:00+00:00,CORE_LEVELPHASE_PANEL_R29B,0.43503038916638975,1.0221465076660996,5.798394290811807,4.874126030735698,0.43408686738350044,1.0169579169629013,0.6215258418756822,1.3,0.6196023359582817,1.2916225266546328
2021-09,2,2021-11,2021-10-10T21:59:00+00:00,CORE_LEVELPHASE_PANEL_R29B,0.1495926019265304,0.1686340640809414,5.976806422836781,5.031009964612785,0.5835676910380733,1.1854499534548457,0.16113691229162092,1.1,0.7806095620236175,2.385616530488069
2021-09,3,2021-12,2021-10-10T21:59:00+00:00,CORE_LEVELPHASE_PANEL_R29B,0.16618185608540936,0.4208754208754106,6.613047363717604,5.393587392722177,0.7496116178648145,1.6054421709874231,0.3162520006190891,0.8,1.0963625378436905,3.1824334954057565
2021-09,4,2022-01,2021-10-10T21:59:00+00:00,CORE_LEVELPHASE_PANEL_R29B,0.9998484538618589,4.442581726739303,9.876543209876534,5.039329637389471,1.7444946573877265,5.952169895935648,0.5793861274461718,1.7,1.6740766789292814,4.868145202048047
2021-09,5,2022-02,2021-10-10T21:59:00+00:00,CORE_LEVELPHASE_PANEL_R29B,0.3251578860087117,1.2841091492777013,11.091549295774657,5.195343594600086,2.0691250482942505,7.228104271311662,0.49680071118611313,0.9,2.169647407408712,5.764119339195237
2021-09,6,2022-03,2021-10-10T21:59:00+00:00,CORE_LEVELPHASE_PANEL_R29B,0.11888890540677677,1.6640253565768592,12.741652021089632,5.135311807196352,2.1879433368067764,8.878436422759457,0.13303319215608211,0.7,2.3025921888154595,6.461680712837762
2021-09,7,2022-04,2021-10-10T21:59:00+00:00,CORE_LEVELPHASE_PANEL_R29B,0.38786972489771365,1.7926734216679563,14.160839160839142,4.98955212537743,2.57506278652144,10.655230944833441,0.6412511790832477,1.5,2.9417960999509223,7.950541962212827
2021-09,8,2022-05,2021-10-10T21:59:00+00:00,CORE_LEVELPHASE_PANEL_R29B,0.404963451720572,1.7611026033690802,15.968586387434565,5.230751594165992,2.979208468292022,12.40100583252035,0.49514241669013426,1.4,3.4357167180127814,9.340832479111969
2021-09,9,2022-06,2021-10-10T21:59:00+00:00,CORE_LEVELPHASE_PANEL_R29B,0.35358503799741026,1.5801354401805856,17.187499999999993,5.052817038283627,3.3321698640320823,13.968787104443328,0.5758481221889059,1.5,4.009913172600351,10.829693728487033
2021-09,10,2022-07,2021-10-10T21:59:00+00:00,CORE_LEVELPHASE_PANEL_R29B,0.4734721690995257,1.333333333333342,17.525773195876276,4.46206636517767,3.8045246791756497,15.2933097794454,0.9450078620186743,1.6,4.9504837684277465,12.417028644116048
2021-09,11,2022-08,2021-10-10T21:59:00+00:00,CORE_LEVELPHASE_PANEL_R29B,0.1865998850003276,0.4385964912280604,17.235494880546053,3.942610259785875,3.990950682865182,15.730947239425278,0.41502122587064627,0.9,5.3646461566278525,13.313002781263238
2021-09,12,2022-09,2021-10-10T21:59:00+00:00,CORE_LEVELPHASE_PANEL_R29B,-0.12927183209489912,0.8005822416302655,17.972742759795548,3.937123878050207,3.8615952226579187,16.52834182333969,-0.24215379887386038,0.3,5.122198691263614,13.612553679243087
2021-10,1,2021-11,2021-11-09T22:59:00+00:00,CORE_LEVELPHASE_FIXED040_R29B,0.5504890888439581,0.1686340640809414,5.976806422836781,6.066530996804942,0.5489794354433083,0.16849203649194455,0.5916615984083882,1.1,0.5899181546513801,1.0939940038334364
2021-10,2,2021-12,2021-11-09T22:59:00+00:00,CORE_LEVELPHASE_FIXED040_R29B,0.4082638028942323,0.4208754208754106,6.613047363717604,6.689909992924376,0.9564121030554886,0.588484254024522,0.7469104239091828,0.8,1.334053014735974,1.8908109687511239
2021-10,3,2022-01,2021-11-09T22:59:00+00:00,CORE_LEVELPHASE_FIXED040_R29B,1.248969844948857,4.442581726739303,9.876543209876534,6.593566611202317,2.197646660647729,4.935211978972746,1.0107876323566616,1.7,2.339766353808882,3.5765226753934143
2021-10,4,2022-02,2021-11-09T22:59:00+00:00,CORE_LEVELPHASE_FIXED040_R29B,0.5674113840643308,1.2841091492777013,11.091549295774657,7.009661081843574,2.7634543298986864,6.21114635434876,0.9275799298349808,0.9,3.2630706804338834,4.472496812540605
2021-10,5,2022-03,2021-11-09T22:59:00+00:00,CORE_LEVELPHASE_FIXED040_R29B,0.3275293394053485,1.6640253565768592,12.741652021089632,7.1714669577479535,3.0904484602891307,7.861478505796554,0.4982285387020626,0.7,3.760062167945318,5.170058186183129
2021-10,6,2022-04,2021-11-09T22:59:00+00:00,CORE_LEVELPHASE_FIXED040_R29B,0.5595199607955014,1.7926734216679563,14.160839160839142,7.205879599047324,3.648408922584647,9.63827302787054,0.9440671242308355,1.5,4.6997008284632775,6.658919435558195
2021-10,7,2022-05,2021-11-09T22:59:00+00:00,CORE_LEVELPHASE_FIXED040_R29B,0.5376454052025803,1.7611026033690802,15.968586387434565,7.594165397061521,4.184614174517667,11.38404791555745,0.7334802436724762,1.4,5.430504187440396,8.049209952457337
2021-10,8,2022-06,2021-11-09T22:59:00+00:00,CORE_LEVELPHASE_FIXED040_R29B,0.4968900075035631,1.5801354401805856,17.187499999999993,7.565619272047313,4.680273757843367,12.951829187480426,0.8326473475271731,1.5,6.259704150093764,9.538071201832402
2021-10,9,2022-07,2021-11-09T22:59:00+00:00,CORE_LEVELPHASE_FIXED040_R29B,0.6271679898646767,1.333333333333342,17.525773195876276,7.124357678404583,5.305483233786558,14.276351862482498,1.2211288705870902,1.6,7.4734373880206695,11.125406117461416
2021-10,10,2022-08,2021-11-09T22:59:00+00:00,CORE_LEVELPHASE_FIXED040_R29B,0.3499850564552216,0.4385964912280604,17.235494880546053,6.765493461883514,5.654857267786236,14.713989322462377,0.708009477098744,0.9,8.17895224586053,12.021380254608607
2021-10,11,2022-09,2021-11-09T22:59:00+00:00,CORE_LEVELPHASE_FIXED040_R29B,0.03914095238478279,0.8005822416302655,17.972742759795548,6.625328008187206,5.69399056209848,15.511383906376789,0.06663074024996916,0.3,8.245560797688428,12.320931152588456
2021-10,12,2022-10,2021-11-09T22:59:00+00:00,CORE_LEVELPHASE_FIXED040_R29B,0.6200504811086405,-1.4440433212996373,15.092748735244497,6.515599902947021,6.3121266396483104,14.056812806138913,0.9678498662999602,1.2,9.208757000062846,13.513788239115836
2021-10,1,2021-11,2021-11-09T22:59:00+00:00,CORE_LEVELPHASE_FIXED060_R29B,0.5504890888439581,0.1686340640809414,5.976806422836781,6.066530996804942,0.5489794354433083,0.16849203649194455,0.5916615984083882,1.1,0.5899181546513801,1.0939940038334364
2021-10,2,2021-12,2021-11-09T22:59:00+00:00,CORE_LEVELPHASE_FIXED060_R29B,0.4082638028942323,0.4208754208754106,6.613047363717604,6.689909992924376,0.9564121030554886,0.588484254024522,0.7469104239091828,0.8,1.334053014735974,1.8908109687511239
2021-10,3,2022-01,2021-11-09T22:59:00+00:00,CORE_LEVELPHASE_FIXED060_R29B,1.248969844948857,4.442581726739303,9.876543209876534,6.593566611202317,2.197646660647729,4.935211978972746,1.0107876323566616,1.7,2.339766353808882,3.5765226753934143
2021-10,4,2022-02,2021-11-09T22:59:00+00:00,CORE_LEVELPHASE_FIXED060_R29B,0.5674113840643308,1.2841091492777013,11.091549295774657,7.009661081843574,2.7634543298986864,6.21114635434876,0.9275799298349808,0.9,3.2630706804338834,4.472496812540605
2021-10,5,2022-03,2021-11-09T22:59:00+00:00,CORE_LEVELPHASE_FIXED060_R29B,0.3275293394053485,1.6640253565768592,12.741652021089632,7.1714669577479535,3.0904484602891307,7.861478505796554,0.4982285387020626,0.7,3.760062167945318,5.170058186183129
2021-10,6,2022-04,2021-11-09T22:59:00+00:00,CORE_LEVELPHASE_FIXED060_R29B,0.5595199607955014,1.7926734216679563,14.160839160839142,7.205879599047324,3.648408922584647,9.63827302787054,0.9440671242308355,1.5,4.6997008284632775,6.658919435558195
2021-10,7,2022-05,2021-11-09T22:59:00+00:00,CORE_LEVELPHASE_FIXED060_R29B,0.5376454052025803,1.7611026033690802,15.968586387434565,7.594165397061521,4.184614174517667,11.38404791555745,0.7334802436724762,1.4,5.430504187440396,8.049209952457337
2021-10,8,2022-06,2021-11-09T22:59:00+00:00,CORE_LEVELPHASE_FIXED060_R29B,0.4968900075035631,1.5801354401805856,17.187499999999993,7.565619272047313,4.680273757843367,12.951829187480426,0.8326473475271731,1.5,6.259704150093764,9.538071201832402
2021-10,9,2022-07,2021-11-09T22:59:00+00:00,CORE_LEVELPHASE_FIXED060_R29B,0.6271679898646767,1.333333333333342,17.525773195876276,7.124357678404583,5.305483233786558,14.276351862482498,1.2211288705870902,1.6,7.4734373880206695,11.125406117461416
2021-10,10,2022-08,2021-11-09T22:59:00+00:00,CORE_LEVELPHASE_FIXED060_R29B,0.3499850564552216,0.4385964912280604,17.235494880546053,6.765493461883514,5.654857267786236,14.713989322462377,0.708009477098744,0.9,8.17895224586053,12.021380254608607
2021-10,11,2022-09,2021-11-09T22:59:00+00:00,CORE_LEVELPHASE_FIXED060_R29B,0.03914095238478279,0.8005822416302655,17.972742759795548,6.625328008187206,5.69399056209848,15.511383906376789,0.06663074024996916,0.3,8.245560797688428,12.320931152588456
2021-10,12,2022-10,2021-11-09T22:59:00+00:00,CORE_LEVELPHASE_FIXED060_R29B,0.6200504811086405,-1.4440433212996373,15.092748735244497,6.515599902947021,6.3121266396483104,14.056812806138913,0.9678498662999602,1.2,9.208757000062846,13.513788239115836
2021-10,1,2021-11,2021-11-09T22:59:00+00:00,CORE_LEVELPHASE_FIXED080_R29B,0.5504890888439581,0.1686340640809414,5.976806422836781,6.066530996804942,0.5489794354433083,0.16849203649194455,0.5916615984083882,1.1,0.5899181546513801,1.0939940038334364
2021-10,2,2021-12,2021-11-09T22:59:00+00:00,CORE_LEVELPHASE_FIXED080_R29B,0.4082638028942323,0.4208754208754106,6.613047363717604,6.689909992924376,0.9564121030554886,0.588484254024522,0.7469104239091828,0.8,1.334053014735974,1.8908109687511239
2021-10,3,2022-01,2021-11-09T22:59:00+00:00,CORE_LEVELPHASE_FIXED080_R29B,1.248969844948857,4.442581726739303,9.876543209876534,6.593566611202317,2.197646660647729,4.935211978972746,1.0107876323566616,1.7,2.339766353808882,3.5765226753934143
2021-10,4,2022-02,2021-11-09T22:59:00+00:00,CORE_LEVELPHASE_FIXED080_R29B,0.5674113840643308,1.2841091492777013,11.091549295774657,7.009661081843574,2.7634543298986864,6.21114635434876,0.9275799298349808,0.9,3.2630706804338834,4.472496812540605
2021-10,5,2022-03,2021-11-09T22:59:00+00:00,CORE_LEVELPHASE_FIXED080_R29B,0.3275293394053485,1.6640253565768592,12.741652021089632,7.1714669577479535,3.0904484602891307,7.861478505796554,0.4982285387020626,0.7,3.760062167945318,5.170058186183129
2021-10,6,2022-04,2021-11-09T22:59:00+00:00,CORE_LEVELPHASE_FIXED080_R29B,0.5595199607955014,1.7926734216679563,14.160839160839142,7.205879599047324,3.648408922584647,9.63827302787054,0.9440671242308355,1.5,4.6997008284632775,6.658919435558195
2021-10,7,2022-05,2021-11-09T22:59:00+00:00,CORE_LEVELPHASE_FIXED080_R29B,0.5376454052025803,1.7611026033690802,15.968586387434565,7.594165397061521,4.184614174517667,11.38404791555745,0.7334802436724762,1.4,5.430504187440396,8.049209952457337
2021-10,8,2022-06,2021-11-09T22:59:00+00:00,CORE_LEVELPHASE_FIXED080_R29B,0.4968900075035631,1.5801354401805856,17.187499999999993,7.565619272047313,4.680273757843367,12.951829187480426,0.8326473475271731,1.5,6.259704150093764,9.538071201832402
2021-10,9,2022-07,2021-11-09T22:59:00+00:00,CORE_LEVELPHASE_FIXED080_R29B,0.6271679898646767,1.333333333333342,17.525773195876276,7.124357678404583,5.305483233786558,14.276351862482498,1.2211288705870902,1.6,7.4734373880206695,11.125406117461416
2021-10,10,2022-08,2021-11-09T22:59:00+00:00,CORE_LEVELPHASE_FIXED080_R29B,0.3499850564552216,0.4385964912280604,17.235494880546053,6.765493461883514,5.654857267786236,14.713989322462377,0.708009477098744,0.9,8.17895224586053,12.021380254608607
2021-10,11,2022-09,2021-11-09T22:59:00+00:00,CORE_LEVELPHASE_FIXED080_R29B,0.03914095238478279,0.8005822416302655,17.972742759795548,6.625328008187206,5.69399056209848,15.511383906376789,0.06663074024996916,0.3,8.245560797688428,12.320931152588456
2021-10,12,2022-10,2021-11-09T22:59:00+00:00,CORE_LEVELPHASE_FIXED080_R29B,0.6200504811086405,-1.4440433212996373,15.092748735244497,6.515599902947021,6.3121266396483104,14.056812806138913,0.9678498662999602,1.2,9.208757000062846,13.513788239115836
2021-10,1,2021-11,2021-11-09T22:59:00+00:00,CORE_LEVELPHASE_PANEL_R29B,0.320529715879877,0.1686340640809414,5.976806422836781,5.823956413811622,0.3200171144539159,0.16849203649194455,0.17557680623284605,1.1,0.17542285033929653,1.0939940038334364
2021-10,2,2021-12,2021-11-09T22:59:00+00:00,CORE_LEVELPHASE_PANEL_R29B,0.17794952056690697,0.4208754208754106,6.613047363717604,6.201746436960858,0.4978084924429845,0.588484254024522,0.3301834644379867,0.8,0.5050624061118067,1.8908109687511239
2021-10,3,2022-01,2021-11-09T22:59:00+00:00,CORE_LEVELPHASE_PANEL_R29B,1.0169425118099225,4.442581726739303,9.876543209876534,5.862686283059681,1.5096149351217916,4.935211978972746,0.5909611062892131,1.7,1.0942841863847637,3.5765226753934143
2021-10,4,2022-02,2021-11-09T22:59:00+00:00,CORE_LEVELPHASE_PANEL_R29B,0.3344663103513258,1.2841091492777013,11.091549295774657,6.02975996358565,1.8435231509884402,6.21114635434876,0.506092858728158,0.9,1.5991006997219455,4.472496812540605
2021-10,5,2022-03,2021-11-09T22:59:00+00:00,CORE_LEVELPHASE_PANEL_R29B,0.0944710926584719,1.6640253565768592,12.741652021089632,5.9434073529984435,1.9379496477947542,7.861478505796554,0.07653669412733818,0.7,1.6756081194576926,5.170058186183129
2021-10,6,2022-04,2021-11-09T22:59:00+00:00,CORE_LEVELPHASE_PANEL_R29B,0.36085032931980215,1.7926734216679563,14.160839160839142,5.76805219106216,2.2981504743333705,9.63827302787054,0.5845974872307833,1.5,2.258503466136984,6.658919435558195
2021-10,7,2022-05,2021-11-09T22:59:00+00:00,CORE_LEVELPHASE_PANEL_R29B,0.3747614018592973,1.7611026033690802,15.968586387434565,5.979151788779694,2.672211395193859,11.38404791555745,0.43876054685717736,1.4,2.6963042652124534,8.049209952457337
2021-10,8,2022-06,2021-11-09T22:59:00+00:00,CORE_LEVELPHASE_PANEL_R29B,0.36927421808004135,1.5801354401805856,17.187499999999993,5.81649242353766,3.0408054699150067,12.951829187480426,0.6017413899391878,1.5,3.2962424219011934,9.538071201832402
2021-10,9,2022-07,2021-11-09T22:59:00+00:00,CORE_LEVELPHASE_PANEL_R29B,0.4891025773084799,1.333333333333342,17.525773195876276,5.237816361433672,3.5287158264425322,14.276351862482498,0.9713155329109231,1.6,4.262871011058484,11.125406117461416
2021-10,10,2022-08,2021-11-09T22:59:00+00:00,CORE_LEVELPHASE_PANEL_R29B,0.20271383183826447,0.4385964912280604,17.235494880546053,4.731344913696758,3.7312244710411884,14.713989322462377,0.4415392910900375,0.9,4.703438377323748,12.021380254608607
2021-10,11,2022-09,2021-11-09T22:59:00+00:00,CORE_LEVELPHASE_PANEL_R29B,-0.11703320989829583,0.8005822416302655,17.972742759795548,4.430565303167159,3.6141227238022786,15.511383906376789,-0.2159482780312039,0.3,4.487256594772061,12.320931152588456
2021-10,12,2022-10,2021-11-09T22:59:00+00:00,CORE_LEVELPHASE_PANEL_R29B,0.46246978458929194,-1.4440433212996373,15.092748735244497,4.159715805397913,4.075526402564516,14.056812806138913,0.6827258875858085,1.2,5.167662462766896,13.513788239115836
2021-11,1,2021-12,2021-12-09T22:59:00+00:00,CORE_LEVELPHASE_FIXED040_R29B,0.5002070401730844,0.4208754208754106,6.613047363717604,7.244467216139923,0.49896016101417884,0.41999221753257737,0.8244542366698723,0.8,0.8210741780443027,0.7968169649176874
2021-11,2,2022-01,2021-12-09T22:59:00+00:00,CORE_LEVELPHASE_FIXED040_R29B,4.4515967258674305,4.442581726739303,9.876543209876534,10.536831444346632,4.854319049550114,4.766719942480802,1.08552575756075,1.7,1.900750398831951,2.4825286715599777
2021-11,3,2022-02,2021-12-09T22:59:00+00:00,CORE_LEVELPHASE_FIXED040_R29B,0.635197338391722,1.2841091492777013,11.091549295774657,11.043115218906022,5.487507512044724,6.042654317856816,0.9998515038763919,0.9,2.8956364581757175,3.378502808707168
2021-11,4,2022-03,2021-12-09T22:59:00+00:00,CORE_LEVELPHASE_FIXED040_R29B,0.38442845092436667,1.6640253565768592,12.741652021089632,11.274091456008653,5.871198925117927,7.69298646930461,0.5682769028939622,0.7,3.462304759209138,4.076064182349692
2021-11,5,2022-04,2021-12-09T22:59:00+00:00,CORE_LEVELPHASE_FIXED040_R29B,0.6133703086818895,1.7926734216679563,14.160839160839142,11.36942865739735,6.48269577504544,9.469780991378594,1.0128868599638983,1.5,4.470096297891659,5.564925431724758
2021-11,6,2022-05,2021-12-09T22:59:00+00:00,CORE_LEVELPHASE_FIXED040_R29B,0.588327803042084,1.7611026033690802,15.968586387434565,11.829140479928421,7.069299688179533,11.215555879065505,0.8009274891965759,1.4,5.267833386747399,6.9552159486239
2021-11,7,2022-06,2021-12-09T22:59:00+00:00,CORE_LEVELPHASE_FIXED040_R29B,0.5352487235409642,1.5801354401805856,17.187499999999993,11.84214356581648,7.603121046776641,12.783337150988483,0.8991768982441393,1.5,6.162991760650639,8.444077197998965
2021-11,8,2022-07,2021-12-09T22:59:00+00:00,CORE_LEVELPHASE_FIXED040_R29B,0.6651945656616038,1.333333333333342,17.525773195876276,11.4254298658333,8.266112955959242,14.107859825990554,1.2871244412301868,1.6,7.441903154924414,10.03141211362798
2021-11,9,2022-08,2021-12-09T22:59:00+00:00,CORE_LEVELPHASE_FIXED040_R29B,0.3872386878759862,0.4385964912280604,17.235494880546053,11.093383827222274,8.652603804821222,14.545497285970432,0.7730414657253681,0.9,8.211971965188743,10.92738625077517
2021-11,10,2022-09,2021-12-09T22:59:00+00:00,CORE_LEVELPHASE_FIXED040_R29B,0.07612285852869112,0.8005822416302655,17.972742759795548,10.988551028899321,8.728697704597183,15.342891869884845,0.13074854258870758,0.3,8.342635106303188,11.226937148755018
2021-11,11,2022-10,2021-12-09T22:59:00+00:00,CORE_LEVELPHASE_FIXED040_R29B,0.6641533883484242,-1.4440433212996373,15.092748735244497,10.595239869267905,9.390655311206643,13.88832076964697,1.0854703064505091,1.2,9.422256471437631,12.4197942352824
2021-11,12,2022-11,2021-12-09T22:59:00+00:00,CORE_LEVELPHASE_FIXED040_R29B,0.38721510795308256,1.172161172161168,16.24579124579122,10.271048554532923,9.777122671101319,15.053665348670167,0.5859783968814849,0.4,10.006524692499426,12.818996362236145
2021-11,1,2021-12,2021-12-09T22:59:00+00:00,CORE_LEVELPHASE_FIXED060_R29B,0.5002070401730844,0.4208754208754106,6.613047363717604,7.244467216139923,0.49896016101417884,0.41999221753257737,0.8244542366698723,0.8,0.8210741780443027,0.7968169649176874
2021-11,2,2022-01,2021-12-09T22:59:00+00:00,CORE_LEVELPHASE_FIXED060_R29B,4.4515967258674305,4.442581726739303,9.876543209876534,10.536831444346632,4.854319049550114,4.766719942480802,1.08552575756075,1.7,1.900750398831951,2.4825286715599777
2021-11,3,2022-02,2021-12-09T22:59:00+00:00,CORE_LEVELPHASE_FIXED060_R29B,0.635197338391722,1.2841091492777013,11.091549295774657,11.043115218906022,5.487507512044724,6.042654317856816,0.9998515038763919,0.9,2.8956364581757175,3.378502808707168
2021-11,4,2022-03,2021-12-09T22:59:00+00:00,CORE_LEVELPHASE_FIXED060_R29B,0.38442845092436667,1.6640253565768592,12.741652021089632,11.274091456008653,5.871198925117927,7.69298646930461,0.5682769028939622,0.7,3.462304759209138,4.076064182349692
2021-11,5,2022-04,2021-12-09T22:59:00+00:00,CORE_LEVELPHASE_FIXED060_R29B,0.6133703086818895,1.7926734216679563,14.160839160839142,11.36942865739735,6.48269577504544,9.469780991378594,1.0128868599638983,1.5,4.470096297891659,5.564925431724758
2021-11,6,2022-05,2021-12-09T22:59:00+00:00,CORE_LEVELPHASE_FIXED060_R29B,0.588327803042084,1.7611026033690802,15.968586387434565,11.829140479928421,7.069299688179533,11.215555879065505,0.8009274891965759,1.4,5.267833386747399,6.9552159486239
2021-11,7,2022-06,2021-12-09T22:59:00+00:00,CORE_LEVELPHASE_FIXED060_R29B,0.5352487235409642,1.5801354401805856,17.187499999999993,11.84214356581648,7.603121046776641,12.783337150988483,0.8991768982441393,1.5,6.162991760650639,8.444077197998965
2021-11,8,2022-07,2021-12-09T22:59:00+00:00,CORE_LEVELPHASE_FIXED060_R29B,0.6651945656616038,1.333333333333342,17.525773195876276,11.4254298658333,8.266112955959242,14.107859825990554,1.2871244412301868,1.6,7.441903154924414,10.03141211362798
2021-11,9,2022-08,2021-12-09T22:59:00+00:00,CORE_LEVELPHASE_FIXED060_R29B,0.3872386878759862,0.4385964912280604,17.235494880546053,11.093383827222274,8.652603804821222,14.545497285970432,0.7730414657253681,0.9,8.211971965188743,10.92738625077517
2021-11,10,2022-09,2021-12-09T22:59:00+00:00,CORE_LEVELPHASE_FIXED060_R29B,0.07612285852869112,0.8005822416302655,17.972742759795548,10.988551028899321,8.728697704597183,15.342891869884845,0.13074854258870758,0.3,8.342635106303188,11.226937148755018
2021-11,11,2022-10,2021-12-09T22:59:00+00:00,CORE_LEVELPHASE_FIXED060_R29B,0.6641533883484242,-1.4440433212996373,15.092748735244497,10.595239869267905,9.390655311206643,13.88832076964697,1.0854703064505091,1.2,9.422256471437631,12.4197942352824
2021-11,12,2022-11,2021-12-09T22:59:00+00:00,CORE_LEVELPHASE_FIXED060_R29B,0.38721510795308256,1.172161172161168,16.24579124579122,10.271048554532923,9.777122671101319,15.053665348670167,0.5859783968814849,0.4,10.006524692499426,12.818996362236145
2021-11,1,2021-12,2021-12-09T22:59:00+00:00,CORE_LEVELPHASE_FIXED080_R29B,0.5002070401730844,0.4208754208754106,6.613047363717604,7.244467216139923,0.49896016101417884,0.41999221753257737,0.8244542366698723,0.8,0.8210741780443027,0.7968169649176874
2021-11,2,2022-01,2021-12-09T22:59:00+00:00,CORE_LEVELPHASE_FIXED080_R29B,4.4515967258674305,4.442581726739303,9.876543209876534,10.536831444346632,4.854319049550114,4.766719942480802,1.08552575756075,1.7,1.900750398831951,2.4825286715599777
2021-11,3,2022-02,2021-12-09T22:59:00+00:00,CORE_LEVELPHASE_FIXED080_R29B,0.635197338391722,1.2841091492777013,11.091549295774657,11.043115218906022,5.487507512044724,6.042654317856816,0.9998515038763919,0.9,2.8956364581757175,3.378502808707168
2021-11,4,2022-03,2021-12-09T22:59:00+00:00,CORE_LEVELPHASE_FIXED080_R29B,0.38442845092436667,1.6640253565768592,12.741652021089632,11.274091456008653,5.871198925117927,7.69298646930461,0.5682769028939622,0.7,3.462304759209138,4.076064182349692
2021-11,5,2022-04,2021-12-09T22:59:00+00:00,CORE_LEVELPHASE_FIXED080_R29B,0.6133703086818895,1.7926734216679563,14.160839160839142,11.36942865739735,6.48269577504544,9.469780991378594,1.0128868599638983,1.5,4.470096297891659,5.564925431724758
2021-11,6,2022-05,2021-12-09T22:59:00+00:00,CORE_LEVELPHASE_FIXED080_R29B,0.588327803042084,1.7611026033690802,15.968586387434565,11.829140479928421,7.069299688179533,11.215555879065505,0.8009274891965759,1.4,5.267833386747399,6.9552159486239
2021-11,7,2022-06,2021-12-09T22:59:00+00:00,CORE_LEVELPHASE_FIXED080_R29B,0.5352487235409642,1.5801354401805856,17.187499999999993,11.84214356581648,7.603121046776641,12.783337150988483,0.8991768982441393,1.5,6.162991760650639,8.444077197998965
2021-11,8,2022-07,2021-12-09T22:59:00+00:00,CORE_LEVELPHASE_FIXED080_R29B,0.6651945656616038,1.333333333333342,17.525773195876276,11.4254298658333,8.266112955959242,14.107859825990554,1.2871244412301868,1.6,7.441903154924414,10.03141211362798
2021-11,9,2022-08,2021-12-09T22:59:00+00:00,CORE_LEVELPHASE_FIXED080_R29B,0.3872386878759862,0.4385964912280604,17.235494880546053,11.093383827222274,8.652603804821222,14.545497285970432,0.7730414657253681,0.9,8.211971965188743,10.92738625077517
2021-11,10,2022-09,2021-12-09T22:59:00+00:00,CORE_LEVELPHASE_FIXED080_R29B,0.07612285852869112,0.8005822416302655,17.972742759795548,10.988551028899321,8.728697704597183,15.342891869884845,0.13074854258870758,0.3,8.342635106303188,11.226937148755018
2021-11,11,2022-10,2021-12-09T22:59:00+00:00,CORE_LEVELPHASE_FIXED080_R29B,0.6641533883484242,-1.4440433212996373,15.092748735244497,10.595239869267905,9.390655311206643,13.88832076964697,1.0854703064505091,1.2,9.422256471437631,12.4197942352824
2021-11,12,2022-11,2021-12-09T22:59:00+00:00,CORE_LEVELPHASE_FIXED080_R29B,0.38721510795308256,1.172161172161168,16.24579124579122,10.271048554532923,9.777122671101319,15.053665348670167,0.5859783968814849,0.4,10.006524692499426,12.818996362236145
2021-11,1,2021-12,2021-12-09T22:59:00+00:00,CORE_LEVELPHASE_PANEL_R29B,0.24603603770429416,0.4208754208754106,6.613047363717604,6.973239578462902,0.24573386458008198,0.41999221753257737,0.36404543502640097,0.8,0.3633843934745478,0.7968169649176874
2021-11,2,2022-01,2021-12-09T22:59:00+00:00,CORE_LEVELPHASE_PANEL_R29B,4.196767581376616,4.442581726739303,9.876543209876534,9.988284037180911,4.356826020383471,4.766719942480802,0.6239247885310365,1.7,0.985370829692441,2.4825286715599777
2021-11,3,2022-02,2021-12-09T22:59:00+00:00,CORE_LEVELPHASE_PANEL_R29B,0.378867039913586,1.2841091492777013,11.091549295774657,10.210618404796085,4.7349771667474565,6.042654317856816,0.5355313241512352,0.9,1.519473283941741,3.378502808707168
2021-11,4,2022-03,2021-12-09T22:59:00+00:00,CORE_LEVELPHASE_PANEL_R29B,0.12748371527417723,1.6640253565768592,12.741652021089632,10.15718029805731,4.862379690529961,7.69298646930461,0.10284372334064815,0.7,1.622264159355983,4.076064182349692
2021-11,5,2022-04,2021-12-09T22:59:00+00:00,CORE_LEVELPHASE_PANEL_R29B,0.35357237866353247,1.7926734216679563,14.160839160839142,9.966875456191628,5.215328471539146,9.469780991378594,0.5422853654291566,1.5,2.1630844518946137,5.564925431724758
2021-11,6,2022-05,2021-12-09T22:59:00+00:00,CORE_LEVELPHASE_PANEL_R29B,0.3681907426229854,1.7611026033690802,15.968586387434565,10.179142433193373,5.582843051251947,11.215555879065505,0.4021682318445543,1.4,2.5644461490001467,6.9552159486239
2021-11,7,2022-06,2021-12-09T22:59:00+00:00,CORE_LEVELPHASE_PANEL_R29B,0.3540785998718532,1.5801354401805856,17.187499999999993,9.993381618914997,5.93629626864495,12.783337150988483,0.5710028786986282,1.5,3.133824985546862,8.444077197998965
2021-11,8,2022-07,2021-12-09T22:59:00+00:00,CORE_LEVELPHASE_PANEL_R29B,0.5226877877938485,1.333333333333342,17.525773195876276,9.428424173544125,6.457622785226458,14.107859825990554,1.0289857307286927,1.6,4.157552696857795,10.03141211362798
2021-11,9,2022-08,2021-12-09T22:59:00+00:00,CORE_LEVELPHASE_PANEL_R29B,0.23436750376198323,0.4385964912280604,17.235494880546053,8.936186526786855,6.691716076713745,14.545497285970432,0.4961285291586212,0.9,4.652454563969779,10.92738625077517
2021-11,10,2022-09,2021-12-09T22:59:00+00:00,CORE_LEVELPHASE_PANEL_R29B,-0.08678880600186052,0.8005822416302655,17.972742759795548,8.656221937241973,6.60488958742282,15.342891869884845,-0.1643518564013956,0.3,4.487967501742373,11.226937148755018
2021-11,11,2022-10,2021-12-09T22:59:00+00:00,CORE_LEVELPHASE_PANEL_R29B,0.4885707707858803,-1.4440433212996373,15.092748735244497,8.082324770224393,7.092270724446764,13.88832076964697,0.7674175712596758,1.2,5.2524554033454605,12.4197942352824
2021-11,12,2022-11,2021-12-09T22:59:00+00:00,CORE_LEVELPHASE_PANEL_R29B,0.21250009378267354,1.172161172161168,16.24579124579122,7.5779433809849195,7.304545356128436,15.053665348670167,0.2694972502440063,0.4,5.521590160875898,12.818996362236145
2021-12,1,2022-01,2022-01-11T22:59:00+00:00,CORE_LEVELPHASE_FIXED040_R29B,4.517919052762949,4.442581726739303,9.876543209876534,10.339102152896674,4.4188344905875105,4.346727724948225,1.2373609813317321,1.7,1.2297682392659888,1.6857117066422904
2021-12,2,2022-02,2022-01-11T22:59:00+00:00,CORE_LEVELPHASE_FIXED040_R29B,0.7481552702245984,1.2841091492777013,11.091549295774657,10.968897619291846,5.1642049603989655,5.622662100324238,1.1457578417123995,0.9,2.369011985770389,2.5816858437894807
2021-12,3,2022-03,2022-01-11T22:59:00+00:00,CORE_LEVELPHASE_FIXED040_R29B,0.4829229614963414,1.6640253565768592,12.741652021089632,11.30882566364919,5.645965589572628,7.272994251772031,0.7089396863326347,0.7,3.0754505089102766,3.2792472174320046
2021-12,4,2022-04,2022-01-11T22:59:00+00:00,CORE_LEVELPHASE_FIXED040_R29B,0.7100511577440909,1.7926734216679563,14.160839160839142,11.511242531520734,6.353507753840704,9.049788773846016,1.150459248522961,1.5,4.219342297655932,4.76810846680707
2021-12,5,2022-05,2022-01-11T22:59:00+00:00,CORE_LEVELPHASE_FIXED040_R29B,0.675127819707308,1.7611026033690802,15.968586387434565,12.068162590779638,7.026366791411778,10.795563661532928,0.9352477243217644,1.4,5.150243658940141,6.158398983706212
2021-12,6,2022-06,2022-01-11T22:59:00+00:00,CORE_LEVELPHASE_FIXED040_R29B,0.6273133225909744,1.5801354401805856,17.187499999999993,12.18383120350546,7.651720694177516,12.363344933455906,1.0312550217204774,1.5,6.176217523164117,7.647260233081277
2021-12,7,2022-07,2022-01-11T22:59:00+00:00,CORE_LEVELPHASE_FIXED040_R29B,0.7487854094799806,1.333333333333342,17.525773195876276,11.85865306063797,8.39771662187757,13.687867608457976,1.4178047077682916,1.6,7.584065382072441,9.234595148710293
2021-12,8,2022-08,2022-01-11T22:59:00+00:00,CORE_LEVELPHASE_FIXED040_R29B,0.46615750563015645,0.4385964912280604,17.235494880546053,11.612990973259002,8.862790978224195,14.125505068437855,0.9015416802353337,0.9,8.481567436422372,10.130569285857483
2021-12,9,2022-09,2022-01-11T22:59:00+00:00,CORE_LEVELPHASE_FIXED040_R29B,0.1486267095965571,0.8005822416302655,17.972742759795548,11.588453706790071,9.011307347643179,14.922899652352267,0.2572240636466846,0.3,8.73846124518326,10.430120183837332
2021-12,10,2022-10,2022-01-11T22:59:00+00:00,CORE_LEVELPHASE_FIXED040_R29B,0.7433711925186756,-1.4440433212996373,15.092748735244497,11.280520175140524,9.75192915353729,13.468328552114391,1.2121780123918287,1.2,9.943351216812816,11.622977270364713
2021-12,11,2022-11,2022-01-11T22:59:00+00:00,CORE_LEVELPHASE_FIXED040_R29B,0.5113460329182672,1.172161172161168,16.24579124579122,11.661249796930777,10.26197225240881,14.63367313113759,0.7663993088316561,0.4,10.706828605695218,12.022179397318459
2021-12,12,2022-12,2022-01-11T22:59:00+00:00,CORE_LEVELPHASE_FIXED040_R29B,0.49082254407340664,0.0,15.758591785414907,11.350861204349453,10.751594189596872,14.63367313113759,0.8797568917395868,0.4,11.58273818469232,12.421381524272205
2021-12,1,2022-01,2022-01-11T22:59:00+00:00,CORE_LEVELPHASE_FIXED060_R29B,4.517919052762949,4.442581726739303,9.876543209876534,10.339102152896674,4.4188344905875105,4.346727724948225,1.2373609813317321,1.7,1.2297682392659888,1.6857117066422904
2021-12,2,2022-02,2022-01-11T22:59:00+00:00,CORE_LEVELPHASE_FIXED060_R29B,0.7481552702245984,1.2841091492777013,11.091549295774657,10.968897619291846,5.1642049603989655,5.622662100324238,1.1457578417123995,0.9,2.369011985770389,2.5816858437894807
2021-12,3,2022-03,2022-01-11T22:59:00+00:00,CORE_LEVELPHASE_FIXED060_R29B,0.4829229614963414,1.6640253565768592,12.741652021089632,11.30882566364919,5.645965589572628,7.272994251772031,0.7089396863326347,0.7,3.0754505089102766,3.2792472174320046
2021-12,4,2022-04,2022-01-11T22:59:00+00:00,CORE_LEVELPHASE_FIXED060_R29B,0.7100511577440909,1.7926734216679563,14.160839160839142,11.511242531520734,6.353507753840704,9.049788773846016,1.150459248522961,1.5,4.219342297655932,4.76810846680707
2021-12,5,2022-05,2022-01-11T22:59:00+00:00,CORE_LEVELPHASE_FIXED060_R29B,0.675127819707308,1.7611026033690802,15.968586387434565,12.068162590779638,7.026366791411778,10.795563661532928,0.9352477243217644,1.4,5.150243658940141,6.158398983706212
2021-12,6,2022-06,2022-01-11T22:59:00+00:00,CORE_LEVELPHASE_FIXED060_R29B,0.6273133225909744,1.5801354401805856,17.187499999999993,12.18383120350546,7.651720694177516,12.363344933455906,1.0312550217204774,1.5,6.176217523164117,7.647260233081277
2021-12,7,2022-07,2022-01-11T22:59:00+00:00,CORE_LEVELPHASE_FIXED060_R29B,0.7487854094799806,1.333333333333342,17.525773195876276,11.85865306063797,8.39771662187757,13.687867608457976,1.4178047077682916,1.6,7.584065382072441,9.234595148710293
2021-12,8,2022-08,2022-01-11T22:59:00+00:00,CORE_LEVELPHASE_FIXED060_R29B,0.46615750563015645,0.4385964912280604,17.235494880546053,11.612990973259002,8.862790978224195,14.125505068437855,0.9015416802353337,0.9,8.481567436422372,10.130569285857483
2021-12,9,2022-09,2022-01-11T22:59:00+00:00,CORE_LEVELPHASE_FIXED060_R29B,0.1486267095965571,0.8005822416302655,17.972742759795548,11.588453706790071,9.011307347643179,14.922899652352267,0.2572240636466846,0.3,8.73846124518326,10.430120183837332
2021-12,10,2022-10,2022-01-11T22:59:00+00:00,CORE_LEVELPHASE_FIXED060_R29B,0.7433711925186756,-1.4440433212996373,15.092748735244497,11.280520175140524,9.75192915353729,13.468328552114391,1.2121780123918287,1.2,9.943351216812816,11.622977270364713
2021-12,11,2022-11,2022-01-11T22:59:00+00:00,CORE_LEVELPHASE_FIXED060_R29B,0.5113460329182672,1.172161172161168,16.24579124579122,11.661249796930777,10.26197225240881,14.63367313113759,0.7663993088316561,0.4,10.706828605695218,12.022179397318459
2021-12,12,2022-12,2022-01-11T22:59:00+00:00,CORE_LEVELPHASE_FIXED060_R29B,0.49082254407340664,0.0,15.758591785414907,11.350861204349453,10.751594189596872,14.63367313113759,0.8797568917395868,0.4,11.58273818469232,12.421381524272205
2021-12,1,2022-01,2022-01-11T22:59:00+00:00,CORE_LEVELPHASE_FIXED080_R29B,4.517919052762949,4.442581726739303,9.876543209876534,10.339102152896674,4.4188344905875105,4.346727724948225,1.2373609813317321,1.7,1.2297682392659888,1.6857117066422904
2021-12,2,2022-02,2022-01-11T22:59:00+00:00,CORE_LEVELPHASE_FIXED080_R29B,0.7481552702245984,1.2841091492777013,11.091549295774657,10.968897619291846,5.1642049603989655,5.622662100324238,1.1457578417123995,0.9,2.369011985770389,2.5816858437894807
2021-12,3,2022-03,2022-01-11T22:59:00+00:00,CORE_LEVELPHASE_FIXED080_R29B,0.4829229614963414,1.6640253565768592,12.741652021089632,11.30882566364919,5.645965589572628,7.272994251772031,0.7089396863326347,0.7,3.0754505089102766,3.2792472174320046
2021-12,4,2022-04,2022-01-11T22:59:00+00:00,CORE_LEVELPHASE_FIXED080_R29B,0.7100511577440909,1.7926734216679563,14.160839160839142,11.511242531520734,6.353507753840704,9.049788773846016,1.150459248522961,1.5,4.219342297655932,4.76810846680707
2021-12,5,2022-05,2022-01-11T22:59:00+00:00,CORE_LEVELPHASE_FIXED080_R29B,0.675127819707308,1.7611026033690802,15.968586387434565,12.068162590779638,7.026366791411778,10.795563661532928,0.9352477243217644,1.4,5.150243658940141,6.158398983706212
2021-12,6,2022-06,2022-01-11T22:59:00+00:00,CORE_LEVELPHASE_FIXED080_R29B,0.6273133225909744,1.5801354401805856,17.187499999999993,12.18383120350546,7.651720694177516,12.363344933455906,1.0312550217204774,1.5,6.176217523164117,7.647260233081277
2021-12,7,2022-07,2022-01-11T22:59:00+00:00,CORE_LEVELPHASE_FIXED080_R29B,0.7487854094799806,1.333333333333342,17.525773195876276,11.85865306063797,8.39771662187757,13.687867608457976,1.4178047077682916,1.6,7.584065382072441,9.234595148710293
2021-12,8,2022-08,2022-01-11T22:59:00+00:00,CORE_LEVELPHASE_FIXED080_R29B,0.46615750563015645,0.4385964912280604,17.235494880546053,11.612990973259002,8.862790978224195,14.125505068437855,0.9015416802353337,0.9,8.481567436422372,10.130569285857483
2021-12,9,2022-09,2022-01-11T22:59:00+00:00,CORE_LEVELPHASE_FIXED080_R29B,0.1486267095965571,0.8005822416302655,17.972742759795548,11.588453706790071,9.011307347643179,14.922899652352267,0.2572240636466846,0.3,8.73846124518326,10.430120183837332
2021-12,10,2022-10,2022-01-11T22:59:00+00:00,CORE_LEVELPHASE_FIXED080_R29B,0.7433711925186756,-1.4440433212996373,15.092748735244497,11.280520175140524,9.75192915353729,13.468328552114391,1.2121780123918287,1.2,9.943351216812816,11.622977270364713
2021-12,11,2022-11,2022-01-11T22:59:00+00:00,CORE_LEVELPHASE_FIXED080_R29B,0.5113460329182672,1.172161172161168,16.24579124579122,11.661249796930777,10.26197225240881,14.63367313113759,0.7663993088316561,0.4,10.706828605695218,12.022179397318459
2021-12,12,2022-12,2022-01-11T22:59:00+00:00,CORE_LEVELPHASE_FIXED080_R29B,0.49082254407340664,0.0,15.758591785414907,11.350861204349453,10.751594189596872,14.63367313113759,0.8797568917395868,0.4,11.58273818469232,12.421381524272205
2021-12,1,2022-01,2022-01-11T22:59:00+00:00,CORE_LEVELPHASE_PANEL_R29B,4.206227631731892,4.442581726739303,9.876543209876534,10.010050906402132,4.120170768471216,4.346727724948225,0.6847558771926993,1.7,0.6824220719908015,1.6857117066422904
2021-12,2,2022-02,2022-01-11T22:59:00+00:00,CORE_LEVELPHASE_PANEL_R29B,0.4367458785993068,1.2841091492777013,11.091549295774657,10.295989714728417,4.555965680125378,5.622662100324238,0.5936527541879654,0.9,1.274319651220014,2.5816858437894807
2021-12,3,2022-03,2022-01-11T22:59:00+00:00,CORE_LEVELPHASE_PANEL_R29B,0.17072359721857322,1.6640253565768592,12.741652021089632,10.290118252554839,4.726543710265401,7.272994251772031,0.15543403757862057,0.7,1.4296330151275671,3.2792472174320046
2021-12,4,2022-04,2022-01-11T22:59:00+00:00,CORE_LEVELPHASE_PANEL_R29B,0.39433894085439586,1.7926734216679563,14.160839160839142,10.144309427979897,5.120107173124366,9.049788773846016,0.5907255801557747,1.5,2.018620652683741,4.76810846680707
2021-12,5,2022-05,2022-01-11T22:59:00+00:00,CORE_LEVELPHASE_PANEL_R29B,0.357947832077695,1.7611026033690802,15.968586387434565,10.345656608656235,5.47741589661245,10.795563661532928,0.37291181043912075,1.4,2.3908388708213217,6.158398983706212
2021-12,6,2022-06,2022-01-11T22:59:00+00:00,CORE_LEVELPHASE_PANEL_R29B,0.35770458368615426,1.5801354401805856,17.187499999999993,10.163595329826029,5.83448223901205,12.363344933455906,0.553259301637934,1.5,2.9425733148771718,7.647260233081277
2021-12,7,2022-07,2022-01-11T22:59:00+00:00,CORE_LEVELPHASE_PANEL_R29B,0.5262418409861126,1.333333333333342,17.525773195876276,9.601638527326532,6.359344266276651,13.687867608457976,1.0232519432545317,1.6,3.960625476595874,9.234595148710293
2021-12,8,2022-08,2022-01-11T22:59:00+00:00,CORE_LEVELPHASE_PANEL_R29B,0.29263908085415674,0.4385964912280604,17.235494880546053,9.172052370921412,6.651555992507349,14.125505068437855,0.5939067543968456,0.9,4.552775556734686,10.130569285857483
2021-12,9,2022-09,2022-01-11T22:59:00+00:00,CORE_LEVELPHASE_PANEL_R29B,-0.03726893839655576,0.8005822416302655,17.972742759795548,8.94545136644387,6.614280107515946,14.922899652352267,-0.07235473444282495,0.3,4.480394633620622,10.430120183837332
2021-12,10,2022-10,2022-01-11T22:59:00+00:00,CORE_LEVELPHASE_PANEL_R29B,0.5420944464484081,-1.4440433212996373,15.092748735244497,8.427748166732265,7.1549105106350925,13.468328552114391,0.8553297011518375,1.2,5.3320871157113965,11.622977270364713
2021-12,11,2022-11,2022-01-11T22:59:00+00:00,CORE_LEVELPHASE_PANEL_R29B,0.29740854193954125,1.172161172161168,16.24579124579122,8.567140370549502,7.451877668297019,14.63367313113759,0.3871044630175893,0.4,5.718444257391183,12.022179397318459
2021-12,12,2022-12,2022-01-11T22:59:00+00:00,CORE_LEVELPHASE_PANEL_R29B,0.2766443832182429,0.0,15.758591785414907,8.03460440276951,7.728140095219696,14.63367313113759,0.5000353566002506,0.4,6.2172335891856685,12.421381524272205
2022-01,1,2022-02,2022-02-13T22:59:00+00:00,CORE_LEVELPHASE_FIXED040_R29B,0.7568342394769554,1.2841091492777013,11.091549295774657,10.44502755517955,0.7539846180554679,1.275934375376014,1.0631597593937117,0.9,1.0575479559403096,0.8959741371471904
2022-01,2,2022-03,2022-02-13T22:59:00+00:00,CORE_LEVELPHASE_FIXED040_R29B,0.46152508463942354,1.6640253565768592,12.741652021089632,10.759759485524599,1.2144479412862614,2.9262665268238073,0.6297667981559525,0.7,1.6853400095165711,1.5935355107897147
2022-01,3,2022-04,2022-02-13T22:59:00+00:00,CORE_LEVELPHASE_FIXED040_R29B,0.6814445858505812,1.7926734216679563,14.160839160839142,10.929659475417589,1.8935811879083546,4.703061048897792,1.073404869282776,1.5,2.7530247854989716,3.08239676016478
2022-01,4,2022-05,2022-02-13T22:59:00+00:00,CORE_LEVELPHASE_FIXED040_R29B,0.6445729573258568,1.7611026033690802,15.968586387434565,11.44983968497816,2.536085657597469,6.448835936584701,0.8603256249301479,1.4,3.6096706994602235,4.4726872770639226
2022-01,5,2022-06,2022-02-13T22:59:00+00:00,CORE_LEVELPHASE_FIXED040_R29B,0.5928879925110455,1.5801354401805856,17.187499999999993,11.526702962548688,3.1272229854956675,8.01661720850768,0.9578378524567819,1.5,4.562950368713479,5.961548526438988
2022-01,6,2022-07,2022-02-13T22:59:00+00:00,CORE_LEVELPHASE_FIXED040_R29B,0.7192699316548267,1.333333333333342,17.525773195876276,11.170851301665273,3.8439185082393745,9.341139883509753,1.3453724391364015,1.6,5.899353034532874,7.548883442068003
2022-01,7,2022-08,2022-02-13T22:59:00+00:00,CORE_LEVELPHASE_FIXED040_R29B,0.4264317996369352,0.4385964912280604,17.235494880546053,10.882837804064561,4.269443664042159,9.778777343489631,0.8304856196874181,0.9,6.726409097299307,8.444857579215194
2022-01,8,2022-09,2022-02-13T22:59:00+00:00,CORE_LEVELPHASE_FIXED040_R29B,0.10923929990979,0.8005822416302655,17.972742759795548,10.814861580449534,4.378623341245726,10.576171927404042,0.18742259538150224,0.3,6.913656275681042,8.744408477195043
2022-01,9,2022-10,2022-02-13T22:59:00+00:00,CORE_LEVELPHASE_FIXED040_R29B,0.7034046880605507,-1.4440433212996373,15.092748735244497,10.465222101973303,5.079565678647178,9.121600827166167,1.1423584745851911,1.2,8.049539105894924,9.937265563722423
2022-01,10,2022-11,2022-02-13T22:59:00+00:00,CORE_LEVELPHASE_FIXED040_R29B,0.47216381647287115,1.172161172161168,16.24579124579122,10.799952447712887,5.550618298179225,10.286945406189364,0.6974024417525543,0.4,8.744520944532432,10.33646769067617
2022-01,11,2022-12,2022-02-13T22:59:00+00:00,CORE_LEVELPHASE_FIXED040_R29B,0.46778073660225966,0.0,15.758591785414907,10.85170569852153,6.017308340742263,10.286945406189364,0.8295979159351621,0.4,9.57069661120193,10.735669817629915
2022-01,12,2023-01,2022-02-13T22:59:00+00:00,CORE_LEVELPHASE_FIXED040_R29B,1.285014543993802,6.010137581462716,17.49598715890851,7.566746468052829,7.294136627983619,16.123399517385845,1.0859235644396348,0.8,10.650766366170808,11.532486782547602
2022-01,1,2022-02,2022-02-13T22:59:00+00:00,CORE_LEVELPHASE_FIXED060_R29B,0.7568342394769554,1.2841091492777013,11.091549295774657,10.44502755517955,0.7539846180554679,1.275934375376014,1.0631597593937117,0.9,1.0575479559403096,0.8959741371471904
2022-01,2,2022-03,2022-02-13T22:59:00+00:00,CORE_LEVELPHASE_FIXED060_R29B,0.46152508463942354,1.6640253565768592,12.741652021089632,10.759759485524599,1.2144479412862614,2.9262665268238073,0.6297667981559525,0.7,1.6853400095165711,1.5935355107897147
2022-01,3,2022-04,2022-02-13T22:59:00+00:00,CORE_LEVELPHASE_FIXED060_R29B,0.6814445858505812,1.7926734216679563,14.160839160839142,10.929659475417589,1.8935811879083546,4.703061048897792,1.073404869282776,1.5,2.7530247854989716,3.08239676016478
2022-01,4,2022-05,2022-02-13T22:59:00+00:00,CORE_LEVELPHASE_FIXED060_R29B,0.6445729573258568,1.7611026033690802,15.968586387434565,11.44983968497816,2.536085657597469,6.448835936584701,0.8603256249301479,1.4,3.6096706994602235,4.4726872770639226
2022-01,5,2022-06,2022-02-13T22:59:00+00:00,CORE_LEVELPHASE_FIXED060_R29B,0.5928879925110455,1.5801354401805856,17.187499999999993,11.526702962548688,3.1272229854956675,8.01661720850768,0.9578378524567819,1.5,4.562950368713479,5.961548526438988
2022-01,6,2022-07,2022-02-13T22:59:00+00:00,CORE_LEVELPHASE_FIXED060_R29B,0.7192699316548267,1.333333333333342,17.525773195876276,11.170851301665273,3.8439185082393745,9.341139883509753,1.3453724391364015,1.6,5.899353034532874,7.548883442068003
2022-01,7,2022-08,2022-02-13T22:59:00+00:00,CORE_LEVELPHASE_FIXED060_R29B,0.4264317996369352,0.4385964912280604,17.235494880546053,10.882837804064561,4.269443664042159,9.778777343489631,0.8304856196874181,0.9,6.726409097299307,8.444857579215194
2022-01,8,2022-09,2022-02-13T22:59:00+00:00,CORE_LEVELPHASE_FIXED060_R29B,0.10923929990979,0.8005822416302655,17.972742759795548,10.814861580449534,4.378623341245726,10.576171927404042,0.18742259538150224,0.3,6.913656275681042,8.744408477195043
2022-01,9,2022-10,2022-02-13T22:59:00+00:00,CORE_LEVELPHASE_FIXED060_R29B,0.7034046880605507,-1.4440433212996373,15.092748735244497,10.465222101973303,5.079565678647178,9.121600827166167,1.1423584745851911,1.2,8.049539105894924,9.937265563722423
2022-01,10,2022-11,2022-02-13T22:59:00+00:00,CORE_LEVELPHASE_FIXED060_R29B,0.47216381647287115,1.172161172161168,16.24579124579122,10.799952447712887,5.550618298179225,10.286945406189364,0.6974024417525543,0.4,8.744520944532432,10.33646769067617
2022-01,11,2022-12,2022-02-13T22:59:00+00:00,CORE_LEVELPHASE_FIXED060_R29B,0.46778073660225966,0.0,15.758591785414907,10.85170569852153,6.017308340742263,10.286945406189364,0.8295979159351621,0.4,9.57069661120193,10.735669817629915
2022-01,12,2023-01,2022-02-13T22:59:00+00:00,CORE_LEVELPHASE_FIXED060_R29B,1.285014543993802,6.010137581462716,17.49598715890851,7.566746468052829,7.294136627983619,16.123399517385845,1.0859235644396348,0.8,10.650766366170808,11.532486782547602
2022-01,1,2022-02,2022-02-13T22:59:00+00:00,CORE_LEVELPHASE_FIXED080_R29B,0.7568342394769554,1.2841091492777013,11.091549295774657,10.44502755517955,0.7539846180554679,1.275934375376014,1.0631597593937117,0.9,1.0575479559403096,0.8959741371471904
2022-01,2,2022-03,2022-02-13T22:59:00+00:00,CORE_LEVELPHASE_FIXED080_R29B,0.46152508463942354,1.6640253565768592,12.741652021089632,10.759759485524599,1.2144479412862614,2.9262665268238073,0.6297667981559525,0.7,1.6853400095165711,1.5935355107897147
2022-01,3,2022-04,2022-02-13T22:59:00+00:00,CORE_LEVELPHASE_FIXED080_R29B,0.6814445858505812,1.7926734216679563,14.160839160839142,10.929659475417589,1.8935811879083546,4.703061048897792,1.073404869282776,1.5,2.7530247854989716,3.08239676016478
2022-01,4,2022-05,2022-02-13T22:59:00+00:00,CORE_LEVELPHASE_FIXED080_R29B,0.6445729573258568,1.7611026033690802,15.968586387434565,11.44983968497816,2.536085657597469,6.448835936584701,0.8603256249301479,1.4,3.6096706994602235,4.4726872770639226
2022-01,5,2022-06,2022-02-13T22:59:00+00:00,CORE_LEVELPHASE_FIXED080_R29B,0.5928879925110455,1.5801354401805856,17.187499999999993,11.526702962548688,3.1272229854956675,8.01661720850768,0.9578378524567819,1.5,4.562950368713479,5.961548526438988
2022-01,6,2022-07,2022-02-13T22:59:00+00:00,CORE_LEVELPHASE_FIXED080_R29B,0.7192699316548267,1.333333333333342,17.525773195876276,11.170851301665273,3.8439185082393745,9.341139883509753,1.3453724391364015,1.6,5.899353034532874,7.548883442068003
2022-01,7,2022-08,2022-02-13T22:59:00+00:00,CORE_LEVELPHASE_FIXED080_R29B,0.4264317996369352,0.4385964912280604,17.235494880546053,10.882837804064561,4.269443664042159,9.778777343489631,0.8304856196874181,0.9,6.726409097299307,8.444857579215194
2022-01,8,2022-09,2022-02-13T22:59:00+00:00,CORE_LEVELPHASE_FIXED080_R29B,0.10923929990979,0.8005822416302655,17.972742759795548,10.814861580449534,4.378623341245726,10.576171927404042,0.18742259538150224,0.3,6.913656275681042,8.744408477195043
2022-01,9,2022-10,2022-02-13T22:59:00+00:00,CORE_LEVELPHASE_FIXED080_R29B,0.7034046880605507,-1.4440433212996373,15.092748735244497,10.465222101973303,5.079565678647178,9.121600827166167,1.1423584745851911,1.2,8.049539105894924,9.937265563722423
2022-01,10,2022-11,2022-02-13T22:59:00+00:00,CORE_LEVELPHASE_FIXED080_R29B,0.47216381647287115,1.172161172161168,16.24579124579122,10.799952447712887,5.550618298179225,10.286945406189364,0.6974024417525543,0.4,8.744520944532432,10.33646769067617
2022-01,11,2022-12,2022-02-13T22:59:00+00:00,CORE_LEVELPHASE_FIXED080_R29B,0.46778073660225966,0.0,15.758591785414907,10.85170569852153,6.017308340742263,10.286945406189364,0.8295979159351621,0.4,9.57069661120193,10.735669817629915
2022-01,12,2023-01,2022-02-13T22:59:00+00:00,CORE_LEVELPHASE_FIXED080_R29B,1.285014543993802,6.010137581462716,17.49598715890851,7.566746468052829,7.294136627983619,16.123399517385845,1.0859235644396348,0.8,10.650766366170808,11.532486782547602
2022-01,1,2022-02,2022-02-13T22:59:00+00:00,CORE_LEVELPHASE_PANEL_R29B,0.48586943718645653,1.2841091492777013,11.091549295774657,10.148008347685112,0.48469290105046325,1.275934375376014,0.5823891205485594,0.9,0.5806997909178301,0.8959741371471904
2022-01,2,2022-03,2022-02-13T22:59:00+00:00,CORE_LEVELPHASE_PANEL_R29B,0.19172227093443356,1.6640253565768592,12.741652021089632,10.165233734385405,0.6762316194090354,2.9262665268238073,0.1510578661814474,0.7,0.7316436794716119,1.5935355107897147
2022-01,3,2022-04,2022-02-13T22:59:00+00:00,CORE_LEVELPHASE_PANEL_R29B,0.404394824245046,1.7926734216679563,14.160839160839142,10.030609998715665,1.0798109655462498,4.703061048897792,0.5818377367509625,1.5,1.3117952776951323,3.08239676016478
2022-01,4,2022-05,2022-02-13T22:59:00+00:00,CORE_LEVELPHASE_PANEL_R29B,0.3620631871802994,1.7611026033690802,15.968586387434565,10.23626958113498,1.4412202817777102,6.448835936584701,0.35907084377498216,1.4,1.6702230011611021,4.4726872770639226
2022-01,5,2022-06,2022-02-13T22:59:00+00:00,CORE_LEVELPHASE_PANEL_R29B,0.30405581889468525,1.5801354401805856,17.187499999999993,9.995556407842743,1.7448147858338974,8.01661720850768,0.445365282385859,1.5,2.1145994671826753,5.961548526438988
2022-01,6,2022-07,2022-02-13T22:59:00+00:00,CORE_LEVELPHASE_PANEL_R29B,0.47251473074553296,1.333333333333342,17.525773195876276,9.375968608694734,2.216216669924926,9.341139883509753,0.9075566985800319,1.6,3.0180626188218755,7.548883442068003
2022-01,7,2022-08,2022-02-13T22:59:00+00:00,CORE_LEVELPHASE_PANEL_R29B,0.223929165860977,0.4385964912280604,17.235494880546053,8.872627819556628,2.4398954880939607,9.778777343489631,0.4711868480930268,0.9,3.4881428564596018,8.444857579215194
2022-01,8,2022-09,2022-02-13T22:59:00+00:00,CORE_LEVELPHASE_PANEL_R29B,-0.04921468180210675,0.8005822416302655,17.972742759795548,8.633664821622677,2.3906686918924573,10.576171927404042,-0.09372101209529016,0.3,3.3943778987641178,8.744408477195043
2022-01,9,2022-10,2022-02-13T22:59:00+00:00,CORE_LEVELPHASE_PANEL_R29B,0.5300659792823681,-1.4440433212996373,15.092748735244497,8.104508463005523,2.9193347662304143,9.121600827166167,0.8348050172673779,1.2,4.225717690839623,9.937265563722423
2022-01,10,2022-11,2022-02-13T22:59:00+00:00,CORE_LEVELPHASE_PANEL_R29B,0.2862752247354293,1.172161172161168,16.24579124579122,8.231469761483797,3.2052010038110277,10.286945406189364,0.36758182945094964,0.4,4.5926255892775965,10.33646769067617
2022-01,11,2022-12,2022-02-13T22:59:00+00:00,CORE_LEVELPHASE_PANEL_R29B,0.26832131744617904,0.0,15.758591785414907,8.067050214620748,3.4731629822554657,10.286945406189364,0.4756986952218218,0.4,5.067196413686403,10.735669817629915
2022-01,12,2023-01,2022-02-13T22:59:00+00:00,CORE_LEVELPHASE_PANEL_R29B,1.0850480657397756,6.010137581462716,17.49598715890851,4.657577300056251,4.552366639888208,16.123399517385845,0.7311246729041396,0.8,5.79566132639459,11.532486782547602
2022-02,1,2022-03,2022-03-09T22:59:00+00:00,CORE_LEVELPHASE_FIXED040_R29B,0.6675425220233215,1.6640253565768592,12.741652021089632,11.176213182850008,0.665324323071956,1.6503321514477933,0.8189601681700149,0.7,0.8156248867620329,0.6975613736425241
2022-02,2,2022-04,2022-03-09T22:59:00+00:00,CORE_LEVELPHASE_FIXED040_R29B,0.7878890651722734,1.7926734216679563,14.160839160839142,11.464472264085442,1.4501257498554234,3.4271266735217782,1.2561484752157182,1.5,2.0639492703590845,2.18642262301759
2022-02,3,2022-05,2022-03-09T22:59:00+00:00,CORE_LEVELPHASE_FIXED040_R29B,0.7343825594061292,1.7611026033690802,15.968586387434565,12.087091454734786,2.1818248504372866,5.172901561208689,1.03686956225077,1.4,3.095480211478089,3.576713139916732
2022-02,4,2022-06,2022-03-09T22:59:00+00:00,CORE_LEVELPHASE_FIXED040_R29B,0.6908686958829111,1.5801354401805856,17.187499999999993,12.273645945878881,2.870317983615408,6.740682833131667,1.1298966850852445,1.5,4.21904124352358,5.065574389291797
2022-02,5,2022-07,2022-03-09T22:59:00+00:00,CORE_LEVELPHASE_FIXED040_R29B,0.8061650836686088,1.333333333333342,17.525773195876276,12.011965569639187,3.6732509159371394,8.06520550813374,1.5143529601797572,1.6,5.722042340642796,6.6529093049208115
2022-02,6,2022-08,2022-03-09T22:59:00+00:00,CORE_LEVELPHASE_FIXED040_R29B,0.518891075239388,0.4385964912280604,17.235494880546053,11.824631493837735,4.1908003903999145,8.502842968113617,0.9956319086503382,0.9,6.712750489515119,7.548883442068002
2022-02,7,2022-09,2022-03-09T22:59:00+00:00,CORE_LEVELPHASE_FIXED040_R29B,0.19840987805320137,0.8005822416302655,17.972742759795548,11.855622706588438,4.389013696024369,9.30023755202803,0.3491503029244312,0.3,7.061292677847598,7.84843434004785
2022-02,8,2022-10,2022-03-09T22:59:00+00:00,CORE_LEVELPHASE_FIXED040_R29B,0.7925669540405186,-1.4440433212996373,15.092748735244497,11.601423357047382,5.178456335514131,7.845666451790153,1.3037174262773918,1.2,8.356584857088109,9.04129142657523
2022-02,9,2022-11,2022-03-09T22:59:00+00:00,CORE_LEVELPHASE_FIXED040_R29B,0.5590972779550615,1.172161172161168,16.24579124579122,12.03645225450686,5.735996465921687,9.011011030813352,0.8565300650650771,0.4,9.209467516012952,9.440493553528976
2022-02,10,2022-12,2022-03-09T22:59:00+00:00,CORE_LEVELPHASE_FIXED040_R29B,0.5536341801915061,0.0,15.758591785414907,12.184567079608188,6.288103725197425,9.011011030813352,0.9877156915463216,0.4,10.19233717997835,9.839695680482722
2022-02,11,2023-01,2022-03-09T22:59:00+00:00,CORE_LEVELPHASE_FIXED040_R29B,1.501246090281292,6.010137581462716,17.49598715890851,9.025199898555575,7.778192642190603,14.847465142009833,1.3243310591845656,0.8,11.507975637172345,10.636512645400408
2022-02,12,2023-02,2022-03-09T22:59:00+00:00,CORE_LEVELPHASE_FIXED040_R29B,0.7065422937007629,0.6147540983606703,16.719492868462766,8.852384332616662,8.482250620788017,15.460337336147187,1.1679188241708467,0.7,12.66912693131494,11.334074019042932
2022-02,1,2022-03,2022-03-09T22:59:00+00:00,CORE_LEVELPHASE_FIXED060_R29B,0.6675425220233215,1.6640253565768592,12.741652021089632,11.176213182850008,0.665324323071956,1.6503321514477933,0.8189601681700149,0.7,0.8156248867620329,0.6975613736425241
2022-02,2,2022-04,2022-03-09T22:59:00+00:00,CORE_LEVELPHASE_FIXED060_R29B,0.7878890651722734,1.7926734216679563,14.160839160839142,11.464472264085442,1.4501257498554234,3.4271266735217782,1.2561484752157182,1.5,2.0639492703590845,2.18642262301759
2022-02,3,2022-05,2022-03-09T22:59:00+00:00,CORE_LEVELPHASE_FIXED060_R29B,0.7343825594061292,1.7611026033690802,15.968586387434565,12.087091454734786,2.1818248504372866,5.172901561208689,1.03686956225077,1.4,3.095480211478089,3.576713139916732
2022-02,4,2022-06,2022-03-09T22:59:00+00:00,CORE_LEVELPHASE_FIXED060_R29B,0.6908686958829111,1.5801354401805856,17.187499999999993,12.273645945878881,2.870317983615408,6.740682833131667,1.1298966850852445,1.5,4.21904124352358,5.065574389291797
2022-02,5,2022-07,2022-03-09T22:59:00+00:00,CORE_LEVELPHASE_FIXED060_R29B,0.8061650836686088,1.333333333333342,17.525773195876276,12.011965569639187,3.6732509159371394,8.06520550813374,1.5143529601797572,1.6,5.722042340642796,6.6529093049208115
2022-02,6,2022-08,2022-03-09T22:59:00+00:00,CORE_LEVELPHASE_FIXED060_R29B,0.518891075239388,0.4385964912280604,17.235494880546053,11.824631493837735,4.1908003903999145,8.502842968113617,0.9956319086503382,0.9,6.712750489515119,7.548883442068002
2022-02,7,2022-09,2022-03-09T22:59:00+00:00,CORE_LEVELPHASE_FIXED060_R29B,0.19840987805320137,0.8005822416302655,17.972742759795548,11.855622706588438,4.389013696024369,9.30023755202803,0.3491503029244312,0.3,7.061292677847598,7.84843434004785
2022-02,8,2022-10,2022-03-09T22:59:00+00:00,CORE_LEVELPHASE_FIXED060_R29B,0.7925669540405186,-1.4440433212996373,15.092748735244497,11.601423357047382,5.178456335514131,7.845666451790153,1.3037174262773918,1.2,8.356584857088109,9.04129142657523
2022-02,9,2022-11,2022-03-09T22:59:00+00:00,CORE_LEVELPHASE_FIXED060_R29B,0.5590972779550615,1.172161172161168,16.24579124579122,12.03645225450686,5.735996465921687,9.011011030813352,0.8565300650650771,0.4,9.209467516012952,9.440493553528976
2022-02,10,2022-12,2022-03-09T22:59:00+00:00,CORE_LEVELPHASE_FIXED060_R29B,0.5536341801915061,0.0,15.758591785414907,12.184567079608188,6.288103725197425,9.011011030813352,0.9877156915463216,0.4,10.19233717997835,9.839695680482722
2022-02,11,2023-01,2022-03-09T22:59:00+00:00,CORE_LEVELPHASE_FIXED060_R29B,1.501246090281292,6.010137581462716,17.49598715890851,9.025199898555575,7.778192642190603,14.847465142009833,1.3243310591845656,0.8,11.507975637172345,10.636512645400408
2022-02,12,2023-02,2022-03-09T22:59:00+00:00,CORE_LEVELPHASE_FIXED060_R29B,0.7065422937007629,0.6147540983606703,16.719492868462766,8.852384332616662,8.482250620788017,15.460337336147187,1.1679188241708467,0.7,12.66912693131494,11.334074019042932
2022-02,1,2022-03,2022-03-09T22:59:00+00:00,CORE_LEVELPHASE_FIXED080_R29B,0.6675425220233215,1.6640253565768592,12.741652021089632,11.176213182850008,0.665324323071956,1.6503321514477933,0.8189601681700149,0.7,0.8156248867620329,0.6975613736425241
2022-02,2,2022-04,2022-03-09T22:59:00+00:00,CORE_LEVELPHASE_FIXED080_R29B,0.7878890651722734,1.7926734216679563,14.160839160839142,11.464472264085442,1.4501257498554234,3.4271266735217782,1.2561484752157182,1.5,2.0639492703590845,2.18642262301759
2022-02,3,2022-05,2022-03-09T22:59:00+00:00,CORE_LEVELPHASE_FIXED080_R29B,0.7343825594061292,1.7611026033690802,15.968586387434565,12.087091454734786,2.1818248504372866,5.172901561208689,1.03686956225077,1.4,3.095480211478089,3.576713139916732
2022-02,4,2022-06,2022-03-09T22:59:00+00:00,CORE_LEVELPHASE_FIXED080_R29B,0.6908686958829111,1.5801354401805856,17.187499999999993,12.273645945878881,2.870317983615408,6.740682833131667,1.1298966850852445,1.5,4.21904124352358,5.065574389291797
2022-02,5,2022-07,2022-03-09T22:59:00+00:00,CORE_LEVELPHASE_FIXED080_R29B,0.8061650836686088,1.333333333333342,17.525773195876276,12.011965569639187,3.6732509159371394,8.06520550813374,1.5143529601797572,1.6,5.722042340642796,6.6529093049208115
2022-02,6,2022-08,2022-03-09T22:59:00+00:00,CORE_LEVELPHASE_FIXED080_R29B,0.518891075239388,0.4385964912280604,17.235494880546053,11.824631493837735,4.1908003903999145,8.502842968113617,0.9956319086503382,0.9,6.712750489515119,7.548883442068002
2022-02,7,2022-09,2022-03-09T22:59:00+00:00,CORE_LEVELPHASE_FIXED080_R29B,0.19840987805320137,0.8005822416302655,17.972742759795548,11.855622706588438,4.389013696024369,9.30023755202803,0.3491503029244312,0.3,7.061292677847598,7.84843434004785
2022-02,8,2022-10,2022-03-09T22:59:00+00:00,CORE_LEVELPHASE_FIXED080_R29B,0.7925669540405186,-1.4440433212996373,15.092748735244497,11.601423357047382,5.178456335514131,7.845666451790153,1.3037174262773918,1.2,8.356584857088109,9.04129142657523
2022-02,9,2022-11,2022-03-09T22:59:00+00:00,CORE_LEVELPHASE_FIXED080_R29B,0.5590972779550615,1.172161172161168,16.24579124579122,12.03645225450686,5.735996465921687,9.011011030813352,0.8565300650650771,0.4,9.209467516012952,9.440493553528976
2022-02,10,2022-12,2022-03-09T22:59:00+00:00,CORE_LEVELPHASE_FIXED080_R29B,0.5536341801915061,0.0,15.758591785414907,12.184567079608188,6.288103725197425,9.011011030813352,0.9877156915463216,0.4,10.19233717997835,9.839695680482722
2022-02,11,2023-01,2022-03-09T22:59:00+00:00,CORE_LEVELPHASE_FIXED080_R29B,1.501246090281292,6.010137581462716,17.49598715890851,9.025199898555575,7.778192642190603,14.847465142009833,1.3243310591845656,0.8,11.507975637172345,10.636512645400408
2022-02,12,2023-02,2022-03-09T22:59:00+00:00,CORE_LEVELPHASE_FIXED080_R29B,0.7065422937007629,0.6147540983606703,16.719492868462766,8.852384332616662,8.482250620788017,15.460337336147187,1.1679188241708467,0.7,12.66912693131494,11.334074019042932
2022-02,1,2022-03,2022-03-09T22:59:00+00:00,CORE_LEVELPHASE_PANEL_R29B,0.3314258412430178,1.6640253565768592,12.741652021089632,10.805009328851407,0.3308778362879967,1.6503321514477933,0.22428267359490386,0.7,0.22403153544267182,0.6975613736425241
2022-02,2,2022-04,2022-03-09T22:59:00+00:00,CORE_LEVELPHASE_PANEL_R29B,0.45031485812513405,1.7926734216679563,14.160839160839142,10.720218612608571,0.7801818106928412,3.4271266735217782,0.6588922390362718,1.5,0.880762567720362,2.18642262301759
2022-02,3,2022-05,2022-03-09T22:59:00+00:00,CORE_LEVELPHASE_PANEL_R29B,0.39079045726692113,1.7611026033690802,15.968586387434565,10.958918537893732,1.1702106655870823,5.172901561208689,0.4289661104447169,1.4,1.3088112412720205,3.576713139916732
2022-02,4,2022-06,2022-03-09T22:59:00+00:00,CORE_LEVELPHASE_PANEL_R29B,0.3402058881029727,1.5801354401805856,17.187499999999993,10.756530190717637,1.5098391626335461,6.740682833131667,0.5094833230136666,1.5,1.8170010895021806,5.065574389291797
2022-02,5,2022-07,2022-03-09T22:59:00+00:00,CORE_LEVELPHASE_PANEL_R29B,0.447389969830573,1.333333333333342,17.525773195876276,10.105115511148805,1.9562313185113718,8.06520550813374,0.8795868268304897,1.6,2.6927420865580807,6.6529093049208115
2022-02,6,2022-08,2022-03-09T22:59:00+00:00,CORE_LEVELPHASE_PANEL_R29B,0.21525362850413754,0.4385964912280604,17.235494880546053,9.588932229793416,2.1712536083097462,8.502842968113617,0.4584185943199904,0.9,3.1501131430255067,7.548883442068002
2022-02,7,2022-09,2022-03-09T22:59:00+00:00,CORE_LEVELPHASE_PANEL_R29B,-0.050271010170854585,0.8005822416302655,17.972742759795548,9.347241378508123,2.120969958030189,9.30023755202803,-0.0908306204099183,0.3,3.059241246611508,7.84843434004785
2022-02,8,2022-10,2022-03-09T22:59:00+00:00,CORE_LEVELPHASE_PANEL_R29B,0.5950880207470266,-1.4440433212996373,15.092748735244497,8.884989594456627,2.714294323424032,7.845666451790153,0.9543260274045127,1.2,4.00904234876396,9.04129142657523
2022-02,9,2022-11,2022-03-09T22:59:00+00:00,CORE_LEVELPHASE_PANEL_R29B,0.3461631556524216,1.172161172161168,16.24579124579122,9.077966702201833,3.0598597135236556,9.011011030813352,0.47979443246714737,0.4,4.487689436212056,9.440493553528976
2022-02,10,2022-12,2022-03-09T22:59:00+00:00,CORE_LEVELPHASE_PANEL_R29B,0.32407962820258657,0.0,15.758591785414907,8.972826329686368,3.383415335525504,9.011011030813352,0.5815742125570341,0.4,5.06757903431202,9.839695680482722
2022-02,11,2023-01,2022-03-09T22:59:00+00:00,CORE_LEVELPHASE_PANEL_R29B,1.2545331532478836,6.010137581462716,17.49598715890851,5.646494695730398,4.630144423551102,14.847465142009833,0.8878319513935075,0.8,5.95149293125189,10.636512645400408
2022-02,12,2023-02,2022-03-09T22:59:00+00:00,CORE_LEVELPHASE_PANEL_R29B,0.46021020223016085,0.6147540983606703,16.719492868462766,5.221028914566181,5.08929889644034,15.460337336147187,0.7320935308557138,0.7,6.68091966514036,11.334074019042932
2022-03,1,2022-04,2022-04-10T21:59:00+00:00,CORE_LEVELPHASE_FIXED040_R29B,0.7351128436918678,1.7926734216679563,14.160839160839142,12.20806606342101,0.7324240582577441,1.7767945220739851,1.1091769402211378,1.5,1.1030706840972122,1.4888612493750655
2022-03,2,2022-05,2022-04-10T21:59:00+00:00,CORE_LEVELPHASE_FIXED040_R29B,0.6831616545773618,1.7611026033690802,15.968586387434565,12.777465143508604,1.4132627373874467,3.5225694097608953,0.895739214803701,1.4,1.994821951907804,2.8791517662742074
2022-03,3,2022-06,2022-04-10T21:59:00+00:00,CORE_LEVELPHASE_FIXED040_R29B,0.6308517309279768,1.5801354401805856,17.187499999999993,12.897835590012773,2.0421329281372538,5.090350681683874,0.9930590078299162,1.5,2.9829825315980236,4.368013015649273
2022-03,4,2022-07,2022-04-10T21:59:00+00:00,CORE_LEVELPHASE_FIXED040_R29B,0.7462099240125616,1.333333333333342,17.525773195876276,12.567710129333602,2.785572479225278,6.414873356685947,1.3805467599492753,1.6,4.354086553124482,5.955347931278288
2022-03,5,2022-08,2022-04-10T21:59:00+00:00,CORE_LEVELPHASE_FIXED040_R29B,0.45388804944768835,0.4385964912280604,17.235494880546053,12.306773652989559,3.2384335632089347,6.852510816665824,0.8653363498992163,0.9,5.215700327814057,6.851322068425478
2022-03,6,2022-09,2022-04-10T21:59:00+00:00,CORE_LEVELPHASE_FIXED040_R29B,0.13167665771060144,0.8005822416302655,17.972742759795548,12.263080236671556,3.3700236032371156,7.649905400580235,0.22193588919202173,0.3,5.437390303091797,7.150872966405326
2022-03,7,2022-10,2022-04-10T21:59:00+00:00,CORE_LEVELPHASE_FIXED040_R29B,0.7230307220422116,-1.4440433212996373,15.092748735244497,11.93068124692131,4.090452989598958,6.195334300342361,1.1771077174665092,1.2,6.6076239981799745,8.343730052932706
2022-03,8,2022-11,2022-04-10T21:59:00+00:00,CORE_LEVELPHASE_FIXED040_R29B,0.4890059360381555,1.172161172161168,16.24579124579122,12.288671971418783,4.578267175184246,7.360678879365558,0.7319247281901037,0.4,7.33688315607441,8.742932179886452
2022-03,9,2022-12,2022-04-10T21:59:00+00:00,CORE_LEVELPHASE_FIXED040_R29B,0.4833427040825483,0.0,15.758591785414907,12.358521673919322,5.0604455287802805,7.360678879365558,0.8641061782832484,0.4,8.197277305506942,9.142134306840198
2022-03,10,2023-01,2022-04-10T21:59:00+00:00,CORE_LEVELPHASE_FIXED040_R29B,1.4305229737440237,6.010137581462716,17.49598715890851,9.118172162385815,6.480833068087022,13.197132990562038,1.2012389438595996,0.8,9.3913586373661,9.938951271757885
2022-03,11,2023-02,2022-04-10T21:59:00+00:00,CORE_LEVELPHASE_FIXED040_R29B,0.6751643930051661,0.6147540983606703,16.719492868462766,8.462127109411158,7.153728433688671,13.810005184699392,1.0432965390312474,0.7,10.42925039746763,10.636512645400408
2022-03,12,2023-03,2022-04-10T21:59:00+00:00,CORE_LEVELPHASE_FIXED040_R29B,0.39246566475820555,0.1357773251866811,14.964925954793449,7.837390134805383,7.545425961084473,13.945690415828372,0.6227444608133306,0.2,11.050063817782084,10.836312911667713
2022-03,1,2022-04,2022-04-10T21:59:00+00:00,CORE_LEVELPHASE_FIXED060_R29B,0.7351128436918678,1.7926734216679563,14.160839160839142,12.20806606342101,0.7324240582577441,1.7767945220739851,1.1091769402211378,1.5,1.1030706840972122,1.4888612493750655
2022-03,2,2022-05,2022-04-10T21:59:00+00:00,CORE_LEVELPHASE_FIXED060_R29B,0.6831616545773618,1.7611026033690802,15.968586387434565,12.777465143508604,1.4132627373874467,3.5225694097608953,0.895739214803701,1.4,1.994821951907804,2.8791517662742074
2022-03,3,2022-06,2022-04-10T21:59:00+00:00,CORE_LEVELPHASE_FIXED060_R29B,0.6308517309279768,1.5801354401805856,17.187499999999993,12.897835590012773,2.0421329281372538,5.090350681683874,0.9930590078299162,1.5,2.9829825315980236,4.368013015649273
2022-03,4,2022-07,2022-04-10T21:59:00+00:00,CORE_LEVELPHASE_FIXED060_R29B,0.7462099240125616,1.333333333333342,17.525773195876276,12.567710129333602,2.785572479225278,6.414873356685947,1.3805467599492753,1.6,4.354086553124482,5.955347931278288
2022-03,5,2022-08,2022-04-10T21:59:00+00:00,CORE_LEVELPHASE_FIXED060_R29B,0.45388804944768835,0.4385964912280604,17.235494880546053,12.306773652989559,3.2384335632089347,6.852510816665824,0.8653363498992163,0.9,5.215700327814057,6.851322068425478
2022-03,6,2022-09,2022-04-10T21:59:00+00:00,CORE_LEVELPHASE_FIXED060_R29B,0.13167665771060144,0.8005822416302655,17.972742759795548,12.263080236671556,3.3700236032371156,7.649905400580235,0.22193588919202173,0.3,5.437390303091797,7.150872966405326
2022-03,7,2022-10,2022-04-10T21:59:00+00:00,CORE_LEVELPHASE_FIXED060_R29B,0.7230307220422116,-1.4440433212996373,15.092748735244497,11.93068124692131,4.090452989598958,6.195334300342361,1.1771077174665092,1.2,6.6076239981799745,8.343730052932706
2022-03,8,2022-11,2022-04-10T21:59:00+00:00,CORE_LEVELPHASE_FIXED060_R29B,0.4890059360381555,1.172161172161168,16.24579124579122,12.288671971418783,4.578267175184246,7.360678879365558,0.7319247281901037,0.4,7.33688315607441,8.742932179886452
2022-03,9,2022-12,2022-04-10T21:59:00+00:00,CORE_LEVELPHASE_FIXED060_R29B,0.4833427040825483,0.0,15.758591785414907,12.358521673919322,5.0604455287802805,7.360678879365558,0.8641061782832484,0.4,8.197277305506942,9.142134306840198
2022-03,10,2023-01,2022-04-10T21:59:00+00:00,CORE_LEVELPHASE_FIXED060_R29B,1.4305229737440237,6.010137581462716,17.49598715890851,9.118172162385815,6.480833068087022,13.197132990562038,1.2012389438595996,0.8,9.3913586373661,9.938951271757885
2022-03,11,2023-02,2022-04-10T21:59:00+00:00,CORE_LEVELPHASE_FIXED060_R29B,0.6751643930051661,0.6147540983606703,16.719492868462766,8.462127109411158,7.153728433688671,13.810005184699392,1.0432965390312474,0.7,10.42925039746763,10.636512645400408
2022-03,12,2023-03,2022-04-10T21:59:00+00:00,CORE_LEVELPHASE_FIXED060_R29B,0.39246566475820555,0.1357773251866811,14.964925954793449,7.837390134805383,7.545425961084473,13.945690415828372,0.6227444608133306,0.2,11.050063817782084,10.836312911667713
2022-03,1,2022-04,2022-04-10T21:59:00+00:00,CORE_LEVELPHASE_FIXED080_R29B,0.7351128436918678,1.7926734216679563,14.160839160839142,12.20806606342101,0.7324240582577441,1.7767945220739851,1.1091769402211378,1.5,1.1030706840972122,1.4888612493750655
2022-03,2,2022-05,2022-04-10T21:59:00+00:00,CORE_LEVELPHASE_FIXED080_R29B,0.6831616545773618,1.7611026033690802,15.968586387434565,12.777465143508604,1.4132627373874467,3.5225694097608953,0.895739214803701,1.4,1.994821951907804,2.8791517662742074
2022-03,3,2022-06,2022-04-10T21:59:00+00:00,CORE_LEVELPHASE_FIXED080_R29B,0.6308517309279768,1.5801354401805856,17.187499999999993,12.897835590012773,2.0421329281372538,5.090350681683874,0.9930590078299162,1.5,2.9829825315980236,4.368013015649273
2022-03,4,2022-07,2022-04-10T21:59:00+00:00,CORE_LEVELPHASE_FIXED080_R29B,0.7462099240125616,1.333333333333342,17.525773195876276,12.567710129333602,2.785572479225278,6.414873356685947,1.3805467599492753,1.6,4.354086553124482,5.955347931278288
2022-03,5,2022-08,2022-04-10T21:59:00+00:00,CORE_LEVELPHASE_FIXED080_R29B,0.45388804944768835,0.4385964912280604,17.235494880546053,12.306773652989559,3.2384335632089347,6.852510816665824,0.8653363498992163,0.9,5.215700327814057,6.851322068425478
2022-03,6,2022-09,2022-04-10T21:59:00+00:00,CORE_LEVELPHASE_FIXED080_R29B,0.13167665771060144,0.8005822416302655,17.972742759795548,12.263080236671556,3.3700236032371156,7.649905400580235,0.22193588919202173,0.3,5.437390303091797,7.150872966405326
2022-03,7,2022-10,2022-04-10T21:59:00+00:00,CORE_LEVELPHASE_FIXED080_R29B,0.7230307220422116,-1.4440433212996373,15.092748735244497,11.93068124692131,4.090452989598958,6.195334300342361,1.1771077174665092,1.2,6.6076239981799745,8.343730052932706
2022-03,8,2022-11,2022-04-10T21:59:00+00:00,CORE_LEVELPHASE_FIXED080_R29B,0.4890059360381555,1.172161172161168,16.24579124579122,12.288671971418783,4.578267175184246,7.360678879365558,0.7319247281901037,0.4,7.33688315607441,8.742932179886452
2022-03,9,2022-12,2022-04-10T21:59:00+00:00,CORE_LEVELPHASE_FIXED080_R29B,0.4833427040825483,0.0,15.758591785414907,12.358521673919322,5.0604455287802805,7.360678879365558,0.8641061782832484,0.4,8.197277305506942,9.142134306840198
2022-03,10,2023-01,2022-04-10T21:59:00+00:00,CORE_LEVELPHASE_FIXED080_R29B,1.4305229737440237,6.010137581462716,17.49598715890851,9.118172162385815,6.480833068087022,13.197132990562038,1.2012389438595996,0.8,9.3913586373661,9.938951271757885
2022-03,11,2023-02,2022-04-10T21:59:00+00:00,CORE_LEVELPHASE_FIXED080_R29B,0.6751643930051661,0.6147540983606703,16.719492868462766,8.462127109411158,7.153728433688671,13.810005184699392,1.0432965390312474,0.7,10.42925039746763,10.636512645400408
2022-03,12,2023-03,2022-04-10T21:59:00+00:00,CORE_LEVELPHASE_FIXED080_R29B,0.39246566475820555,0.1357773251866811,14.964925954793449,7.837390134805383,7.545425961084473,13.945690415828372,0.6227444608133306,0.2,11.050063817782084,10.836312911667713
2022-03,1,2022-04,2022-04-10T21:59:00+00:00,CORE_LEVELPHASE_PANEL_R29B,0.4544556600045214,1.7926734216679563,14.160839160839142,11.895444188889247,0.4534261282683834,1.7767945220739851,0.6126216653022198,1.5,0.6107527677417783,1.4888612493750655
2022-03,2,2022-05,2022-04-10T21:59:00+00:00,CORE_LEVELPHASE_PANEL_R29B,0.4030969278036317,1.7611026033690802,15.968586387434565,12.150424111746362,0.855712797095495,3.5225694097608953,0.40023214966781184,1.4,1.0101861191969363,2.8791517662742074
2022-03,3,2022-06,2022-04-10T21:59:00+00:00,CORE_LEVELPHASE_PANEL_R29B,0.3429042755040466,1.5801354401805856,17.187499999999993,11.948872957318205,1.1980304964360995,5.090350681683874,0.4836053533333506,1.5,1.4926258583126712,4.368013015649273
2022-03,4,2022-07,2022-04-10T21:59:00+00:00,CORE_LEVELPHASE_PANEL_R29B,0.4495169050588783,1.333333333333342,17.525773195876276,11.292802044982329,1.6465400918120945,6.414873356685947,0.8556199376335843,1.6,2.3446061150455924,5.955347931278288
2022-03,5,2022-08,2022-04-10T21:59:00+00:00,CORE_LEVELPHASE_PANEL_R29B,0.15110188342298542,0.4385964912280604,17.235494880546053,10.700141847819369,1.7975279312065395,6.852510816665824,0.32962917170871514,0.9,2.67369320072258,6.851322068425478
2022-03,6,2022-09,2022-04-10T21:59:00+00:00,CORE_LEVELPHASE_PANEL_R29B,-0.12465715978675257,0.8005822416302655,17.972742759795548,10.373795009089646,1.672793009751981,7.649905400580235,-0.23158504886531053,0.3,2.441839578953064,7.150872966405326
2022-03,7,2022-10,2022-04-10T21:59:00+00:00,CORE_LEVELPHASE_PANEL_R29B,0.5092346551041649,-1.4440433212996373,15.092748735244497,9.813402762146966,2.180735450266081,6.195334300342361,0.798847081482683,1.2,3.237512768959317,8.343730052932706
2022-03,8,2022-11,2022-04-10T21:59:00+00:00,CORE_LEVELPHASE_PANEL_R29B,0.32096880456874577,1.172161172161168,16.24579124579122,9.980405101433663,2.5011902495380505,7.360678879365558,0.4346235049784741,0.4,3.6711945137371593,8.742932179886452
2022-03,9,2022-12,2022-04-10T21:59:00+00:00,CORE_LEVELPHASE_PANEL_R29B,0.30083541047882856,0.0,15.758591785414907,9.848937924748883,2.8015740557928055,7.360678879365558,0.5412034891040559,0.4,4.2109387593748,9.142134306840198
2022-03,10,2023-01,2022-04-10T21:59:00+00:00,CORE_LEVELPHASE_PANEL_R29B,1.2331119528890695,6.010137581462716,17.49598715890851,6.4733334526050195,4.027145111754277,13.197132990562038,0.8519676996862919,0.8,5.059297696760768,9.938951271757885
2022-03,11,2023-02,2022-04-10T21:59:00+00:00,CORE_LEVELPHASE_PANEL_R29B,0.4637936459184609,0.6147540983606703,16.719492868462766,5.61098962730878,4.489866548888751,13.810005184699392,0.6693269222535814,0.7,5.726394571710809,10.636512645400408
2022-03,12,2023-03,2022-04-10T21:59:00+00:00,CORE_LEVELPHASE_PANEL_R29B,0.1819746633845417,0.1357773251866811,14.964925954793449,4.782517935333911,4.671675838977327,13.945690415828372,0.250331342140073,0.2,5.976413106873774,10.836312911667713
2022-04,1,2022-05,2022-05-09T21:59:00+00:00,CORE_LEVELPHASE_FIXED040_R29B,0.7363843951878413,1.7611026033690802,15.968586387434565,13.61570213461962,0.7336863226608153,1.7457748876869101,0.9099962542364861,1.4,0.9058807368500796,1.390290516899142
2022-04,2,2022-06,2022-05-09T21:59:00+00:00,CORE_LEVELPHASE_FIXED040_R29B,0.6969820843384538,1.5801354401805856,17.187499999999993,13.81171039420421,1.4282507142924488,3.3135561596098886,1.006793185702332,1.5,1.90763952242455,2.8791517662742074
2022-04,3,2022-07,2022-05-09T21:59:00+00:00,CORE_LEVELPHASE_FIXED040_R29B,0.7963590090579888,1.333333333333342,17.525773195876276,13.535399788824511,2.22145551978394,4.638078834611961,1.3939026971135942,1.6,3.291916739311068,4.4664866819032225
2022-04,4,2022-08,2022-05-09T21:59:00+00:00,CORE_LEVELPHASE_FIXED040_R29B,0.4961686341574818,0.4385964912280604,17.235494880546053,13.319895931370008,2.7163972938967653,5.07571629459184,0.878281417685982,0.9,4.166363700941352,5.362460819050413
2022-04,5,2022-09,2022-05-09T21:59:00+00:00,CORE_LEVELPHASE_FIXED040_R29B,0.16480602389598237,0.8005822416302655,17.972742759795548,13.31328656292439,2.881067661691019,5.8731108785062505,0.2345257378644667,0.3,4.400614856424319,5.662011717030261
2022-04,6,2022-10,2022-05-09T21:59:00+00:00,CORE_LEVELPHASE_FIXED040_R29B,0.7501421736788272,-1.4440433212996373,15.092748735244497,13.008188066119846,3.6284102607755235,4.418539778268375,1.1895973602734764,1.2,5.583192126329339,6.854868803557641
2022-04,7,2022-11,2022-05-09T21:59:00+00:00,CORE_LEVELPHASE_FIXED040_R29B,0.5044428116713752,1.172161172161168,16.24579124579122,13.387040572760506,4.13158502229973,5.583884357291572,0.7441840361390765,0.4,6.324620774729909,7.254070930511386
2022-04,8,2022-12,2022-05-09T21:59:00+00:00,CORE_LEVELPHASE_FIXED040_R29B,0.49609413135670377,0.0,15.758591785414907,13.471971389599416,4.626452661418748,5.583884357291573,0.8762410851550655,0.4,7.197045147220009,7.653273057465131
2022-04,9,2023-01,2022-05-09T21:59:00+00:00,CORE_LEVELPHASE_FIXED040_R29B,1.4413614928774106,6.010137581462716,17.49598715890851,10.211286227663443,6.057525288185681,11.420338468488055,1.2133016451857448,0.8,8.403045288177882,8.450090022382819
2022-04,10,2023-02,2022-05-09T21:59:00+00:00,CORE_LEVELPHASE_FIXED040_R29B,0.6844283176836354,0.6147540983606703,16.719492868462766,9.558749553044056,6.739622027866702,12.03321066262541,1.0552503426176112,0.7,9.452766726211044,9.147651396025342
2022-04,11,2023-03,2022-05-09T21:59:00+00:00,CORE_LEVELPHASE_FIXED040_R29B,0.4330610405418544,0.1357773251866811,14.964925954793449,8.232194650892637,7.171748057557584,12.16889589375439,0.6339937809863184,0.2,10.084759220859086,9.347451662292647
2022-04,12,2023-04,2022-05-09T21:59:00+00:00,CORE_LEVELPHASE_FIXED040_R29B,0.6389380853266095,-0.2033898305084824,12.71056661562021,8.121621860537353,7.808653586755715,11.965298945244516,1.0864593928362314,0.2,11.165359046640566,9.547251928559952
2022-04,1,2022-05,2022-05-09T21:59:00+00:00,CORE_LEVELPHASE_FIXED060_R29B,0.7363843951878413,1.7611026033690802,15.968586387434565,13.61570213461962,0.7336863226608153,1.7457748876869101,0.9099962542364861,1.4,0.9058807368500796,1.390290516899142
2022-04,2,2022-06,2022-05-09T21:59:00+00:00,CORE_LEVELPHASE_FIXED060_R29B,0.6969820843384538,1.5801354401805856,17.187499999999993,13.81171039420421,1.4282507142924488,3.3135561596098886,1.006793185702332,1.5,1.90763952242455,2.8791517662742074
2022-04,3,2022-07,2022-05-09T21:59:00+00:00,CORE_LEVELPHASE_FIXED060_R29B,0.7963590090579888,1.333333333333342,17.525773195876276,13.535399788824511,2.22145551978394,4.638078834611961,1.3939026971135942,1.6,3.291916739311068,4.4664866819032225
2022-04,4,2022-08,2022-05-09T21:59:00+00:00,CORE_LEVELPHASE_FIXED060_R29B,0.4961686341574818,0.4385964912280604,17.235494880546053,13.319895931370008,2.7163972938967653,5.07571629459184,0.878281417685982,0.9,4.166363700941352,5.362460819050413
2022-04,5,2022-09,2022-05-09T21:59:00+00:00,CORE_LEVELPHASE_FIXED060_R29B,0.16480602389598237,0.8005822416302655,17.972742759795548,13.31328656292439,2.881067661691019,5.8731108785062505,0.2345257378644667,0.3,4.400614856424319,5.662011717030261
2022-04,6,2022-10,2022-05-09T21:59:00+00:00,CORE_LEVELPHASE_FIXED060_R29B,0.7501421736788272,-1.4440433212996373,15.092748735244497,13.008188066119846,3.6284102607755235,4.418539778268375,1.1895973602734764,1.2,5.583192126329339,6.854868803557641
2022-04,7,2022-11,2022-05-09T21:59:00+00:00,CORE_LEVELPHASE_FIXED060_R29B,0.5044428116713752,1.172161172161168,16.24579124579122,13.387040572760506,4.13158502229973,5.583884357291572,0.7441840361390765,0.4,6.324620774729909,7.254070930511386
2022-04,8,2022-12,2022-05-09T21:59:00+00:00,CORE_LEVELPHASE_FIXED060_R29B,0.49609413135670377,0.0,15.758591785414907,13.471971389599416,4.626452661418748,5.583884357291573,0.8762410851550655,0.4,7.197045147220009,7.653273057465131
2022-04,9,2023-01,2022-05-09T21:59:00+00:00,CORE_LEVELPHASE_FIXED060_R29B,1.4413614928774106,6.010137581462716,17.49598715890851,10.211286227663443,6.057525288185681,11.420338468488055,1.2133016451857448,0.8,8.403045288177882,8.450090022382819
2022-04,10,2023-02,2022-05-09T21:59:00+00:00,CORE_LEVELPHASE_FIXED060_R29B,0.6844283176836354,0.6147540983606703,16.719492868462766,9.558749553044056,6.739622027866702,12.03321066262541,1.0552503426176112,0.7,9.452766726211044,9.147651396025342
2022-04,11,2023-03,2022-05-09T21:59:00+00:00,CORE_LEVELPHASE_FIXED060_R29B,0.4330610405418544,0.1357773251866811,14.964925954793449,8.232194650892637,7.171748057557584,12.16889589375439,0.6339937809863184,0.2,10.084759220859086,9.347451662292647
2022-04,12,2023-04,2022-05-09T21:59:00+00:00,CORE_LEVELPHASE_FIXED060_R29B,0.6389380853266095,-0.2033898305084824,12.71056661562021,8.121621860537353,7.808653586755715,11.965298945244516,1.0864593928362314,0.2,11.165359046640566,9.547251928559952
2022-04,1,2022-05,2022-05-09T21:59:00+00:00,CORE_LEVELPHASE_FIXED080_R29B,0.7363843951878413,1.7611026033690802,15.968586387434565,13.61570213461962,0.7336863226608153,1.7457748876869101,0.9099962542364861,1.4,0.9058807368500796,1.390290516899142
2022-04,2,2022-06,2022-05-09T21:59:00+00:00,CORE_LEVELPHASE_FIXED080_R29B,0.6969820843384538,1.5801354401805856,17.187499999999993,13.81171039420421,1.4282507142924488,3.3135561596098886,1.006793185702332,1.5,1.90763952242455,2.8791517662742074
2022-04,3,2022-07,2022-05-09T21:59:00+00:00,CORE_LEVELPHASE_FIXED080_R29B,0.7963590090579888,1.333333333333342,17.525773195876276,13.535399788824511,2.22145551978394,4.638078834611961,1.3939026971135942,1.6,3.291916739311068,4.4664866819032225
2022-04,4,2022-08,2022-05-09T21:59:00+00:00,CORE_LEVELPHASE_FIXED080_R29B,0.4961686341574818,0.4385964912280604,17.235494880546053,13.319895931370008,2.7163972938967653,5.07571629459184,0.878281417685982,0.9,4.166363700941352,5.362460819050413
2022-04,5,2022-09,2022-05-09T21:59:00+00:00,CORE_LEVELPHASE_FIXED080_R29B,0.16480602389598237,0.8005822416302655,17.972742759795548,13.31328656292439,2.881067661691019,5.8731108785062505,0.2345257378644667,0.3,4.400614856424319,5.662011717030261
2022-04,6,2022-10,2022-05-09T21:59:00+00:00,CORE_LEVELPHASE_FIXED080_R29B,0.7501421736788272,-1.4440433212996373,15.092748735244497,13.008188066119846,3.6284102607755235,4.418539778268375,1.1895973602734764,1.2,5.583192126329339,6.854868803557641
2022-04,7,2022-11,2022-05-09T21:59:00+00:00,CORE_LEVELPHASE_FIXED080_R29B,0.5044428116713752,1.172161172161168,16.24579124579122,13.387040572760506,4.13158502229973,5.583884357291572,0.7441840361390765,0.4,6.324620774729909,7.254070930511386
2022-04,8,2022-12,2022-05-09T21:59:00+00:00,CORE_LEVELPHASE_FIXED080_R29B,0.49609413135670377,0.0,15.758591785414907,13.471971389599416,4.626452661418748,5.583884357291573,0.8762410851550655,0.4,7.197045147220009,7.653273057465131
2022-04,9,2023-01,2022-05-09T21:59:00+00:00,CORE_LEVELPHASE_FIXED080_R29B,1.4413614928774106,6.010137581462716,17.49598715890851,10.211286227663443,6.057525288185681,11.420338468488055,1.2133016451857448,0.8,8.403045288177882,8.450090022382819
2022-04,10,2023-02,2022-05-09T21:59:00+00:00,CORE_LEVELPHASE_FIXED080_R29B,0.6844283176836354,0.6147540983606703,16.719492868462766,9.558749553044056,6.739622027866702,12.03321066262541,1.0552503426176112,0.7,9.452766726211044,9.147651396025342
2022-04,11,2023-03,2022-05-09T21:59:00+00:00,CORE_LEVELPHASE_FIXED080_R29B,0.4330610405418544,0.1357773251866811,14.964925954793449,8.232194650892637,7.171748057557584,12.16889589375439,0.6339937809863184,0.2,10.084759220859086,9.347451662292647
2022-04,12,2023-04,2022-05-09T21:59:00+00:00,CORE_LEVELPHASE_FIXED080_R29B,0.6389380853266095,-0.2033898305084824,12.71056661562021,8.121621860537353,7.808653586755715,11.965298945244516,1.0864593928362314,0.2,11.165359046640566,9.547251928559952
2022-04,1,2022-05,2022-05-09T21:59:00+00:00,CORE_LEVELPHASE_PANEL_R29B,0.47242322633699607,1.7611026033690802,15.968586387434565,13.317993082271535,0.4713108099794164,1.7457748876869101,0.44298055542342996,1.4,0.4420022845302623,1.390290516899142
2022-04,2,2022-06,2022-05-09T21:59:00+00:00,CORE_LEVELPHASE_PANEL_R29B,0.4327677133062655,1.5801354401805856,17.187499999999993,13.21564470318937,0.9031447768167918,3.3135561596098886,0.5393295066269679,1.5,0.9798826177849154,2.8791517662742074
2022-04,3,2022-07,2022-05-09T21:59:00+00:00,CORE_LEVELPHASE_PANEL_R29B,0.519173259451364,1.333333333333342,17.525773195876276,12.630198818313024,1.4209749784273438,4.638078834611961,0.9034892885159598,1.6,1.879314860169641,4.4664866819032225
2022-04,4,2022-08,2022-05-09T21:59:00+00:00,CORE_LEVELPHASE_PANEL_R29B,0.20849699925599463,0.4385964912280604,17.235494880546053,12.094619646087484,1.6292549243372922,5.07571629459184,0.3693157611574376,0.9,2.247950325116157,5.362460819050413
2022-04,5,2022-09,2022-05-09T21:59:00+00:00,CORE_LEVELPHASE_PANEL_R29B,-0.13284690873213878,0.8005822416302655,17.972742759795548,11.754997222645851,1.4963196958706646,5.8731108785062505,-0.2920994204504906,0.3,1.955423461733381,5.662011717030261
2022-04,6,2022-10,2022-05-09T21:59:00+00:00,CORE_LEVELPHASE_PANEL_R29B,0.4925369510970935,-1.4440433212996373,15.092748735244497,11.169120594901017,1.987647651933159,4.418539778268375,0.7338269772067095,1.2,2.6865710289485665,6.854868803557641
2022-04,7,2022-11,2022-05-09T21:59:00+00:00,CORE_LEVELPHASE_PANEL_R29B,0.290698782533138,1.172161172161168,16.24579124579122,11.30459042068814,2.2779247226319006,5.583884357291572,0.3660154685058663,0.4,3.0519182908352107,7.254070930511386
2022-04,8,2022-12,2022-05-09T21:59:00+00:00,CORE_LEVELPHASE_PANEL_R29B,0.3248854539454967,0.0,15.758591785414907,11.19819696505602,2.602283564069827,5.583884357291573,0.5733285754395367,0.4,3.623609592987294,7.653273057465131
2022-04,9,2023-01,2022-05-09T21:59:00+00:00,CORE_LEVELPHASE_PANEL_R29B,1.2549699394678075,6.010137581462716,17.49598715890851,7.804402235847384,3.849444025649016,11.420338468488055,0.883526694016225,0.8,4.503256028572054,8.450090022382819
2022-04,10,2023-02,2022-05-09T21:59:00+00:00,CORE_LEVELPHASE_PANEL_R29B,0.48374356816141617,0.6147540983606703,16.719492868462766,6.952512104541402,4.33202131430084,12.03321066262541,0.7001870242239812,0.7,5.201003126197008,9.147651396025342
2022-04,11,2023-03,2022-05-09T21:59:00+00:00,CORE_LEVELPHASE_PANEL_R29B,0.2186931179977795,0.1357773251866811,14.964925954793449,5.431994761267498,4.550475646973997,12.16889589375439,0.2547213842702903,0.2,5.455400645401745,9.347451662292647
2022-04,12,2023-04,2022-05-09T21:59:00+00:00,CORE_LEVELPHASE_PANEL_R29B,0.42360633227565847,-0.2033898305084824,12.71056661562021,5.098925992671107,4.973187293366733,11.965298945244516,0.7054817302295205,0.2,6.15840549573992,9.547251928559952
2022-05,1,2022-06,2022-06-09T21:59:00+00:00,CORE_LEVELPHASE_FIXED040_R29B,0.9365831366262503,1.5801354401805856,17.187499999999993,16.520867340072638,0.9322243911480685,1.567781271922979,1.1516549784505505,1.5,1.1450739117621869,1.4888612493750655
2022-05,2,2022-07,2022-06-09T21:59:00+00:00,CORE_LEVELPHASE_FIXED040_R29B,0.9713635137236052,1.333333333333342,17.525773195876276,16.43979401034726,1.8989004995448873,2.8923039469250513,1.5338097908413955,1.6,2.6672397533022116,3.07619616500408
2022-05,3,2022-08,2022-06-09T21:59:00+00:00,CORE_LEVELPHASE_FIXED040_R29B,0.6386455327808889,0.4385964912280604,17.235494880546053,16.38354464837379,2.535515333137018,3.329941406904929,1.0130917611498842,0.9,3.6752341383586344,3.9721703021512704
2022-05,4,2022-09,2022-06-09T21:59:00+00:00,CORE_LEVELPHASE_FIXED040_R29B,0.3102707991648736,0.8005822416302655,17.972742759795548,16.54576524401384,2.845305785784663,4.127335990819341,0.36499009040937475,0.3,4.039559756285846,4.271721200131118
2022-05,5,2022-10,2022-06-09T21:59:00+00:00,CORE_LEVELPHASE_FIXED040_R29B,0.8693752404376912,-1.4440433212996373,15.092748735244497,16.369518303496875,3.710923720697508,2.6727648905814654,1.318489785007864,1.2,5.349433119849595,5.464578286658498
2022-05,6,2022-11,2022-06-09T21:59:00+00:00,CORE_LEVELPHASE_FIXED040_R29B,0.6206117985548864,1.172161172161168,16.24579124579122,16.8945971541378,4.329617655133604,3.838109469604662,0.8702670427498443,0.4,6.215935166880481,5.863780413612243
2022-05,7,2022-12,2022-06-09T21:59:00+00:00,CORE_LEVELPHASE_FIXED040_R29B,0.5977002389539438,0.0,15.758591785414907,17.100429515083803,4.925538751980557,3.838109469604662,1.0006933974588739,0.4,7.211654781978167,6.2629825405659885
2022-05,8,2023-01,2022-06-09T21:59:00+00:00,CORE_LEVELPHASE_FIXED040_R29B,1.5243573560138963,6.010137581462716,17.49598715890851,13.82853292287383,6.438394517528917,9.674563580801145,1.3367282430626866,0.8,8.539527640725442,7.059799505483676
2022-05,9,2023-02,2022-06-09T21:59:00+00:00,CORE_LEVELPHASE_FIXED040_R29B,0.7685656589443104,0.6147540983606703,16.719492868462766,13.249137402140196,7.204021756798902,10.2874357749385,1.1773327769654243,0.7,9.70998377669346,7.7573608791262005
2022-05,10,2023-03,2022-06-09T21:59:00+00:00,CORE_LEVELPHASE_FIXED040_R29B,0.5133183865472666,0.1357773251866811,14.964925954793449,11.967301754757473,7.71602715580385,10.42312100606748,0.7546500148304526,0.2,10.461800553392717,7.957161145393506
2022-05,11,2023-04,2022-06-09T21:59:00+00:00,CORE_LEVELPHASE_FIXED040_R29B,0.8053309735010974,-0.2033898305084824,12.71056661562021,10.881270058043555,8.51813264506422,10.219524057557607,1.2266541213055702,0.2,11.680992236591974,8.156961411660811
2022-05,12,2023-05,2022-06-09T21:59:00+00:00,CORE_LEVELPHASE_FIXED040_R29B,0.6911042259006962,0.2717391304347893,11.0609480812641,9.644003190979074,9.20685969194809,10.490894644717239,0.999544904794671,0.1,12.675574731581419,8.256911444969164
2022-05,1,2022-06,2022-06-09T21:59:00+00:00,CORE_LEVELPHASE_FIXED060_R29B,0.9365831366262503,1.5801354401805856,17.187499999999993,16.520867340072638,0.9322243911480685,1.567781271922979,1.1516549784505505,1.5,1.1450739117621869,1.4888612493750655
2022-05,2,2022-07,2022-06-09T21:59:00+00:00,CORE_LEVELPHASE_FIXED060_R29B,0.9713635137236052,1.333333333333342,17.525773195876276,16.43979401034726,1.8989004995448873,2.8923039469250513,1.5338097908413955,1.6,2.6672397533022116,3.07619616500408
2022-05,3,2022-08,2022-06-09T21:59:00+00:00,CORE_LEVELPHASE_FIXED060_R29B,0.6386455327808889,0.4385964912280604,17.235494880546053,16.38354464837379,2.535515333137018,3.329941406904929,1.0130917611498842,0.9,3.6752341383586344,3.9721703021512704
2022-05,4,2022-09,2022-06-09T21:59:00+00:00,CORE_LEVELPHASE_FIXED060_R29B,0.3102707991648736,0.8005822416302655,17.972742759795548,16.54576524401384,2.845305785784663,4.127335990819341,0.36499009040937475,0.3,4.039559756285846,4.271721200131118
2022-05,5,2022-10,2022-06-09T21:59:00+00:00,CORE_LEVELPHASE_FIXED060_R29B,0.8693752404376912,-1.4440433212996373,15.092748735244497,16.369518303496875,3.710923720697508,2.6727648905814654,1.318489785007864,1.2,5.349433119849595,5.464578286658498
2022-05,6,2022-11,2022-06-09T21:59:00+00:00,CORE_LEVELPHASE_FIXED060_R29B,0.6206117985548864,1.172161172161168,16.24579124579122,16.8945971541378,4.329617655133604,3.838109469604662,0.8702670427498443,0.4,6.215935166880481,5.863780413612243
2022-05,7,2022-12,2022-06-09T21:59:00+00:00,CORE_LEVELPHASE_FIXED060_R29B,0.5977002389539438,0.0,15.758591785414907,17.100429515083803,4.925538751980557,3.838109469604662,1.0006933974588739,0.4,7.211654781978167,6.2629825405659885
2022-05,8,2023-01,2022-06-09T21:59:00+00:00,CORE_LEVELPHASE_FIXED060_R29B,1.5243573560138963,6.010137581462716,17.49598715890851,13.82853292287383,6.438394517528917,9.674563580801145,1.3367282430626866,0.8,8.539527640725442,7.059799505483676
2022-05,9,2023-02,2022-06-09T21:59:00+00:00,CORE_LEVELPHASE_FIXED060_R29B,0.7685656589443104,0.6147540983606703,16.719492868462766,13.249137402140196,7.204021756798902,10.2874357749385,1.1773327769654243,0.7,9.70998377669346,7.7573608791262005
2022-05,10,2023-03,2022-06-09T21:59:00+00:00,CORE_LEVELPHASE_FIXED060_R29B,0.5133183865472666,0.1357773251866811,14.964925954793449,11.967301754757473,7.71602715580385,10.42312100606748,0.7546500148304526,0.2,10.461800553392717,7.957161145393506
2022-05,11,2023-04,2022-06-09T21:59:00+00:00,CORE_LEVELPHASE_FIXED060_R29B,0.8053309735010974,-0.2033898305084824,12.71056661562021,10.881270058043555,8.51813264506422,10.219524057557607,1.2266541213055702,0.2,11.680992236591974,8.156961411660811
2022-05,12,2023-05,2022-06-09T21:59:00+00:00,CORE_LEVELPHASE_FIXED060_R29B,0.6911042259006962,0.2717391304347893,11.0609480812641,9.644003190979074,9.20685969194809,10.490894644717239,0.999544904794671,0.1,12.675574731581419,8.256911444969164
2022-05,1,2022-06,2022-06-09T21:59:00+00:00,CORE_LEVELPHASE_FIXED080_R29B,0.9365831366262503,1.5801354401805856,17.187499999999993,16.520867340072638,0.9322243911480685,1.567781271922979,1.1516549784505505,1.5,1.1450739117621869,1.4888612493750655
2022-05,2,2022-07,2022-06-09T21:59:00+00:00,CORE_LEVELPHASE_FIXED080_R29B,0.9713635137236052,1.333333333333342,17.525773195876276,16.43979401034726,1.8989004995448873,2.8923039469250513,1.5338097908413955,1.6,2.6672397533022116,3.07619616500408
2022-05,3,2022-08,2022-06-09T21:59:00+00:00,CORE_LEVELPHASE_FIXED080_R29B,0.6386455327808889,0.4385964912280604,17.235494880546053,16.38354464837379,2.535515333137018,3.329941406904929,1.0130917611498842,0.9,3.6752341383586344,3.9721703021512704
2022-05,4,2022-09,2022-06-09T21:59:00+00:00,CORE_LEVELPHASE_FIXED080_R29B,0.3102707991648736,0.8005822416302655,17.972742759795548,16.54576524401384,2.845305785784663,4.127335990819341,0.36499009040937475,0.3,4.039559756285846,4.271721200131118
2022-05,5,2022-10,2022-06-09T21:59:00+00:00,CORE_LEVELPHASE_FIXED080_R29B,0.8693752404376912,-1.4440433212996373,15.092748735244497,16.369518303496875,3.710923720697508,2.6727648905814654,1.318489785007864,1.2,5.349433119849595,5.464578286658498
2022-05,6,2022-11,2022-06-09T21:59:00+00:00,CORE_LEVELPHASE_FIXED080_R29B,0.6206117985548864,1.172161172161168,16.24579124579122,16.8945971541378,4.329617655133604,3.838109469604662,0.8702670427498443,0.4,6.215935166880481,5.863780413612243
2022-05,7,2022-12,2022-06-09T21:59:00+00:00,CORE_LEVELPHASE_FIXED080_R29B,0.5977002389539438,0.0,15.758591785414907,17.100429515083803,4.925538751980557,3.838109469604662,1.0006933974588739,0.4,7.211654781978167,6.2629825405659885
2022-05,8,2023-01,2022-06-09T21:59:00+00:00,CORE_LEVELPHASE_FIXED080_R29B,1.5243573560138963,6.010137581462716,17.49598715890851,13.82853292287383,6.438394517528917,9.674563580801145,1.3367282430626866,0.8,8.539527640725442,7.059799505483676
2022-05,9,2023-02,2022-06-09T21:59:00+00:00,CORE_LEVELPHASE_FIXED080_R29B,0.7685656589443104,0.6147540983606703,16.719492868462766,13.249137402140196,7.204021756798902,10.2874357749385,1.1773327769654243,0.7,9.70998377669346,7.7573608791262005
2022-05,10,2023-03,2022-06-09T21:59:00+00:00,CORE_LEVELPHASE_FIXED080_R29B,0.5133183865472666,0.1357773251866811,14.964925954793449,11.967301754757473,7.71602715580385,10.42312100606748,0.7546500148304526,0.2,10.461800553392717,7.957161145393506
2022-05,11,2023-04,2022-06-09T21:59:00+00:00,CORE_LEVELPHASE_FIXED080_R29B,0.8053309735010974,-0.2033898305084824,12.71056661562021,10.881270058043555,8.51813264506422,10.219524057557607,1.2266541213055702,0.2,11.680992236591974,8.156961411660811
2022-05,12,2023-05,2022-06-09T21:59:00+00:00,CORE_LEVELPHASE_FIXED080_R29B,0.6911042259006962,0.2717391304347893,11.0609480812641,9.644003190979074,9.20685969194809,10.490894644717239,0.999544904794671,0.1,12.675574731581419,8.256911444969164
2022-05,1,2022-06,2022-06-09T21:59:00+00:00,CORE_LEVELPHASE_PANEL_R29B,0.6294066229006854,1.5801354401805856,17.187499999999993,16.166263759353498,0.627434131749251,1.567781271922979,0.602244626332923,1.5,0.6004383817625073,1.4888612493750655
2022-05,2,2022-07,2022-06-09T21:59:00+00:00,CORE_LEVELPHASE_PANEL_R29B,0.6630264754075265,1.333333333333342,17.525773195876276,15.730946154460778,1.2882722542019556,2.8923039469250513,0.982323745448321,1.6,1.5779686933028525,3.07619616500408
2022-05,3,2022-08,2022-06-09T21:59:00+00:00,CORE_LEVELPHASE_PANEL_R29B,0.3190376942914789,0.4385964912280604,17.235494880546053,15.307678858451268,1.6068021031003439,3.329941406904929,0.4414469665843075,0.9,2.01844414087709,3.9721703021512704
2022-05,4,2022-09,2022-06-09T21:59:00+00:00,CORE_LEVELPHASE_PANEL_R29B,-0.020053161374896045,0.8005822416302655,17.972742759795548,15.088159846319996,1.586746930810203,4.127335990819341,-0.22582136607842035,0.3,1.792367413839612,4.271721200131118
2022-05,5,2022-10,2022-06-09T21:59:00+00:00,CORE_LEVELPHASE_PANEL_R29B,0.5230280255910997,-1.4440433212996373,15.092748735244497,14.51954564009799,2.108411915481793,2.6727648905814654,0.6990194259105866,1.2,2.4889550249561654,5.464578286658498
2022-05,6,2022-11,2022-06-09T21:59:00+00:00,CORE_LEVELPHASE_PANEL_R29B,0.3252011257607846,1.172161172161168,16.24579124579122,14.69854367609307,2.4330854059893197,3.838109469604662,0.3419008607437716,0.4,2.830272733530551,5.863780413612243
2022-05,7,2022-12,2022-06-09T21:59:00+00:00,CORE_LEVELPHASE_PANEL_R29B,0.351419415724296,0.0,15.758591785414907,14.619212534963266,2.7838887865078927,3.838109469604662,0.5601999750636095,0.4,3.3889094241624313,6.2629825405659885
2022-05,8,2023-01,2022-06-09T21:59:00+00:00,CORE_LEVELPHASE_PANEL_R29B,1.3269774753256112,6.010137581462716,17.49598715890851,11.200031392908112,4.102139036500398,9.674563580801145,0.9836981613202723,0.8,4.367800772434595,7.059799505483676
2022-05,9,2023-02,2022-06-09T21:59:00+00:00,CORE_LEVELPHASE_PANEL_R29B,0.5548728428825717,0.6147540983606703,16.719492868462766,10.399401354838957,4.655478130977358,10.2874357749385,0.7951256743013894,0.7,5.159781979857396,7.7573608791262005
2022-05,10,2023-03,2022-06-09T21:59:00+00:00,CORE_LEVELPHASE_PANEL_R29B,0.2839692311005483,0.1357773251866811,14.964925954793449,8.900765337287181,4.939044931130213,10.42312100606748,0.34444026694446034,0.2,5.503630409941332,7.957161145393506
2022-05,11,2023-04,2022-06-09T21:59:00+00:00,CORE_LEVELPHASE_PANEL_R29B,0.5582856929409983,-0.2033898305084824,12.71056661562021,7.580181410539588,5.495777985588312,10.219524057557607,0.7847934043668259,0.2,6.285360328455162,8.156961411660811
2022-05,12,2023-05,2022-06-09T21:59:00+00:00,CORE_LEVELPHASE_PANEL_R29B,0.4446132090431541,0.2717391304347893,11.0609480812641,6.11933291261323,5.939405710086435,10.490894644717239,0.5586755338813585,0.1,6.842481058759178,8.256911444969164
2022-06,1,2022-07,2022-07-12T21:59:00+00:00,CORE_LEVELPHASE_FIXED040_R29B,1.144372943342493,1.333333333333342,17.525773195876276,17.090811692217116,1.1378745265977703,1.3245226750020722,1.6588582688819589,1.6,1.6452495089002568,1.5873349156290149
2022-06,2,2022-08,2022-07-12T21:59:00+00:00,CORE_LEVELPHASE_FIXED040_R29B,0.7642344872464747,0.4385964912280604,17.235494880546053,17.180297189285557,1.8992035358075758,1.7621601349819505,1.1327622639214956,0.9,2.7716440633085337,2.4833090527762054
2022-06,3,2022-09,2022-07-12T21:59:00+00:00,CORE_LEVELPHASE_FIXED040_R29B,0.41514277258489884,0.8005822416302655,17.972742759795548,17.466308272982605,2.3134869682889114,2.559554718896362,0.48012792688940636,0.3,3.250623052180898,2.782859950756053
2022-06,4,2022-10,2022-07-12T21:59:00+00:00,CORE_LEVELPHASE_FIXED040_R29B,0.97211280206041,-1.4440433212996373,15.092748735244497,17.408130191345116,3.2809051539743637,1.1049836186584867,1.4316810699208327,1.2,4.6721523479644365,3.9757170372834336
2022-06,5,2022-11,2022-07-12T21:59:00+00:00,CORE_LEVELPHASE_FIXED040_R29B,0.7121260914912206,1.172161172161168,16.24579124579122,18.045159769599348,3.990507601549411,2.2703281976816836,0.9805360880887867,0.4,5.647912376234824,4.374919164237179
2022-06,6,2022-12,2022-07-12T21:59:00+00:00,CORE_LEVELPHASE_FIXED040_R29B,0.6860976805903736,0.0,15.758591785414907,18.356929647040577,4.6742623424682,2.2703281976816836,1.1091653646929311,0.4,6.750971611787779,4.774121291190924
2022-06,7,2023-01,2022-07-12T21:59:00+00:00,CORE_LEVELPHASE_FIXED040_R29B,1.603519932277078,6.010137581462716,17.49598715890851,15.139634253578102,6.2650616983575045,8.106782308878167,1.4440042409374034,0.8,8.184649402362938,5.570938256108612
2022-06,8,2023-02,2022-07-12T21:59:00+00:00,CORE_LEVELPHASE_FIXED040_R29B,0.8424956531081982,0.6147540983606703,16.719492868462766,14.63760864603231,7.104028165144527,8.719654503015521,1.283196524332921,0.7,9.459682719256932,6.268499629751136
2022-06,9,2023-03,2022-07-12T21:59:00+00:00,CORE_LEVELPHASE_FIXED040_R29B,0.5833771800430788,0.1357773251866811,14.964925954793449,13.419056436329612,7.685710289699633,8.855339734144502,0.8590808577843929,0.2,10.31509447616064,6.468299896018442
2022-06,10,2023-04,2022-07-12T21:59:00+00:00,CORE_LEVELPHASE_FIXED040_R29B,0.8725168601777565,-0.2033898305084824,12.71056661562021,12.393802992541971,8.554442718788783,8.651742785634628,1.3307779697491073,0.2,11.637095378987127,6.668100162285747
2022-06,11,2023-05,2022-07-12T21:59:00+00:00,CORE_LEVELPHASE_FIXED040_R29B,0.8554067940207399,0.2717391304347893,11.0609480812641,11.393473851417884,9.406211639913236,8.92311337279426,1.1353281931584782,0.1,12.766027090127661,6.768050195594101
2022-06,12,2023-06,2022-07-12T21:59:00+00:00,CORE_LEVELPHASE_FIXED040_R29B,0.7097278524254982,0.3387533875338855,9.703703703703706,10.642525542776156,10.113432777795342,9.261294283532367,1.204834797388606,0.5,13.963661530312987,7.266804346698008
2022-06,1,2022-07,2022-07-12T21:59:00+00:00,CORE_LEVELPHASE_FIXED060_R29B,1.144372943342493,1.333333333333342,17.525773195876276,17.090811692217116,1.1378745265977703,1.3245226750020722,1.6588582688819589,1.6,1.6452495089002568,1.5873349156290149
2022-06,2,2022-08,2022-07-12T21:59:00+00:00,CORE_LEVELPHASE_FIXED060_R29B,0.7642344872464747,0.4385964912280604,17.235494880546053,17.180297189285557,1.8992035358075758,1.7621601349819505,1.1327622639214956,0.9,2.7716440633085337,2.4833090527762054
2022-06,3,2022-09,2022-07-12T21:59:00+00:00,CORE_LEVELPHASE_FIXED060_R29B,0.41514277258489884,0.8005822416302655,17.972742759795548,17.466308272982605,2.3134869682889114,2.559554718896362,0.48012792688940636,0.3,3.250623052180898,2.782859950756053
2022-06,4,2022-10,2022-07-12T21:59:00+00:00,CORE_LEVELPHASE_FIXED060_R29B,0.97211280206041,-1.4440433212996373,15.092748735244497,17.408130191345116,3.2809051539743637,1.1049836186584867,1.4316810699208327,1.2,4.6721523479644365,3.9757170372834336
2022-06,5,2022-11,2022-07-12T21:59:00+00:00,CORE_LEVELPHASE_FIXED060_R29B,0.7121260914912206,1.172161172161168,16.24579124579122,18.045159769599348,3.990507601549411,2.2703281976816836,0.9805360880887867,0.4,5.647912376234824,4.374919164237179
2022-06,6,2022-12,2022-07-12T21:59:00+00:00,CORE_LEVELPHASE_FIXED060_R29B,0.6860976805903736,0.0,15.758591785414907,18.356929647040577,4.6742623424682,2.2703281976816836,1.1091653646929311,0.4,6.750971611787779,4.774121291190924
2022-06,7,2023-01,2022-07-12T21:59:00+00:00,CORE_LEVELPHASE_FIXED060_R29B,1.603519932277078,6.010137581462716,17.49598715890851,15.139634253578102,6.2650616983575045,8.106782308878167,1.4440042409374034,0.8,8.184649402362938,5.570938256108612
2022-06,8,2023-02,2022-07-12T21:59:00+00:00,CORE_LEVELPHASE_FIXED060_R29B,0.8424956531081982,0.6147540983606703,16.719492868462766,14.63760864603231,7.104028165144527,8.719654503015521,1.283196524332921,0.7,9.459682719256932,6.268499629751136
2022-06,9,2023-03,2022-07-12T21:59:00+00:00,CORE_LEVELPHASE_FIXED060_R29B,0.5833771800430788,0.1357773251866811,14.964925954793449,13.419056436329612,7.685710289699633,8.855339734144502,0.8590808577843929,0.2,10.31509447616064,6.468299896018442
2022-06,10,2023-04,2022-07-12T21:59:00+00:00,CORE_LEVELPHASE_FIXED060_R29B,0.8725168601777565,-0.2033898305084824,12.71056661562021,12.393802992541971,8.554442718788783,8.651742785634628,1.3307779697491073,0.2,11.637095378987127,6.668100162285747
2022-06,11,2023-05,2022-07-12T21:59:00+00:00,CORE_LEVELPHASE_FIXED060_R29B,0.8554067940207399,0.2717391304347893,11.0609480812641,11.393473851417884,9.406211639913236,8.92311337279426,1.1353281931584782,0.1,12.766027090127661,6.768050195594101
2022-06,12,2023-06,2022-07-12T21:59:00+00:00,CORE_LEVELPHASE_FIXED060_R29B,0.7097278524254982,0.3387533875338855,9.703703703703706,10.642525542776156,10.113432777795342,9.261294283532367,1.204834797388606,0.5,13.963661530312987,7.266804346698008
2022-06,1,2022-07,2022-07-12T21:59:00+00:00,CORE_LEVELPHASE_FIXED080_R29B,1.144372943342493,1.333333333333342,17.525773195876276,17.090811692217116,1.1378745265977703,1.3245226750020722,1.6588582688819589,1.6,1.6452495089002568,1.5873349156290149
2022-06,2,2022-08,2022-07-12T21:59:00+00:00,CORE_LEVELPHASE_FIXED080_R29B,0.7642344872464747,0.4385964912280604,17.235494880546053,17.180297189285557,1.8992035358075758,1.7621601349819505,1.1327622639214956,0.9,2.7716440633085337,2.4833090527762054
2022-06,3,2022-09,2022-07-12T21:59:00+00:00,CORE_LEVELPHASE_FIXED080_R29B,0.41514277258489884,0.8005822416302655,17.972742759795548,17.466308272982605,2.3134869682889114,2.559554718896362,0.48012792688940636,0.3,3.250623052180898,2.782859950756053
2022-06,4,2022-10,2022-07-12T21:59:00+00:00,CORE_LEVELPHASE_FIXED080_R29B,0.97211280206041,-1.4440433212996373,15.092748735244497,17.408130191345116,3.2809051539743637,1.1049836186584867,1.4316810699208327,1.2,4.6721523479644365,3.9757170372834336
2022-06,5,2022-11,2022-07-12T21:59:00+00:00,CORE_LEVELPHASE_FIXED080_R29B,0.7121260914912206,1.172161172161168,16.24579124579122,18.045159769599348,3.990507601549411,2.2703281976816836,0.9805360880887867,0.4,5.647912376234824,4.374919164237179
2022-06,6,2022-12,2022-07-12T21:59:00+00:00,CORE_LEVELPHASE_FIXED080_R29B,0.6860976805903736,0.0,15.758591785414907,18.356929647040577,4.6742623424682,2.2703281976816836,1.1091653646929311,0.4,6.750971611787779,4.774121291190924
2022-06,7,2023-01,2022-07-12T21:59:00+00:00,CORE_LEVELPHASE_FIXED080_R29B,1.603519932277078,6.010137581462716,17.49598715890851,15.139634253578102,6.2650616983575045,8.106782308878167,1.4440042409374034,0.8,8.184649402362938,5.570938256108612
2022-06,8,2023-02,2022-07-12T21:59:00+00:00,CORE_LEVELPHASE_FIXED080_R29B,0.8424956531081982,0.6147540983606703,16.719492868462766,14.63760864603231,7.104028165144527,8.719654503015521,1.283196524332921,0.7,9.459682719256932,6.268499629751136
2022-06,9,2023-03,2022-07-12T21:59:00+00:00,CORE_LEVELPHASE_FIXED080_R29B,0.5833771800430788,0.1357773251866811,14.964925954793449,13.419056436329612,7.685710289699633,8.855339734144502,0.8590808577843929,0.2,10.31509447616064,6.468299896018442
2022-06,10,2023-04,2022-07-12T21:59:00+00:00,CORE_LEVELPHASE_FIXED080_R29B,0.8725168601777565,-0.2033898305084824,12.71056661562021,12.393802992541971,8.554442718788783,8.651742785634628,1.3307779697491073,0.2,11.637095378987127,6.668100162285747
2022-06,11,2023-05,2022-07-12T21:59:00+00:00,CORE_LEVELPHASE_FIXED080_R29B,0.8554067940207399,0.2717391304347893,11.0609480812641,11.393473851417884,9.406211639913236,8.92311337279426,1.1353281931584782,0.1,12.766027090127661,6.768050195594101
2022-06,12,2023-06,2022-07-12T21:59:00+00:00,CORE_LEVELPHASE_FIXED080_R29B,0.7097278524254982,0.3387533875338855,9.703703703703706,10.642525542776156,10.113432777795342,9.261294283532367,1.204834797388606,0.5,13.963661530312987,7.266804346698008
2022-06,1,2022-07,2022-07-12T21:59:00+00:00,CORE_LEVELPHASE_PANEL_R29B,0.7975230329735141,1.333333333333342,17.525773195876276,16.6892773669885,0.7943596261673445,1.3245226750020722,1.0384858927767864,1.6,1.033130671598173,1.5873349156290149
2022-06,2,2022-08,2022-07-12T21:59:00+00:00,CORE_LEVELPHASE_PANEL_R29B,0.4191795641051055,0.4385964912280604,17.235494880546053,16.378562309293308,1.212663080200557,1.7621601349819505,0.5156003845129664,0.9,1.547406388704366,2.4833090527762054
2022-06,3,2022-09,2022-07-12T21:59:00+00:00,CORE_LEVELPHASE_PANEL_R29B,0.05836050286490213,0.8005822416302655,17.972742759795548,16.248105816288927,1.2710065599468487,2.559554718896362,-0.15800937054547473,0.3,1.3892720516964951,2.782859950756053
2022-06,4,2022-10,2022-07-12T21:59:00+00:00,CORE_LEVELPHASE_PANEL_R29B,0.5978690861736713,-1.4440433212996373,15.092748735244497,15.759881715988591,1.8670955006685883,1.1049836186584867,0.7623123997081107,1.2,2.148693533021649,3.9757170372834336
2022-06,5,2022-11,2022-07-12T21:59:00+00:00,CORE_LEVELPHASE_PANEL_R29B,0.3255303711229074,1.172161172161168,16.24579124579122,15.941198932845465,2.192097168760784,2.2703281976816836,0.28907474280013806,0.4,2.4373512582554997,4.374919164237179
2022-06,6,2022-12,2022-07-12T21:59:00+00:00,CORE_LEVELPHASE_PANEL_R29B,0.3545429566809595,0.0,15.758591785414907,15.86461460319645,2.546013103505444,2.2703281976816836,0.5161498103231247,0.4,2.952173581367587,4.774121291190924
2022-06,7,2023-01,2022-07-12T21:59:00+00:00,CORE_LEVELPHASE_PANEL_R29B,1.3266396760940193,6.010137581462716,17.49598715890851,12.407907397619208,3.863929977527324,8.106782308878167,0.9487789077603953,0.8,3.896479850097547,5.570938256108612
2022-06,8,2023-02,2022-07-12T21:59:00+00:00,CORE_LEVELPHASE_PANEL_R29B,0.6217934368554728,0.6147540983606703,16.719492868462766,11.672851090215465,4.483798255213014,8.719654503015521,0.8884506869684887,0.7,4.781007035742008,6.268499629751136
2022-06,9,2023-03,2022-07-12T21:59:00+00:00,CORE_LEVELPHASE_PANEL_R29B,0.34512080514536414,0.1357773251866811,14.964925954793449,10.224100354076247,4.828324885196608,8.855339734144502,0.4329378230052797,0.2,5.213010379127321,6.468299896018442
2022-06,10,2023-04,2022-07-12T21:59:00+00:00,CORE_LEVELPHASE_PANEL_R29B,0.6145875648902667,-0.2033898305084824,12.71056661562021,8.948434342581745,5.441031563242693,8.651742785634628,0.8694481409063903,0.2,6.0787005861665495,6.668100162285747
2022-06,11,2023-05,2022-07-12T21:59:00+00:00,CORE_LEVELPHASE_PANEL_R29B,0.5794582457368,0.2717391304347893,11.0609480812641,7.683331081903036,6.018817407156815,8.92311337279426,0.6417693036677243,0.1,6.7184193192509625,6.768050195594101
2022-06,12,2023-06,2022-07-12T21:59:00+00:00,CORE_LEVELPHASE_PANEL_R29B,0.433589654818457,0.3387533875338855,9.703703703703706,6.664125530675324,6.451469770387659,9.261294283532367,0.7109367029631474,0.5,7.426840781380166,7.266804346698008
2022-07,1,2022-08,2022-08-09T21:59:00+00:00,CORE_LEVELPHASE_FIXED040_R29B,0.5886820629967067,0.4385964912280604,17.235494880546053,17.490056222770136,0.5869561004489935,0.43763745997987813,1.2058971872878212,0.9,1.1986841769150018,0.8959741371471904
2022-07,2,2022-09,2022-08-09T21:59:00+00:00,CORE_LEVELPHASE_FIXED040_R29B,0.3984529964663124,0.8005822416302655,17.972742759795548,17.75724793729315,0.984617375358679,1.2350320438942897,0.5499976827871922,0.3,1.7471748954340942,1.1955250351270383
2022-07,3,2022-10,2022-08-09T21:59:00+00:00,CORE_LEVELPHASE_FIXED040_R29B,0.9569365398515003,-1.4440433212996373,15.092748735244497,17.68123543297219,1.9370042792281235,-0.21953905634358536,1.499956823702896,1.2,3.2359936065763644,2.3883821216544185
2022-07,4,2022-11,2022-08-09T21:59:00+00:00,CORE_LEVELPHASE_FIXED040_R29B,0.7017130516146691,1.172161172161168,16.24579124579122,18.307513253594117,2.6362667820107673,0.9458055226796116,1.046711690512601,0.4,4.277265198775085,2.787584248608164
2022-07,5,2022-12,2022-08-09T21:59:00+00:00,CORE_LEVELPHASE_FIXED040_R29B,0.6775891501600643,0.0,15.758591785414907,18.60995199257577,3.3115706144571417,0.9458055226796116,1.1739862730129542,0.4,5.444413717112057,3.1867863755619092
2022-07,6,2023-01,2022-08-09T21:59:00+00:00,CORE_LEVELPHASE_FIXED040_R29B,1.603767308505579,6.010137581462716,17.49598715890851,15.386059627070129,4.902613442154825,6.782259633876094,1.5078848252972976,0.8,6.941042965555777,3.9836033404795965
2022-07,7,2023-02,2022-08-09T21:59:00+00:00,CORE_LEVELPHASE_FIXED040_R29B,0.8462187700361876,0.6147540983606703,16.719492868462766,14.887201061460267,5.745271852677083,7.395131828013449,1.3460533293058954,0.7,8.278117480385967,4.68116471412212
2022-07,8,2023-03,2022-08-09T21:59:00+00:00,CORE_LEVELPHASE_FIXED040_R29B,0.589792592984075,0.1357773251866811,14.964925954793449,13.673245632636508,6.333331977788038,7.530817059142428,0.9209395377002851,0.2,9.194842227279981,4.880964980389426
2022-07,9,2023-04,2022-08-09T21:59:00+00:00,CORE_LEVELPHASE_FIXED040_R29B,0.8818352357299687,-0.2033898305084824,12.71056661562021,12.656100396526874,7.211301754634036,7.327220110632554,1.3923352705941872,0.2,10.577573553740061,5.080765246656732
2022-07,10,2023-05,2022-08-09T21:59:00+00:00,CORE_LEVELPHASE_FIXED040_R29B,0.8670834330285743,0.2717391304347893,11.0609480812641,11.666363543901955,8.074647609007462,7.598590697792186,1.1962951309214467,0.1,11.766769635428819,5.180715279965085
2022-07,11,2023-06,2022-08-09T21:59:00+00:00,CORE_LEVELPHASE_FIXED040_R29B,0.8009218599965252,0.3387533875338855,9.703703703703706,10.809779266413772,8.872379113390572,7.936771608530294,1.3030272882628546,0.5,13.06138055599207,5.679469431068992
2022-07,12,2023-07,2022-08-09T21:59:00+00:00,CORE_LEVELPHASE_FIXED040_R29B,0.8540969549269162,0.4726536124240565,8.771929824561415,10.211216972952203,9.722849296409485,8.408311721054151,1.6573244972917047,1.0,14.705121309839566,6.6745025163858
2022-07,1,2022-08,2022-08-09T21:59:00+00:00,CORE_LEVELPHASE_FIXED060_R29B,0.5886820629967067,0.4385964912280604,17.235494880546053,17.490056222770136,0.5869561004489935,0.43763745997987813,1.2058971872878212,0.9,1.1986841769150018,0.8959741371471904
2022-07,2,2022-09,2022-08-09T21:59:00+00:00,CORE_LEVELPHASE_FIXED060_R29B,0.3984529964663124,0.8005822416302655,17.972742759795548,17.75724793729315,0.984617375358679,1.2350320438942897,0.5499976827871922,0.3,1.7471748954340942,1.1955250351270383
2022-07,3,2022-10,2022-08-09T21:59:00+00:00,CORE_LEVELPHASE_FIXED060_R29B,0.9569365398515003,-1.4440433212996373,15.092748735244497,17.68123543297219,1.9370042792281235,-0.21953905634358536,1.499956823702896,1.2,3.2359936065763644,2.3883821216544185
2022-07,4,2022-11,2022-08-09T21:59:00+00:00,CORE_LEVELPHASE_FIXED060_R29B,0.7017130516146691,1.172161172161168,16.24579124579122,18.307513253594117,2.6362667820107673,0.9458055226796116,1.046711690512601,0.4,4.277265198775085,2.787584248608164
2022-07,5,2022-12,2022-08-09T21:59:00+00:00,CORE_LEVELPHASE_FIXED060_R29B,0.6775891501600643,0.0,15.758591785414907,18.60995199257577,3.3115706144571417,0.9458055226796116,1.1739862730129542,0.4,5.444413717112057,3.1867863755619092
2022-07,6,2023-01,2022-08-09T21:59:00+00:00,CORE_LEVELPHASE_FIXED060_R29B,1.603767308505579,6.010137581462716,17.49598715890851,15.386059627070129,4.902613442154825,6.782259633876094,1.5078848252972976,0.8,6.941042965555777,3.9836033404795965
2022-07,7,2023-02,2022-08-09T21:59:00+00:00,CORE_LEVELPHASE_FIXED060_R29B,0.8462187700361876,0.6147540983606703,16.719492868462766,14.887201061460267,5.745271852677083,7.395131828013449,1.3460533293058954,0.7,8.278117480385967,4.68116471412212
2022-07,8,2023-03,2022-08-09T21:59:00+00:00,CORE_LEVELPHASE_FIXED060_R29B,0.589792592984075,0.1357773251866811,14.964925954793449,13.673245632636508,6.333331977788038,7.530817059142428,0.9209395377002851,0.2,9.194842227279981,4.880964980389426
2022-07,9,2023-04,2022-08-09T21:59:00+00:00,CORE_LEVELPHASE_FIXED060_R29B,0.8818352357299687,-0.2033898305084824,12.71056661562021,12.656100396526874,7.211301754634036,7.327220110632554,1.3923352705941872,0.2,10.577573553740061,5.080765246656732
2022-07,10,2023-05,2022-08-09T21:59:00+00:00,CORE_LEVELPHASE_FIXED060_R29B,0.8670834330285743,0.2717391304347893,11.0609480812641,11.666363543901955,8.074647609007462,7.598590697792186,1.1962951309214467,0.1,11.766769635428819,5.180715279965085
2022-07,11,2023-06,2022-08-09T21:59:00+00:00,CORE_LEVELPHASE_FIXED060_R29B,0.8009218599965252,0.3387533875338855,9.703703703703706,10.809779266413772,8.872379113390572,7.936771608530294,1.3030272882628546,0.5,13.06138055599207,5.679469431068992
2022-07,12,2023-07,2022-08-09T21:59:00+00:00,CORE_LEVELPHASE_FIXED060_R29B,0.8540969549269162,0.4726536124240565,8.771929824561415,10.211216972952203,9.722849296409485,8.408311721054151,1.6573244972917047,1.0,14.705121309839566,6.6745025163858
2022-07,1,2022-08,2022-08-09T21:59:00+00:00,CORE_LEVELPHASE_FIXED080_R29B,0.5886820629967067,0.4385964912280604,17.235494880546053,17.490056222770136,0.5869561004489935,0.43763745997987813,1.2058971872878212,0.9,1.1986841769150018,0.8959741371471904
2022-07,2,2022-09,2022-08-09T21:59:00+00:00,CORE_LEVELPHASE_FIXED080_R29B,0.3984529964663124,0.8005822416302655,17.972742759795548,17.75724793729315,0.984617375358679,1.2350320438942897,0.5499976827871922,0.3,1.7471748954340942,1.1955250351270383
2022-07,3,2022-10,2022-08-09T21:59:00+00:00,CORE_LEVELPHASE_FIXED080_R29B,0.9569365398515003,-1.4440433212996373,15.092748735244497,17.68123543297219,1.9370042792281235,-0.21953905634358536,1.499956823702896,1.2,3.2359936065763644,2.3883821216544185
2022-07,4,2022-11,2022-08-09T21:59:00+00:00,CORE_LEVELPHASE_FIXED080_R29B,0.7017130516146691,1.172161172161168,16.24579124579122,18.307513253594117,2.6362667820107673,0.9458055226796116,1.046711690512601,0.4,4.277265198775085,2.787584248608164
2022-07,5,2022-12,2022-08-09T21:59:00+00:00,CORE_LEVELPHASE_FIXED080_R29B,0.6775891501600643,0.0,15.758591785414907,18.60995199257577,3.3115706144571417,0.9458055226796116,1.1739862730129542,0.4,5.444413717112057,3.1867863755619092
2022-07,6,2023-01,2022-08-09T21:59:00+00:00,CORE_LEVELPHASE_FIXED080_R29B,1.603767308505579,6.010137581462716,17.49598715890851,15.386059627070129,4.902613442154825,6.782259633876094,1.5078848252972976,0.8,6.941042965555777,3.9836033404795965
2022-07,7,2023-02,2022-08-09T21:59:00+00:00,CORE_LEVELPHASE_FIXED080_R29B,0.8462187700361876,0.6147540983606703,16.719492868462766,14.887201061460267,5.745271852677083,7.395131828013449,1.3460533293058954,0.7,8.278117480385967,4.68116471412212
2022-07,8,2023-03,2022-08-09T21:59:00+00:00,CORE_LEVELPHASE_FIXED080_R29B,0.589792592984075,0.1357773251866811,14.964925954793449,13.673245632636508,6.333331977788038,7.530817059142428,0.9209395377002851,0.2,9.194842227279981,4.880964980389426
2022-07,9,2023-04,2022-08-09T21:59:00+00:00,CORE_LEVELPHASE_FIXED080_R29B,0.8818352357299687,-0.2033898305084824,12.71056661562021,12.656100396526874,7.211301754634036,7.327220110632554,1.3923352705941872,0.2,10.577573553740061,5.080765246656732
2022-07,10,2023-05,2022-08-09T21:59:00+00:00,CORE_LEVELPHASE_FIXED080_R29B,0.8670834330285743,0.2717391304347893,11.0609480812641,11.666363543901955,8.074647609007462,7.598590697792186,1.1962951309214467,0.1,11.766769635428819,5.180715279965085
2022-07,11,2023-06,2022-08-09T21:59:00+00:00,CORE_LEVELPHASE_FIXED080_R29B,0.8009218599965252,0.3387533875338855,9.703703703703706,10.809779266413772,8.872379113390572,7.936771608530294,1.3030272882628546,0.5,13.06138055599207,5.679469431068992
2022-07,12,2023-07,2022-08-09T21:59:00+00:00,CORE_LEVELPHASE_FIXED080_R29B,0.8540969549269162,0.4726536124240565,8.771929824561415,10.211216972952203,9.722849296409485,8.408311721054151,1.6573244972917047,1.0,14.705121309839566,6.6745025163858
2022-07,1,2022-08,2022-08-09T21:59:00+00:00,CORE_LEVELPHASE_PANEL_R29B,0.2686220140053377,0.4385964912280604,17.235494880546053,17.11621820859765,0.2682618698800645,0.43763745997987813,0.6334306356357087,0.9,0.631432895545262,0.8959741371471904
2022-07,2,2022-09,2022-08-09T21:59:00+00:00,CORE_LEVELPHASE_PANEL_R29B,0.08046720632129706,0.8005822416302655,17.972742759795548,17.0107812564191,0.3486967187018496,1.2350320438942897,-0.018758803167098735,0.3,0.6126723326946149,1.1955250351270383
2022-07,3,2022-10,2022-08-09T21:59:00+00:00,CORE_LEVELPHASE_PANEL_R29B,0.6194361284064117,-1.4440433212996373,15.092748735244497,16.544334465034908,0.9662222275083568,-0.21953905634358536,0.8962960502636304,1.2,1.5049754909296225,2.3883821216544185
2022-07,4,2022-11,2022-08-09T21:59:00+00:00,CORE_LEVELPHASE_PANEL_R29B,0.34928786534695455,1.172161172161168,16.24579124579122,16.754521787981304,1.314901499540918,0.9458055226796116,0.41635613150475803,0.4,1.9204672586835574,2.787584248608164
2022-07,5,2022-12,2022-08-09T21:59:00+00:00,CORE_LEVELPHASE_PANEL_R29B,0.3082723064475308,0.0,15.758591785414907,16.6236035628437,1.6226996211841878,0.9458055226796116,0.5134179182513213,0.4,2.43257168103822,3.1867863755619092
2022-07,6,2023-01,2022-08-09T21:59:00+00:00,CORE_LEVELPHASE_PANEL_R29B,1.28192050456104,6.010137581462716,17.49598715890851,13.094317946980766,2.8964730767648277,6.782259633876094,0.9322224438316484,0.8,3.3604757486150056,3.9836033404795965
2022-07,7,2023-02,2022-08-09T21:59:00+00:00,CORE_LEVELPHASE_PANEL_R29B,0.5735383082152603,0.6147540983606703,16.719492868462766,12.300891166630374,3.4683729158719956,7.395131828013449,0.8583309654136706,0.7,4.215143997693635,4.68116471412212
2022-07,8,2023-03,2022-08-09T21:59:00+00:00,CORE_LEVELPHASE_PANEL_R29B,0.36674692127161607,0.1357773251866811,14.964925954793449,10.867881565986954,3.8344489604018364,7.530817059142428,0.5219950679092309,0.2,4.735781393951461,4.880964980389426
2022-07,9,2023-04,2022-08-09T21:59:00+00:00,CORE_LEVELPHASE_PANEL_R29B,0.6321081783722389,-0.2033898305084824,12.71056661562021,9.603847469836362,4.464567714170736,7.327220110632554,0.945667878552189,0.2,5.677005825357044,5.080765246656732
2022-07,10,2023-05,2022-08-09T21:59:00+00:00,CORE_LEVELPHASE_PANEL_R29B,0.5922608594338734,0.2717391304347893,11.0609480812641,8.344922901005969,5.055081603330287,7.598590697792186,0.7047413380700311,0.1,6.379275467572996,5.180715279965085
2022-07,11,2023-06,2022-08-09T21:59:00+00:00,CORE_LEVELPHASE_PANEL_R29B,0.500215720740907,0.3387533875338855,9.703703703703706,7.193085307612813,5.554050401707218,7.936771608530294,0.7651775718025353,0.5,7.1415404042451325,5.679469431068992
2022-07,12,2023-07,2022-08-09T21:59:00+00:00,CORE_LEVELPHASE_PANEL_R29B,0.5523391260157362,0.4726536124240565,8.771929824561415,6.2950675743107425,6.10486972889969,8.408311721054151,1.1175937052256517,1.0,8.252935174201511,6.6745025163858
2022-08,1,2022-09,2022-09-11T21:59:00+00:00,CORE_LEVELPHASE_FIXED040_R29B,0.2767174673428755,0.8005822416302655,17.972742759795548,17.58427940282811,0.2763353093954095,0.7973945839144115,0.4807884211788565,0.3,0.47963632493696323,0.2995508979798479
2022-08,2,2022-10,2022-09-11T21:59:00+00:00,CORE_LEVELPHASE_FIXED040_R29B,0.8912127755855616,-1.4440433212996373,15.092748735244497,17.43187966605311,1.1636002224895532,-0.6571765163234636,1.4326717288133841,1.2,1.9021422919580973,1.4924079845072282
2022-08,3,2022-11,2022-09-11T21:59:00+00:00,CORE_LEVELPHASE_FIXED040_R29B,0.6383388162057876,1.172161172161168,16.24579124579122,17.982534194244163,1.7999102854432594,0.5081680626997334,0.9817803167013145,0.4,2.8791344596044754,1.8916101114609736
2022-08,4,2022-12,2022-09-11T21:59:00+00:00,CORE_LEVELPHASE_FIXED040_R29B,0.6220105672584334,0.0,15.758591785414907,18.218843967350026,2.4199943515394637,0.5081680626997334,1.1106178223264827,0.4,3.983630209044139,2.290812238414719
2022-08,5,2023-01,2022-09-11T21:59:00+00:00,CORE_LEVELPHASE_FIXED040_R29B,1.5495093193159546,6.010137581462716,17.49598715890851,14.944167395161614,3.95762136298219,6.344622173896215,1.4456273716805341,0.8,5.418908013114581,3.087629203332406
2022-08,6,2023-02,2022-09-11T21:59:00+00:00,CORE_LEVELPHASE_FIXED040_R29B,0.7963197693624768,0.6147540983606703,16.719492868462766,14.390590485521027,4.75078723879057,6.95749436803357,1.2849495624205218,0.7,6.695672143190715,3.78519057697493
2022-08,7,2023-03,2022-09-11T21:59:00+00:00,CORE_LEVELPHASE_FIXED040_R29B,0.5478525796213287,0.1357773251866811,14.964925954793449,13.134692319065556,5.297144564870961,7.093179599162551,0.8609320957300591,0.2,7.552919353026052,3.984990843242236
2022-08,8,2023-04,2022-09-11T21:59:00+00:00,CORE_LEVELPHASE_FIXED040_R29B,0.8406838429596348,-0.2033898305084824,12.71056661562021,12.076629450120446,6.134314342263121,6.889582650652677,1.3327226929629328,0.2,8.876839420583757,4.184791109509542
2022-08,9,2023-05,2022-09-11T21:59:00+00:00,CORE_LEVELPHASE_FIXED040_R29B,0.8269729932096044,0.2717391304347893,11.0609480812641,11.047807085800244,6.957886649454799,7.1609532378123095,1.1373368964182693,0.1,10.007757265895181,4.284741142817895
2022-08,10,2023-06,2022-09-11T21:59:00+00:00,CORE_LEVELPHASE_FIXED040_R29B,0.7616184286742617,0.3387533875338855,9.703703703703706,10.15300104132783,7.716619407578694,7.499134148550417,1.2444385938721856,0.5,11.244516368101133,4.783495293921802
2022-08,11,2023-07,2022-09-11T21:59:00+00:00,CORE_LEVELPHASE_FIXED040_R29B,0.8845066584780764,0.4726536124240565,8.771929824561415,9.665110200709002,8.597237220487777,7.970674261074275,1.6338877419078732,1.0,12.865199799175533,5.77852837923861
2022-08,12,2023-08,2022-09-11T21:59:00+00:00,CORE_LEVELPHASE_FIXED040_R29B,0.5361866698833032,0.2016129032258007,8.515283842794778,9.56194545970776,9.131991527457698,8.172084198244393,1.0854788385341259,0.2,13.944829604774498,5.978328645505916
2022-08,1,2022-09,2022-09-11T21:59:00+00:00,CORE_LEVELPHASE_FIXED060_R29B,0.2767174673428755,0.8005822416302655,17.972742759795548,17.58427940282811,0.2763353093954095,0.7973945839144115,0.4807884211788565,0.3,0.47963632493696323,0.2995508979798479
2022-08,2,2022-10,2022-09-11T21:59:00+00:00,CORE_LEVELPHASE_FIXED060_R29B,0.8912127755855616,-1.4440433212996373,15.092748735244497,17.43187966605311,1.1636002224895532,-0.6571765163234636,1.4326717288133841,1.2,1.9021422919580973,1.4924079845072282
2022-08,3,2022-11,2022-09-11T21:59:00+00:00,CORE_LEVELPHASE_FIXED060_R29B,0.6383388162057876,1.172161172161168,16.24579124579122,17.982534194244163,1.7999102854432594,0.5081680626997334,0.9817803167013145,0.4,2.8791344596044754,1.8916101114609736
2022-08,4,2022-12,2022-09-11T21:59:00+00:00,CORE_LEVELPHASE_FIXED060_R29B,0.6220105672584334,0.0,15.758591785414907,18.218843967350026,2.4199943515394637,0.5081680626997334,1.1106178223264827,0.4,3.983630209044139,2.290812238414719
2022-08,5,2023-01,2022-09-11T21:59:00+00:00,CORE_LEVELPHASE_FIXED060_R29B,1.5495093193159546,6.010137581462716,17.49598715890851,14.944167395161614,3.95762136298219,6.344622173896215,1.4456273716805341,0.8,5.418908013114581,3.087629203332406
2022-08,6,2023-02,2022-09-11T21:59:00+00:00,CORE_LEVELPHASE_FIXED060_R29B,0.7963197693624768,0.6147540983606703,16.719492868462766,14.390590485521027,4.75078723879057,6.95749436803357,1.2849495624205218,0.7,6.695672143190715,3.78519057697493
2022-08,7,2023-03,2022-09-11T21:59:00+00:00,CORE_LEVELPHASE_FIXED060_R29B,0.5478525796213287,0.1357773251866811,14.964925954793449,13.134692319065556,5.297144564870961,7.093179599162551,0.8609320957300591,0.2,7.552919353026052,3.984990843242236
2022-08,8,2023-04,2022-09-11T21:59:00+00:00,CORE_LEVELPHASE_FIXED060_R29B,0.8406838429596348,-0.2033898305084824,12.71056661562021,12.076629450120446,6.134314342263121,6.889582650652677,1.3327226929629328,0.2,8.876839420583757,4.184791109509542
2022-08,9,2023-05,2022-09-11T21:59:00+00:00,CORE_LEVELPHASE_FIXED060_R29B,0.8269729932096044,0.2717391304347893,11.0609480812641,11.047807085800244,6.957886649454799,7.1609532378123095,1.1373368964182693,0.1,10.007757265895181,4.284741142817895
2022-08,10,2023-06,2022-09-11T21:59:00+00:00,CORE_LEVELPHASE_FIXED060_R29B,0.7616184286742617,0.3387533875338855,9.703703703703706,10.15300104132783,7.716619407578694,7.499134148550417,1.2444385938721856,0.5,11.244516368101133,4.783495293921802
2022-08,11,2023-07,2022-09-11T21:59:00+00:00,CORE_LEVELPHASE_FIXED060_R29B,0.8845066584780764,0.4726536124240565,8.771929824561415,9.665110200709002,8.597237220487777,7.970674261074275,1.6338877419078732,1.0,12.865199799175533,5.77852837923861
2022-08,12,2023-08,2022-09-11T21:59:00+00:00,CORE_LEVELPHASE_FIXED060_R29B,0.5361866698833032,0.2016129032258007,8.515283842794778,9.56194545970776,9.131991527457698,8.172084198244393,1.0854788385341259,0.2,13.944829604774498,5.978328645505916
2022-08,1,2022-09,2022-09-11T21:59:00+00:00,CORE_LEVELPHASE_FIXED080_R29B,0.2767174673428755,0.8005822416302655,17.972742759795548,17.58427940282811,0.2763353093954095,0.7973945839144115,0.4807884211788565,0.3,0.47963632493696323,0.2995508979798479
2022-08,2,2022-10,2022-09-11T21:59:00+00:00,CORE_LEVELPHASE_FIXED080_R29B,0.8912127755855616,-1.4440433212996373,15.092748735244497,17.43187966605311,1.1636002224895532,-0.6571765163234636,1.4326717288133841,1.2,1.9021422919580973,1.4924079845072282
2022-08,3,2022-11,2022-09-11T21:59:00+00:00,CORE_LEVELPHASE_FIXED080_R29B,0.6383388162057876,1.172161172161168,16.24579124579122,17.982534194244163,1.7999102854432594,0.5081680626997334,0.9817803167013145,0.4,2.8791344596044754,1.8916101114609736
2022-08,4,2022-12,2022-09-11T21:59:00+00:00,CORE_LEVELPHASE_FIXED080_R29B,0.6220105672584334,0.0,15.758591785414907,18.218843967350026,2.4199943515394637,0.5081680626997334,1.1106178223264827,0.4,3.983630209044139,2.290812238414719
2022-08,5,2023-01,2022-09-11T21:59:00+00:00,CORE_LEVELPHASE_FIXED080_R29B,1.5495093193159546,6.010137581462716,17.49598715890851,14.944167395161614,3.95762136298219,6.344622173896215,1.4456273716805341,0.8,5.418908013114581,3.087629203332406
2022-08,6,2023-02,2022-09-11T21:59:00+00:00,CORE_LEVELPHASE_FIXED080_R29B,0.7963197693624768,0.6147540983606703,16.719492868462766,14.390590485521027,4.75078723879057,6.95749436803357,1.2849495624205218,0.7,6.695672143190715,3.78519057697493
2022-08,7,2023-03,2022-09-11T21:59:00+00:00,CORE_LEVELPHASE_FIXED080_R29B,0.5478525796213287,0.1357773251866811,14.964925954793449,13.134692319065556,5.297144564870961,7.093179599162551,0.8609320957300591,0.2,7.552919353026052,3.984990843242236
2022-08,8,2023-04,2022-09-11T21:59:00+00:00,CORE_LEVELPHASE_FIXED080_R29B,0.8406838429596348,-0.2033898305084824,12.71056661562021,12.076629450120446,6.134314342263121,6.889582650652677,1.3327226929629328,0.2,8.876839420583757,4.184791109509542
2022-08,9,2023-05,2022-09-11T21:59:00+00:00,CORE_LEVELPHASE_FIXED080_R29B,0.8269729932096044,0.2717391304347893,11.0609480812641,11.047807085800244,6.957886649454799,7.1609532378123095,1.1373368964182693,0.1,10.007757265895181,4.284741142817895
2022-08,10,2023-06,2022-09-11T21:59:00+00:00,CORE_LEVELPHASE_FIXED080_R29B,0.7616184286742617,0.3387533875338855,9.703703703703706,10.15300104132783,7.716619407578694,7.499134148550417,1.2444385938721856,0.5,11.244516368101133,4.783495293921802
2022-08,11,2023-07,2022-09-11T21:59:00+00:00,CORE_LEVELPHASE_FIXED080_R29B,0.8845066584780764,0.4726536124240565,8.771929824561415,9.665110200709002,8.597237220487777,7.970674261074275,1.6338877419078732,1.0,12.865199799175533,5.77852837923861
2022-08,12,2023-08,2022-09-11T21:59:00+00:00,CORE_LEVELPHASE_FIXED080_R29B,0.5361866698833032,0.2016129032258007,8.515283842794778,9.56194545970776,9.131991527457698,8.172084198244393,1.0854788385341259,0.2,13.944829604774498,5.978328645505916
2022-08,1,2022-09,2022-09-11T21:59:00+00:00,CORE_LEVELPHASE_PANEL_R29B,-0.019049742068785958,0.8005822416302655,17.972742759795548,17.237463361497458,-0.01905155676261705,0.7973945839144115,-0.04811419927044197,0.3,-0.04812577786541361,0.2995508979798479
2022-08,2,2022-10,2022-09-11T21:59:00+00:00,CORE_LEVELPHASE_PANEL_R29B,0.5926436786289446,-1.4440433212996373,15.092748735244497,16.739019961474458,0.571842896928802,-0.6571765163234636,0.8987586622511475,1.2,0.8466180863533435,1.4924079845072282
2022-08,3,2022-11,2022-09-11T21:59:00+00:00,CORE_LEVELPHASE_PANEL_R29B,0.32457549463880786,1.172161172161168,16.24579124579122,16.920757987003185,0.8958927823344282,0.5081680626997334,0.4206963368113233,0.4,1.2664319702246971,1.8916101114609736
2022-08,4,2022-12,2022-09-11T21:59:00+00:00,CORE_LEVELPHASE_PANEL_R29B,0.29130928517492316,0.0,15.758591785414907,16.769903189810297,1.186778584242582,0.5081680626997334,0.5192447116025495,0.4,1.7843332549166886,2.290812238414719
2022-08,5,2023-01,2022-09-11T21:59:00+00:00,CORE_LEVELPHASE_PANEL_R29B,1.2011247656423265,6.010137581462716,17.49598715890851,13.145858195101729,2.380747093093964,6.344622173896215,0.8226323353863715,0.8,2.6036004132668094,3.087629203332406
2022-08,6,2023-02,2022-09-11T21:59:00+00:00,CORE_LEVELPHASE_PANEL_R29B,0.49391184292637486,0.6147540983606703,16.719492868462766,12.26311801876464,2.873443192966703,6.95749436803357,0.7441717491705221,0.7,3.345016865460302,3.78519057697493
2022-08,7,2023-03,2022-09-11T21:59:00+00:00,CORE_LEVELPHASE_PANEL_R29B,0.2919818124234448,0.1357773251866811,14.964925954793449,10.748030594437953,3.164999566431285,7.093179599162551,0.40337387101497874,0.2,3.747579365250674,3.984990843242236
2022-08,8,2023-04,2022-09-11T21:59:00+00:00,CORE_LEVELPHASE_PANEL_R29B,0.6291358346340412,-0.2033898305084824,12.71056661562021,9.482129111009765,3.7921646032508622,6.889582650652677,0.9544241784764753,0.2,4.697477690601093,4.184791109509542
2022-08,9,2023-05,2022-09-11T21:59:00+00:00,CORE_LEVELPHASE_PANEL_R29B,0.5914692827424897,0.2717391304347893,11.0609480812641,8.223750978841807,4.381891573218859,7.1609532378123095,0.7161998479964344,0.1,5.411125007721442,4.284741142817895
2022-08,10,2023-06,2022-09-11T21:59:00+00:00,CORE_LEVELPHASE_PANEL_R29B,0.5014864708646839,0.3387533875338855,9.703703703703706,7.074555450178897,4.8821247888718,7.499134148550417,0.7792603395897912,0.5,6.187364795752529,4.783495293921802
2022-08,11,2023-07,2022-09-11T21:59:00+00:00,CORE_LEVELPHASE_PANEL_R29B,0.5989120214669708,0.4726536124240565,8.771929824561415,6.298524178982558,5.479250461182949,7.970674261074275,1.1231761177156196,1.0,7.304280126668277,5.77852837923861
2022-08,12,2023-08,2022-09-11T21:59:00+00:00,CORE_LEVELPHASE_PANEL_R29B,0.25213308030403864,0.2016129032258007,8.515283842794778,5.898474582251831,5.731066219306942,8.172084198244393,0.5775229763026344,0.2,7.880141832108587,5.978328645505916
2022-09,1,2022-10,2022-10-10T21:59:00+00:00,CORE_LEVELPHASE_FIXED040_R29B,0.7339739627141852,-1.4440433212996373,15.092748735244497,16.891087617165777,0.7312934818544382,-1.4545711002378752,1.3434053256410954,1.2,1.3344616471630482,1.1928570865273802
2022-09,2,2022-11,2022-10-10T21:59:00+00:00,CORE_LEVELPHASE_FIXED040_R29B,0.564852634631395,1.172161172161168,16.24579124579122,17.35345210958895,1.294556806024254,-0.28922652121467807,0.8962783577330763,0.4,2.2267472700347195,1.5920592134811256
2022-09,3,2022-12,2022-10-10T21:59:00+00:00,CORE_LEVELPHASE_FIXED040_R29B,0.5535341183566213,0.0,15.758591785414907,17.508479199688836,1.8465645543419982,-0.28922652121467807,1.0277044017869725,0.4,3.2492066947663796,1.991261340434871
2022-09,4,2023-01,2022-10-10T21:59:00+00:00,CORE_LEVELPHASE_FIXED040_R29B,1.4863761486492535,6.010137581462716,17.49598715890851,14.182448610059481,3.322002389171029,5.547227589981804,1.3646045375998024,0.8,4.604584350182179,2.7880783053525584
2022-09,5,2023-02,2022-10-10T21:59:00+00:00,CORE_LEVELPHASE_FIXED040_R29B,0.7372708506953588,0.6147540983606703,16.719492868462766,13.5659714899037,4.056568683465298,6.160099784119159,1.2057845910829315,0.7,5.803157272446362,3.4856396789950823
2022-09,6,2023-03,2022-10-10T21:59:00+00:00,CORE_LEVELPHASE_FIXED040_R29B,0.4880797132638292,0.1357773251866811,14.964925954793449,12.252356285963474,4.543461149272094,6.295785015248138,0.7834763937594191,0.2,6.5835804271438985,3.685439945262388
2022-09,7,2023-04,2022-10-10T21:59:00+00:00,CORE_LEVELPHASE_FIXED040_R29B,0.7911028652806606,-0.2033898305084824,12.71056661562021,11.147869576243309,5.33145120209033,6.092188066738266,1.2560121348778475,0.2,7.831770161703124,3.885240211529694
2022-09,8,2023-05,2022-10-10T21:59:00+00:00,CORE_LEVELPHASE_FIXED040_R29B,0.778956908937413,0.2717391304347893,11.0609480812641,10.075127646794662,6.107389905247261,6.363558653897898,1.0616585117522366,0.1,8.887832651727528,3.985190244838047
2022-09,9,2023-06,2022-10-10T21:59:00+00:00,CORE_LEVELPHASE_FIXED040_R29B,0.7148554706483973,0.3387533875338855,9.703703703703706,9.137485629644967,6.819702396070909,6.701739564636005,1.1693882330485639,0.5,10.050436380815624,4.483944395941954
2022-09,10,2023-07,2022-10-10T21:59:00+00:00,CORE_LEVELPHASE_FIXED040_R29B,0.8385819147962752,0.4726536124240565,8.771929824561415,8.604631098419615,7.654787746830974,7.173279677159863,1.5591174056464168,1.0,11.597524424507503,5.478977481258762
2022-09,11,2023-08,2022-10-10T21:59:00+00:00,CORE_LEVELPHASE_FIXED040_R29B,0.5088190554685881,0.2016129032258007,8.515283842794778,8.680563020514859,8.162316692509256,7.3746896143299825,0.996725989021876,0.2,12.589315862255638,5.678777747526068
2022-09,12,2023-09,2022-10-10T21:59:00+00:00,CORE_LEVELPHASE_FIXED040_R29B,0.17871073832058518,-0.7377598926894713,6.859205776173314,8.69859464774285,8.340867933187889,6.634194813672215,0.3699114742264119,-0.6,12.958544846542823,5.076970514969767
2022-09,1,2022-10,2022-10-10T21:59:00+00:00,CORE_LEVELPHASE_FIXED060_R29B,0.7339739627141852,-1.4440433212996373,15.092748735244497,16.891087617165777,0.7312934818544382,-1.4545711002378752,1.3434053256410954,1.2,1.3344616471630482,1.1928570865273802
2022-09,2,2022-11,2022-10-10T21:59:00+00:00,CORE_LEVELPHASE_FIXED060_R29B,0.564852634631395,1.172161172161168,16.24579124579122,17.35345210958895,1.294556806024254,-0.28922652121467807,0.8962783577330763,0.4,2.2267472700347195,1.5920592134811256
2022-09,3,2022-12,2022-10-10T21:59:00+00:00,CORE_LEVELPHASE_FIXED060_R29B,0.5535341183566213,0.0,15.758591785414907,17.508479199688836,1.8465645543419982,-0.28922652121467807,1.0277044017869725,0.4,3.2492066947663796,1.991261340434871
2022-09,4,2023-01,2022-10-10T21:59:00+00:00,CORE_LEVELPHASE_FIXED060_R29B,1.4863761486492535,6.010137581462716,17.49598715890851,14.182448610059481,3.322002389171029,5.547227589981804,1.3646045375998024,0.8,4.604584350182179,2.7880783053525584
2022-09,5,2023-02,2022-10-10T21:59:00+00:00,CORE_LEVELPHASE_FIXED060_R29B,0.7372708506953588,0.6147540983606703,16.719492868462766,13.5659714899037,4.056568683465298,6.160099784119159,1.2057845910829315,0.7,5.803157272446362,3.4856396789950823
2022-09,6,2023-03,2022-10-10T21:59:00+00:00,CORE_LEVELPHASE_FIXED060_R29B,0.4880797132638292,0.1357773251866811,14.964925954793449,12.252356285963474,4.543461149272094,6.295785015248138,0.7834763937594191,0.2,6.5835804271438985,3.685439945262388
2022-09,7,2023-04,2022-10-10T21:59:00+00:00,CORE_LEVELPHASE_FIXED060_R29B,0.7911028652806606,-0.2033898305084824,12.71056661562021,11.147869576243309,5.33145120209033,6.092188066738266,1.2560121348778475,0.2,7.831770161703124,3.885240211529694
2022-09,8,2023-05,2022-10-10T21:59:00+00:00,CORE_LEVELPHASE_FIXED060_R29B,0.778956908937413,0.2717391304347893,11.0609480812641,10.075127646794662,6.107389905247261,6.363558653897898,1.0616585117522366,0.1,8.887832651727528,3.985190244838047
2022-09,9,2023-06,2022-10-10T21:59:00+00:00,CORE_LEVELPHASE_FIXED060_R29B,0.7148554706483973,0.3387533875338855,9.703703703703706,9.137485629644967,6.819702396070909,6.701739564636005,1.1693882330485639,0.5,10.050436380815624,4.483944395941954
2022-09,10,2023-07,2022-10-10T21:59:00+00:00,CORE_LEVELPHASE_FIXED060_R29B,0.8385819147962752,0.4726536124240565,8.771929824561415,8.604631098419615,7.654787746830974,7.173279677159863,1.5591174056464168,1.0,11.597524424507503,5.478977481258762
2022-09,11,2023-08,2022-10-10T21:59:00+00:00,CORE_LEVELPHASE_FIXED060_R29B,0.5088190554685881,0.2016129032258007,8.515283842794778,8.680563020514859,8.162316692509256,7.3746896143299825,0.996725989021876,0.2,12.589315862255638,5.678777747526068
2022-09,12,2023-09,2022-10-10T21:59:00+00:00,CORE_LEVELPHASE_FIXED060_R29B,0.17871073832058518,-0.7377598926894713,6.859205776173314,8.69859464774285,8.340867933187889,6.634194813672215,0.3699114742264119,-0.6,12.958544846542823,5.076970514969767
2022-09,1,2022-10,2022-10-10T21:59:00+00:00,CORE_LEVELPHASE_FIXED080_R29B,0.7339739627141852,-1.4440433212996373,15.092748735244497,16.891087617165777,0.7312934818544382,-1.4545711002378752,1.3434053256410954,1.2,1.3344616471630482,1.1928570865273802
2022-09,2,2022-11,2022-10-10T21:59:00+00:00,CORE_LEVELPHASE_FIXED080_R29B,0.564852634631395,1.172161172161168,16.24579124579122,17.35345210958895,1.294556806024254,-0.28922652121467807,0.8962783577330763,0.4,2.2267472700347195,1.5920592134811256
2022-09,3,2022-12,2022-10-10T21:59:00+00:00,CORE_LEVELPHASE_FIXED080_R29B,0.5535341183566213,0.0,15.758591785414907,17.508479199688836,1.8465645543419982,-0.28922652121467807,1.0277044017869725,0.4,3.2492066947663796,1.991261340434871
2022-09,4,2023-01,2022-10-10T21:59:00+00:00,CORE_LEVELPHASE_FIXED080_R29B,1.4863761486492535,6.010137581462716,17.49598715890851,14.182448610059481,3.322002389171029,5.547227589981804,1.3646045375998024,0.8,4.604584350182179,2.7880783053525584
2022-09,5,2023-02,2022-10-10T21:59:00+00:00,CORE_LEVELPHASE_FIXED080_R29B,0.7372708506953588,0.6147540983606703,16.719492868462766,13.5659714899037,4.056568683465298,6.160099784119159,1.2057845910829315,0.7,5.803157272446362,3.4856396789950823
2022-09,6,2023-03,2022-10-10T21:59:00+00:00,CORE_LEVELPHASE_FIXED080_R29B,0.4880797132638292,0.1357773251866811,14.964925954793449,12.252356285963474,4.543461149272094,6.295785015248138,0.7834763937594191,0.2,6.5835804271438985,3.685439945262388
2022-09,7,2023-04,2022-10-10T21:59:00+00:00,CORE_LEVELPHASE_FIXED080_R29B,0.7911028652806606,-0.2033898305084824,12.71056661562021,11.147869576243309,5.33145120209033,6.092188066738266,1.2560121348778475,0.2,7.831770161703124,3.885240211529694
2022-09,8,2023-05,2022-10-10T21:59:00+00:00,CORE_LEVELPHASE_FIXED080_R29B,0.778956908937413,0.2717391304347893,11.0609480812641,10.075127646794662,6.107389905247261,6.363558653897898,1.0616585117522366,0.1,8.887832651727528,3.985190244838047
2022-09,9,2023-06,2022-10-10T21:59:00+00:00,CORE_LEVELPHASE_FIXED080_R29B,0.7148554706483973,0.3387533875338855,9.703703703703706,9.137485629644967,6.819702396070909,6.701739564636005,1.1693882330485639,0.5,10.050436380815624,4.483944395941954
2022-09,10,2023-07,2022-10-10T21:59:00+00:00,CORE_LEVELPHASE_FIXED080_R29B,0.8385819147962752,0.4726536124240565,8.771929824561415,8.604631098419615,7.654787746830974,7.173279677159863,1.5591174056464168,1.0,11.597524424507503,5.478977481258762
2022-09,11,2023-08,2022-10-10T21:59:00+00:00,CORE_LEVELPHASE_FIXED080_R29B,0.5088190554685881,0.2016129032258007,8.515283842794778,8.680563020514859,8.162316692509256,7.3746896143299825,0.996725989021876,0.2,12.589315862255638,5.678777747526068
2022-09,12,2023-09,2022-10-10T21:59:00+00:00,CORE_LEVELPHASE_FIXED080_R29B,0.17871073832058518,-0.7377598926894713,6.859205776173314,8.69859464774285,8.340867933187889,6.634194813672215,0.3699114742264119,-0.6,12.958544846542823,5.076970514969767
2022-09,1,2022-10,2022-10-10T21:59:00+00:00,CORE_LEVELPHASE_PANEL_R29B,0.4632759350819609,-1.4440433212996373,15.092748735244497,16.576971280631046,0.46220611499537007,-1.4545711002378752,0.859325479612111,1.2,0.8556542948378109,1.1928570865273802
2022-09,2,2022-11,2022-10-10T21:59:00+00:00,CORE_LEVELPHASE_PANEL_R29B,0.29534892633277665,1.172161172161168,16.24579124579122,16.724442941751146,0.7571197432748472,-0.28922652121467807,0.4143342713332936,0.4,1.2691325653842451,1.5920592134811256
2022-09,3,2022-12,2022-10-10T21:59:00+00:00,CORE_LEVELPHASE_PANEL_R29B,0.26746549708733336,0.0,15.758591785414907,16.546126552645287,1.0242281879212083,-0.28922652121467807,0.5161378589900577,0.4,1.7839429985325803,1.991261340434871
2022-09,4,2023-01,2022-10-10T21:59:00+00:00,CORE_LEVELPHASE_PANEL_R29B,1.183090326812485,6.010137581462716,17.49598715890851,12.908902243243972,2.200374715083616,5.547227589981804,0.8222490752357321,0.8,2.602830023106968,2.7880783053525584
2022-09,5,2023-02,2022-10-10T21:59:00+00:00,CORE_LEVELPHASE_PANEL_R29B,0.41822714792675975,0.6147540983606703,16.719492868462766,11.943639409163795,2.617729724109551,6.160099784119159,0.6352498595828953,0.7,3.2360706752716504,3.4856396789950823
2022-09,6,2023-03,2022-10-10T21:59:00+00:00,CORE_LEVELPHASE_PANEL_R29B,0.2115880644569817,0.1357773251866811,14.964925954793449,10.34434097568925,2.8290942562776573,6.295785015248138,0.28903601695489395,0.2,3.5246897862767623,3.685439945262388
2022-09,7,2023-04,2022-10-10T21:59:00+00:00,CORE_LEVELPHASE_PANEL_R29B,0.5547593409325265,-0.2033898305084824,12.71056661562021,9.002428941829642,3.3823204750571065,6.092188066738266,0.8333672494417749,0.2,4.35460370355064,3.885240211529694
2022-09,8,2023-05,2022-10-10T21:59:00+00:00,CORE_LEVELPHASE_PANEL_R29B,0.584462394947198,0.2717391304347893,11.0609480812641,7.742058943594583,3.965081514518713,6.363558653897898,0.7138507526436971,0.1,5.065918602696771,3.985190244838047
2022-09,9,2023-06,2022-10-10T21:59:00+00:00,CORE_LEVELPHASE_PANEL_R29B,0.49748674990610076,0.3387533875338855,9.703703703703706,6.593736011189646,4.461334887991349,6.701739564636005,0.7806753274214592,0.5,5.8435624275241675,4.483944395941954
2022-09,10,2023-07,2022-10-10T21:59:00+00:00,CORE_LEVELPHASE_PANEL_R29B,0.5976307870321275,0.4726536124240565,8.771929824561415,5.81984177102657,5.057186945540558,7.173279677159863,1.1282329036468395,1.0,6.96547825357292,5.478977481258762
2022-09,11,2023-08,2022-10-10T21:59:00+00:00,CORE_LEVELPHASE_PANEL_R29B,0.2465922097201234,0.2016129032258007,8.515283842794778,5.617550387053438,5.3034756155722835,7.3746896143299825,0.5277948622423175,0.2,7.491885160295503,5.678777747526068
2022-09,12,2023-09,2022-10-10T21:59:00+00:00,CORE_LEVELPHASE_PANEL_R29B,-0.08188865276066556,-0.7377598926894713,6.859205776173314,5.360280543547068,5.221553415738949,6.634194813672215,-0.09610933210635551,-0.6,7.395729613557136,5.076970514969767
2022-10,1,2022-11,2022-11-09T22:59:00+00:00,CORE_LEVELPHASE_FIXED040_R29B,0.652850924501598,1.172161172161168,16.24579124579122,18.71998042692532,0.6507290828220345,1.165344579023197,0.87477468566302,0.4,0.8709707000151748,0.39920212695374535
2022-10,2,2022-12,2022-11-09T22:59:00+00:00,CORE_LEVELPHASE_FIXED040_R29B,0.5520274653335622,0.0,15.758591785414907,18.875031536425873,1.2012384608200095,1.165344579023197,1.0070364176516335,0.4,1.8729702928153475,0.7984042539074907
2022-10,3,2023-01,2022-11-09T22:59:00+00:00,CORE_LEVELPHASE_FIXED040_R29B,1.484621699142181,6.010137581462716,17.49598715890851,15.50832433950801,2.674947526981871,7.00179869021968,1.3445608994571792,0.8,3.2085721890396677,1.595221218825178
2022-10,4,2023-02,2022-11-09T22:59:00+00:00,CORE_LEVELPHASE_FIXED040_R29B,0.733566781596035,0.6147540983606703,16.719492868462766,14.880464481698638,3.4058367937288567,7.614670884357035,1.186326106628702,0.7,4.3879166103043765,2.2927825924677023
2022-10,5,2023-03,2022-11-09T22:59:00+00:00,CORE_LEVELPHASE_FIXED040_R29B,0.4839543610475604,0.1357773251866811,14.964925954793449,13.546982912261482,3.888623860258734,7.750356115486015,0.764540257829782,0.2,5.149549070556043,2.492582858735008
2022-10,6,2023-04,2022-11-09T22:59:00+00:00,CORE_LEVELPHASE_FIXED040_R29B,0.7791532033702276,-0.2033898305084824,12.71056661562021,12.416428432848559,4.664757340428313,7.546759166976141,1.2373417928955175,0.2,6.379298355912283,2.692383125002314
2022-10,7,2023-05,2022-11-09T22:59:00+00:00,CORE_LEVELPHASE_FIXED040_R29B,0.7726792602203146,0.2717391304347893,11.0609480812641,11.324508050956377,5.434466723061286,7.818129754135773,1.0433071252512798,0.1,7.417200592928007,2.792333158310667
2022-10,8,2023-06,2022-11-09T22:59:00+00:00,CORE_LEVELPHASE_FIXED040_R29B,0.7076842198805084,0.3387533875338855,9.703703703703706,10.368364386868052,6.139658609823505,8.156310664873882,1.151244021628852,0.5,8.56186822596287,3.2910873094145745
2022-10,9,2023-07,2022-11-09T22:59:00+00:00,CORE_LEVELPHASE_FIXED040_R29B,0.8305664840218528,0.4726536124240565,8.771929824561415,9.82077009581758,6.966794870856874,8.62785077739774,1.5410853872576065,1.0,10.091199499165871,4.286120394731383
2022-10,10,2023-08,2022-11-09T22:59:00+00:00,CORE_LEVELPHASE_FIXED040_R29B,0.500374717355962,0.2016129032258007,8.515283842794778,9.888319151713757,7.465921874356194,8.829260714567859,0.9789386890579441,0.2,11.065377626876614,4.485920660998689
2022-10,11,2023-09,2022-11-09T22:59:00+00:00,CORE_LEVELPHASE_FIXED040_R29B,0.17150763027188967,-0.7377598926894713,6.859205776173314,9.20252994171215,7.637282598238338,8.088765913910091,0.3171882901270901,-0.6,11.382063936149626,3.884113428442387
2022-10,12,2023-10,2022-11-09T22:59:00+00:00,CORE_LEVELPHASE_FIXED040_R29B,0.7614075566633655,0.0675675675675613,8.498168498168521,8.758328045823017,8.395806078033004,8.156310664873887,1.3110217883075557,0.3,12.684566214775446,4.183664326422235
2022-10,1,2022-11,2022-11-09T22:59:00+00:00,CORE_LEVELPHASE_FIXED060_R29B,0.652850924501598,1.172161172161168,16.24579124579122,18.71998042692532,0.6507290828220345,1.165344579023197,0.87477468566302,0.4,0.8709707000151748,0.39920212695374535
2022-10,2,2022-12,2022-11-09T22:59:00+00:00,CORE_LEVELPHASE_FIXED060_R29B,0.5520274653335622,0.0,15.758591785414907,18.875031536425873,1.2012384608200095,1.165344579023197,1.0070364176516335,0.4,1.8729702928153475,0.7984042539074907
2022-10,3,2023-01,2022-11-09T22:59:00+00:00,CORE_LEVELPHASE_FIXED060_R29B,1.484621699142181,6.010137581462716,17.49598715890851,15.50832433950801,2.674947526981871,7.00179869021968,1.3445608994571792,0.8,3.2085721890396677,1.595221218825178
2022-10,4,2023-02,2022-11-09T22:59:00+00:00,CORE_LEVELPHASE_FIXED060_R29B,0.733566781596035,0.6147540983606703,16.719492868462766,14.880464481698638,3.4058367937288567,7.614670884357035,1.186326106628702,0.7,4.3879166103043765,2.2927825924677023
2022-10,5,2023-03,2022-11-09T22:59:00+00:00,CORE_LEVELPHASE_FIXED060_R29B,0.4839543610475604,0.1357773251866811,14.964925954793449,13.546982912261482,3.888623860258734,7.750356115486015,0.764540257829782,0.2,5.149549070556043,2.492582858735008
2022-10,6,2023-04,2022-11-09T22:59:00+00:00,CORE_LEVELPHASE_FIXED060_R29B,0.7791532033702276,-0.2033898305084824,12.71056661562021,12.416428432848559,4.664757340428313,7.546759166976141,1.2373417928955175,0.2,6.379298355912283,2.692383125002314
2022-10,7,2023-05,2022-11-09T22:59:00+00:00,CORE_LEVELPHASE_FIXED060_R29B,0.7726792602203146,0.2717391304347893,11.0609480812641,11.324508050956377,5.434466723061286,7.818129754135773,1.0433071252512798,0.1,7.417200592928007,2.792333158310667
2022-10,8,2023-06,2022-11-09T22:59:00+00:00,CORE_LEVELPHASE_FIXED060_R29B,0.7076842198805084,0.3387533875338855,9.703703703703706,10.368364386868052,6.139658609823505,8.156310664873882,1.151244021628852,0.5,8.56186822596287,3.2910873094145745
2022-10,9,2023-07,2022-11-09T22:59:00+00:00,CORE_LEVELPHASE_FIXED060_R29B,0.8305664840218528,0.4726536124240565,8.771929824561415,9.82077009581758,6.966794870856874,8.62785077739774,1.5410853872576065,1.0,10.091199499165871,4.286120394731383
2022-10,10,2023-08,2022-11-09T22:59:00+00:00,CORE_LEVELPHASE_FIXED060_R29B,0.500374717355962,0.2016129032258007,8.515283842794778,9.888319151713757,7.465921874356194,8.829260714567859,0.9789386890579441,0.2,11.065377626876614,4.485920660998689
2022-10,11,2023-09,2022-11-09T22:59:00+00:00,CORE_LEVELPHASE_FIXED060_R29B,0.17150763027188967,-0.7377598926894713,6.859205776173314,9.20252994171215,7.637282598238338,8.088765913910091,0.3171882901270901,-0.6,11.382063936149626,3.884113428442387
2022-10,12,2023-10,2022-11-09T22:59:00+00:00,CORE_LEVELPHASE_FIXED060_R29B,0.7614075566633655,0.0675675675675613,8.498168498168521,8.758328045823017,8.395806078033004,8.156310664873887,1.3110217883075557,0.3,12.684566214775446,4.183664326422235
2022-10,1,2022-11,2022-11-09T22:59:00+00:00,CORE_LEVELPHASE_FIXED080_R29B,0.652850924501598,1.172161172161168,16.24579124579122,18.71998042692532,0.6507290828220345,1.165344579023197,0.87477468566302,0.4,0.8709707000151748,0.39920212695374535
2022-10,2,2022-12,2022-11-09T22:59:00+00:00,CORE_LEVELPHASE_FIXED080_R29B,0.5520274653335622,0.0,15.758591785414907,18.875031536425873,1.2012384608200095,1.165344579023197,1.0070364176516335,0.4,1.8729702928153475,0.7984042539074907
2022-10,3,2023-01,2022-11-09T22:59:00+00:00,CORE_LEVELPHASE_FIXED080_R29B,1.484621699142181,6.010137581462716,17.49598715890851,15.50832433950801,2.674947526981871,7.00179869021968,1.3445608994571792,0.8,3.2085721890396677,1.595221218825178
2022-10,4,2023-02,2022-11-09T22:59:00+00:00,CORE_LEVELPHASE_FIXED080_R29B,0.733566781596035,0.6147540983606703,16.719492868462766,14.880464481698638,3.4058367937288567,7.614670884357035,1.186326106628702,0.7,4.3879166103043765,2.2927825924677023
2022-10,5,2023-03,2022-11-09T22:59:00+00:00,CORE_LEVELPHASE_FIXED080_R29B,0.4839543610475604,0.1357773251866811,14.964925954793449,13.546982912261482,3.888623860258734,7.750356115486015,0.764540257829782,0.2,5.149549070556043,2.492582858735008
2022-10,6,2023-04,2022-11-09T22:59:00+00:00,CORE_LEVELPHASE_FIXED080_R29B,0.7791532033702276,-0.2033898305084824,12.71056661562021,12.416428432848559,4.664757340428313,7.546759166976141,1.2373417928955175,0.2,6.379298355912283,2.692383125002314
2022-10,7,2023-05,2022-11-09T22:59:00+00:00,CORE_LEVELPHASE_FIXED080_R29B,0.7726792602203146,0.2717391304347893,11.0609480812641,11.324508050956377,5.434466723061286,7.818129754135773,1.0433071252512798,0.1,7.417200592928007,2.792333158310667
2022-10,8,2023-06,2022-11-09T22:59:00+00:00,CORE_LEVELPHASE_FIXED080_R29B,0.7076842198805084,0.3387533875338855,9.703703703703706,10.368364386868052,6.139658609823505,8.156310664873882,1.151244021628852,0.5,8.56186822596287,3.2910873094145745
2022-10,9,2023-07,2022-11-09T22:59:00+00:00,CORE_LEVELPHASE_FIXED080_R29B,0.8305664840218528,0.4726536124240565,8.771929824561415,9.82077009581758,6.966794870856874,8.62785077739774,1.5410853872576065,1.0,10.091199499165871,4.286120394731383
2022-10,10,2023-08,2022-11-09T22:59:00+00:00,CORE_LEVELPHASE_FIXED080_R29B,0.500374717355962,0.2016129032258007,8.515283842794778,9.888319151713757,7.465921874356194,8.829260714567859,0.9789386890579441,0.2,11.065377626876614,4.485920660998689
2022-10,11,2023-09,2022-11-09T22:59:00+00:00,CORE_LEVELPHASE_FIXED080_R29B,0.17150763027188967,-0.7377598926894713,6.859205776173314,9.20252994171215,7.637282598238338,8.088765913910091,0.3171882901270901,-0.6,11.382063936149626,3.884113428442387
2022-10,12,2023-10,2022-11-09T22:59:00+00:00,CORE_LEVELPHASE_FIXED080_R29B,0.7614075566633655,0.0675675675675613,8.498168498168521,8.758328045823017,8.395806078033004,8.156310664873887,1.3110217883075557,0.3,12.684566214775446,4.183664326422235
2022-10,1,2022-11,2022-11-09T22:59:00+00:00,CORE_LEVELPHASE_PANEL_R29B,0.42439384951787973,1.172161172161168,16.24579124579122,18.45051543689932,0.42349583865904,1.165344579023197,0.46612552956283687,0.4,0.465042528641452,0.39920212695374535
2022-10,2,2022-12,2022-11-09T22:59:00+00:00,CORE_LEVELPHASE_PANEL_R29B,0.32327084937424755,0.0,15.758591785414907,18.335386866720505,0.7462452912034614,1.165344579023197,0.5978514621374748,0.4,1.0611139500679019,0.7984042539074907
2022-10,3,2023-01,2022-11-09T22:59:00+00:00,CORE_LEVELPHASE_PANEL_R29B,1.2400567300496559,6.010137581462716,17.49598715890851,14.70686650492837,1.9786762952839698,7.00179869021968,0.9070989900877695,0.8,1.9641235087896787,1.595221218825178
2022-10,4,2023-02,2022-11-09T22:59:00+00:00,CORE_LEVELPHASE_PANEL_R29B,0.47436721715110475,0.6147540983606703,16.719492868462766,13.789812877345067,2.4519219366780898,7.614670884357035,0.7226867849771201,0.7,2.6842114264230243,2.2927825924677023
2022-10,5,2023-03,2022-11-09T22:59:00+00:00,CORE_LEVELPHASE_PANEL_R29B,0.21088537951289987,0.1357773251866811,14.964925954793449,12.163352332479374,2.6625852651019155,7.750356115486015,0.27609222500248487,0.2,2.9599232169145084,2.492582858735008
2022-10,6,2023-04,2022-11-09T22:59:00+00:00,CORE_LEVELPHASE_PANEL_R29B,0.5432064359281172,-0.2033898305084824,12.71056661562021,10.786589142767268,3.204321656052934,7.546759166976141,0.8152955620810145,0.2,3.771913199402829,2.692383125002314
2022-10,7,2023-05,2022-11-09T22:59:00+00:00,CORE_LEVELPHASE_PANEL_R29B,0.5755407380413268,0.2717391304347893,11.0609480812641,9.495876366301637,3.7782124859572033,7.818129754135773,0.6906785593422484,0.1,4.460217500442898,2.792333158310667
2022-10,8,2023-06,2022-11-09T22:59:00+00:00,CORE_LEVELPHASE_PANEL_R29B,0.548758285526947,0.3387533875338855,9.703703703703706,8.384128041458274,4.325470578989089,8.156310664873882,0.8669676473443416,0.5,5.3234485643943685,3.2910873094145745
2022-10,9,2023-07,2022-11-09T22:59:00+00:00,CORE_LEVELPHASE_PANEL_R29B,0.6414464867614196,0.4726536124240565,8.771929824561415,7.644099562158417,4.964868553181572,8.62785077739774,1.202799837170559,1.0,6.519072250171353,4.286120394731383
2022-10,10,2023-08,2022-11-09T22:59:00+00:00,CORE_LEVELPHASE_PANEL_R29B,0.28289930236338867,0.2016129032258007,8.515283842794778,7.477232597812089,5.24736844857095,8.829260714567859,0.5899328120651399,0.2,7.1072717721134575,4.485920660998689
2022-10,11,2023-09,2022-11-09T22:59:00+00:00,CORE_LEVELPHASE_PANEL_R29B,-0.07373705792888474,-0.7377598926894713,6.859205776173314,6.545001685710612,5.173604191502119,8.088765913910091,-0.12148945657189666,-0.6,6.985708457275206,3.884113428442387
2022-10,12,2023-10,2022-11-09T22:59:00+00:00,CORE_LEVELPHASE_PANEL_R29B,0.5137332510606374,0.0675675675675613,8.498168498168521,5.850784537904746,5.686022335468496,8.156310664873887,0.8679981000305922,0.3,7.849961111789762,4.183664326422235
2022-11,1,2022-12,2022-12-11T22:59:00+00:00,CORE_LEVELPHASE_FIXED040_R29B,0.3923377075511698,0.0,15.758591785414907,15.737617185427103,0.391570070332432,0.0,0.9603518167560811,0.4,0.9557697513043553,0.39920212695374535
2022-11,2,2023-01,2022-12-11T22:59:00+00:00,CORE_LEVELPHASE_FIXED040_R29B,1.4523503598162157,6.010137581462716,17.49598715890851,12.424004600224254,1.833474838568124,5.836454111196482,1.29949280668623,0.8,2.2468915922892023,1.1960190918714328
2022-11,3,2023-02,2022-12-11T22:59:00+00:00,CORE_LEVELPHASE_FIXED040_R29B,0.7053906179542563,0.6147540983606703,16.719492868462766,11.781634781560497,2.5363892148676315,6.449326305333837,1.1427441966904233,0.7,3.383155787319513,1.893580465513957
2022-11,4,2023-03,2022-12-11T22:59:00+00:00,CORE_LEVELPHASE_FIXED040_R29B,0.4674627064270906,0.1357773251866811,14.964925954793449,10.46599015030407,3.00276270751168,6.585011536462818,0.722267960356717,0.2,4.102827884540843,2.0933807317812625
2022-11,5,2023-04,2022-12-11T22:59:00+00:00,CORE_LEVELPHASE_FIXED040_R29B,0.7513915997284044,-0.2033898305084824,12.71056661562021,9.33598517431156,3.751345422267957,6.381414587952944,1.1957777471606952,0.2,5.291512697429994,2.2931809980485682
2022-11,6,2023-05,2022-12-11T22:59:00+00:00,CORE_LEVELPHASE_FIXED040_R29B,0.7419617964710049,0.2717391304347893,11.0609480812641,8.240981668032187,4.490568222063921,6.652785175112576,1.0025466377044707,0.1,6.289067174429228,2.3931310313569214
2022-11,7,2023-06,2022-12-11T22:59:00+00:00,CORE_LEVELPHASE_FIXED040_R29B,0.6861381470615842,0.3387533875338855,9.703703703703706,7.288362888814776,5.174363153698222,6.990966085850683,1.111019731298539,0.5,7.393960417408079,2.891885182460829
2022-11,8,2023-07,2022-12-11T22:59:00+00:00,CORE_LEVELPHASE_FIXED040_R29B,0.8012950803159653,0.4726536124240565,8.771929824561415,6.725058482626036,5.972464912263161,7.462506198374541,1.5011716514487596,1.0,8.883975996523452,3.886918267777637
2022-11,9,2023-08,2022-12-11T22:59:00+00:00,CORE_LEVELPHASE_FIXED040_R29B,0.47445397072455836,0.2016129032258007,8.515283842794778,6.7631602854189214,6.445796897605895,7.66391613554466,0.9396163257656601,0.2,9.819205386921274,4.086718534044943
2022-11,10,2023-09,2022-12-11T22:59:00+00:00,CORE_LEVELPHASE_FIXED040_R29B,0.14648927779395565,-0.7377598926894713,6.859205776173314,6.070376271808534,6.59217898452663,6.923421334886893,0.27841800239860437,-0.6,10.09723652430113,3.484911301488641
2022-11,11,2023-10,2022-12-11T22:59:00+00:00,CORE_LEVELPHASE_FIXED040_R29B,0.7646107534268507,0.0675675675675613,8.498168498168521,8.44742963981802,7.35388140547303,6.990966085850689,1.2661881144743832,0.3,11.355475507379847,3.784462199468489
2022-11,12,2023-11,2022-12-11T22:59:00+00:00,CORE_LEVELPHASE_FIXED040_R29B,0.5020821799395251,0.0675219446319985,7.313540912382349,8.17142741050475,7.854707355950374,7.058465244674024,0.8284909441428049,0.1,12.18055330408675,3.884412232776842
2022-11,1,2022-12,2022-12-11T22:59:00+00:00,CORE_LEVELPHASE_FIXED060_R29B,0.3923377075511698,0.0,15.758591785414907,15.737617185427103,0.391570070332432,0.0,0.9603518167560811,0.4,0.9557697513043553,0.39920212695374535
2022-11,2,2023-01,2022-12-11T22:59:00+00:00,CORE_LEVELPHASE_FIXED060_R29B,1.4523503598162157,6.010137581462716,17.49598715890851,12.424004600224254,1.833474838568124,5.836454111196482,1.29949280668623,0.8,2.2468915922892023,1.1960190918714328
2022-11,3,2023-02,2022-12-11T22:59:00+00:00,CORE_LEVELPHASE_FIXED060_R29B,0.7053906179542563,0.6147540983606703,16.719492868462766,11.781634781560497,2.5363892148676315,6.449326305333837,1.1427441966904233,0.7,3.383155787319513,1.893580465513957
2022-11,4,2023-03,2022-12-11T22:59:00+00:00,CORE_LEVELPHASE_FIXED060_R29B,0.4674627064270906,0.1357773251866811,14.964925954793449,10.46599015030407,3.00276270751168,6.585011536462818,0.722267960356717,0.2,4.102827884540843,2.0933807317812625
2022-11,5,2023-04,2022-12-11T22:59:00+00:00,CORE_LEVELPHASE_FIXED060_R29B,0.7513915997284044,-0.2033898305084824,12.71056661562021,9.33598517431156,3.751345422267957,6.381414587952944,1.1957777471606952,0.2,5.291512697429994,2.2931809980485682
2022-11,6,2023-05,2022-12-11T22:59:00+00:00,CORE_LEVELPHASE_FIXED060_R29B,0.7419617964710049,0.2717391304347893,11.0609480812641,8.240981668032187,4.490568222063921,6.652785175112576,1.0025466377044707,0.1,6.289067174429228,2.3931310313569214
2022-11,7,2023-06,2022-12-11T22:59:00+00:00,CORE_LEVELPHASE_FIXED060_R29B,0.6861381470615842,0.3387533875338855,9.703703703703706,7.288362888814776,5.174363153698222,6.990966085850683,1.111019731298539,0.5,7.393960417408079,2.891885182460829
2022-11,8,2023-07,2022-12-11T22:59:00+00:00,CORE_LEVELPHASE_FIXED060_R29B,0.8012950803159653,0.4726536124240565,8.771929824561415,6.725058482626036,5.972464912263161,7.462506198374541,1.5011716514487596,1.0,8.883975996523452,3.886918267777637
2022-11,9,2023-08,2022-12-11T22:59:00+00:00,CORE_LEVELPHASE_FIXED060_R29B,0.47445397072455836,0.2016129032258007,8.515283842794778,6.7631602854189214,6.445796897605895,7.66391613554466,0.9396163257656601,0.2,9.819205386921274,4.086718534044943
2022-11,10,2023-09,2022-12-11T22:59:00+00:00,CORE_LEVELPHASE_FIXED060_R29B,0.14648927779395565,-0.7377598926894713,6.859205776173314,6.070376271808534,6.59217898452663,6.923421334886893,0.27841800239860437,-0.6,10.09723652430113,3.484911301488641
2022-11,11,2023-10,2022-12-11T22:59:00+00:00,CORE_LEVELPHASE_FIXED060_R29B,0.7646107534268507,0.0675675675675613,8.498168498168521,8.44742963981802,7.35388140547303,6.990966085850689,1.2661881144743832,0.3,11.355475507379847,3.784462199468489
2022-11,12,2023-11,2022-12-11T22:59:00+00:00,CORE_LEVELPHASE_FIXED060_R29B,0.5020821799395251,0.0675219446319985,7.313540912382349,8.17142741050475,7.854707355950374,7.058465244674024,0.8284909441428049,0.1,12.18055330408675,3.884412232776842
2022-11,1,2022-12,2022-12-11T22:59:00+00:00,CORE_LEVELPHASE_FIXED080_R29B,0.3923377075511698,0.0,15.758591785414907,15.737617185427103,0.391570070332432,0.0,0.9603518167560811,0.4,0.9557697513043553,0.39920212695374535
2022-11,2,2023-01,2022-12-11T22:59:00+00:00,CORE_LEVELPHASE_FIXED080_R29B,1.4523503598162157,6.010137581462716,17.49598715890851,12.424004600224254,1.833474838568124,5.836454111196482,1.29949280668623,0.8,2.2468915922892023,1.1960190918714328
2022-11,3,2023-02,2022-12-11T22:59:00+00:00,CORE_LEVELPHASE_FIXED080_R29B,0.7053906179542563,0.6147540983606703,16.719492868462766,11.781634781560497,2.5363892148676315,6.449326305333837,1.1427441966904233,0.7,3.383155787319513,1.893580465513957
2022-11,4,2023-03,2022-12-11T22:59:00+00:00,CORE_LEVELPHASE_FIXED080_R29B,0.4674627064270906,0.1357773251866811,14.964925954793449,10.46599015030407,3.00276270751168,6.585011536462818,0.722267960356717,0.2,4.102827884540843,2.0933807317812625
2022-11,5,2023-04,2022-12-11T22:59:00+00:00,CORE_LEVELPHASE_FIXED080_R29B,0.7513915997284044,-0.2033898305084824,12.71056661562021,9.33598517431156,3.751345422267957,6.381414587952944,1.1957777471606952,0.2,5.291512697429994,2.2931809980485682
2022-11,6,2023-05,2022-12-11T22:59:00+00:00,CORE_LEVELPHASE_FIXED080_R29B,0.7419617964710049,0.2717391304347893,11.0609480812641,8.240981668032187,4.490568222063921,6.652785175112576,1.0025466377044707,0.1,6.289067174429228,2.3931310313569214
2022-11,7,2023-06,2022-12-11T22:59:00+00:00,CORE_LEVELPHASE_FIXED080_R29B,0.6861381470615842,0.3387533875338855,9.703703703703706,7.288362888814776,5.174363153698222,6.990966085850683,1.111019731298539,0.5,7.393960417408079,2.891885182460829
2022-11,8,2023-07,2022-12-11T22:59:00+00:00,CORE_LEVELPHASE_FIXED080_R29B,0.8012950803159653,0.4726536124240565,8.771929824561415,6.725058482626036,5.972464912263161,7.462506198374541,1.5011716514487596,1.0,8.883975996523452,3.886918267777637
2022-11,9,2023-08,2022-12-11T22:59:00+00:00,CORE_LEVELPHASE_FIXED080_R29B,0.47445397072455836,0.2016129032258007,8.515283842794778,6.7631602854189214,6.445796897605895,7.66391613554466,0.9396163257656601,0.2,9.819205386921274,4.086718534044943
2022-11,10,2023-09,2022-12-11T22:59:00+00:00,CORE_LEVELPHASE_FIXED080_R29B,0.14648927779395565,-0.7377598926894713,6.859205776173314,6.070376271808534,6.59217898452663,6.923421334886893,0.27841800239860437,-0.6,10.09723652430113,3.484911301488641
2022-11,11,2023-10,2022-12-11T22:59:00+00:00,CORE_LEVELPHASE_FIXED080_R29B,0.7646107534268507,0.0675675675675613,8.498168498168521,8.44742963981802,7.35388140547303,6.990966085850689,1.2661881144743832,0.3,11.355475507379847,3.784462199468489
2022-11,12,2023-11,2022-12-11T22:59:00+00:00,CORE_LEVELPHASE_FIXED080_R29B,0.5020821799395251,0.0675219446319985,7.313540912382349,8.17142741050475,7.854707355950374,7.058465244674024,0.8284909441428049,0.1,12.18055330408675,3.884412232776842
2022-11,1,2022-12,2022-12-11T22:59:00+00:00,CORE_LEVELPHASE_PANEL_R29B,0.1804394677138181,0.0,15.758591785414907,15.493329643921665,0.18027687126899805,0.0,0.572812521176495,0.4,0.5711781883928738,0.39920212695374535
2022-11,2,2023-01,2022-12-11T22:59:00+00:00,CORE_LEVELPHASE_PANEL_R29B,1.2397403219558805,6.010137581462716,17.49598715890851,11.95160545399627,1.412395342347812,5.836454111196482,0.9106517083892935,0.8,1.4777084664662392,1.1960190918714328
2022-11,3,2023-02,2022-12-11T22:59:00+00:00,CORE_LEVELPHASE_PANEL_R29B,0.47869708368814795,0.6147540983606703,16.719492868462766,11.061365370412412,1.8899503149310608,6.449326305333837,0.7281458845507467,0.7,2.2032161676791526,1.893580465513957
2022-11,4,2023-03,2022-12-11T22:59:00+00:00,CORE_LEVELPHASE_PANEL_R29B,0.2273627818398535,0.1357773251866811,14.964925954793449,9.491904525563601,2.1170550187063686,6.585011536462818,0.2831507892340533,0.2,2.4859668401771686,2.0933807317812625
2022-11,5,2023-04,2022-12-11T22:59:00+00:00,CORE_LEVELPHASE_PANEL_R29B,0.4957504334686989,-0.2033898305084824,12.71056661562021,8.096886954773536,2.611580656000636,6.381414587952944,0.7282373014756589,0.2,3.2115652974370894,2.2931809980485682
2022-11,6,2023-05,2022-12-11T22:59:00+00:00,CORE_LEVELPHASE_PANEL_R29B,0.522422543479923,0.2717391304347893,11.0609480812641,6.781084993302479,3.1326433071108695,6.652785175112576,0.6010327434808189,0.1,3.810799043899456,2.3931310313569214
2022-11,7,2023-06,2022-12-11T22:59:00+00:00,CORE_LEVELPHASE_PANEL_R29B,0.5020382345580855,0.3387533875338855,9.703703703703706,5.6477887159765725,3.633425531736874,6.990966085850683,0.7743206135397844,0.5,4.582137181433801,2.891885182460829
2022-11,8,2023-07,2022-12-11T22:59:00+00:00,CORE_LEVELPHASE_PANEL_R29B,0.6523207682592478,0.4726536124240565,8.771929824561415,4.937780772675192,4.283627895609869,7.462506198374541,1.2287135130601228,1.0,5.803363280197029,3.886918267777637
2022-11,9,2023-08,2022-12-11T22:59:00+00:00,CORE_LEVELPHASE_PANEL_R29B,0.29874599927203765,0.2016129032258007,8.515283842794778,4.791665625923678,4.581928535795998,7.66391613554466,0.6182651737377097,0.2,6.419725036226459,4.086718534044943
2022-11,10,2023-09,2022-12-11T22:59:00+00:00,CORE_LEVELPHASE_PANEL_R29B,-0.05543136746641211,-0.7377598926894713,6.859205776173314,3.9017591402580423,4.526481799467381,6.923421334886893,-0.09087333615731295,-0.6,6.328810385221674,3.484911301488641
2022-11,11,2023-10,2022-12-11T22:59:00+00:00,CORE_LEVELPHASE_PANEL_R29B,0.5330817920520216,0.0675675675675613,8.498168498168521,5.986126074945976,5.058147740069552,6.990966085850689,0.8427463215347789,0.3,7.168025425899503,3.784462199468489
2022-11,12,2023-11,2022-12-11T22:59:00+00:00,CORE_LEVELPHASE_PANEL_R29B,0.27155394322048154,0.0675219446319985,7.313540912382349,5.473899310280082,5.329333641706702,7.058465244674024,0.4068793699368246,0.1,7.5740792802055195,3.884412232776842
2022-12,1,2023-01,2023-01-10T22:59:00+00:00,CORE_LEVELPHASE_FIXED040_R29B,1.0284256725239636,6.010137581462716,17.49598715890851,12.027683135568768,1.023173355793023,5.836454111196482,0.7214929016623982,0.8,0.7189025934243332,0.7968169649176874
2022-12,2,2023-02,2023-01-10T22:59:00+00:00,CORE_LEVELPHASE_FIXED040_R29B,0.3652091027057984,0.6147540983606703,16.719492868462766,11.01131201757932,1.3877171893124116,6.449326305333837,0.5715988556423728,0.7,1.2888740214346246,1.4943783385602116
2022-12,3,2023-03,2023-01-10T22:59:00+00:00,CORE_LEVELPHASE_FIXED040_R29B,0.13232561436783868,0.1357773251866811,14.964925954793449,9.338783338892576,1.5199553304969426,6.585011536462818,0.15519759575212566,0.2,1.4439513101777524,1.6941786048275174
2022-12,4,2023-04,2023-01-10T22:59:00+00:00,CORE_LEVELPHASE_FIXED040_R29B,0.4226510197626458,-0.2033898305084824,12.71056661562021,7.8671982283332555,1.941715689546201,6.381414587952944,0.6267959217227645,0.2,2.06879103624404,1.893978871094823
2022-12,5,2023-05,2023-01-10T22:59:00+00:00,CORE_LEVELPHASE_FIXED040_R29B,0.4149717017403206,0.2717391304347893,11.0609480812641,6.44029379144612,2.355828758289981,6.652785175112576,0.4346423641365511,0.1,2.5024915585665655,1.9939289044031765
2022-12,6,2023-06,2023-01-10T22:59:00+00:00,CORE_LEVELPHASE_FIXED040_R29B,0.3515854318886689,0.3387533875338855,9.703703703703706,5.1529631213951586,2.706797573466096,6.990966085850683,0.5438331444471408,0.5,3.0448512701655313,2.492683055507084
2022-12,7,2023-07,2023-01-10T22:59:00+00:00,CORE_LEVELPHASE_FIXED040_R29B,0.4855443866601109,0.4726536124240565,8.771929824561415,4.273217859774204,3.1911669951518467,7.462506198374541,0.9326392000656877,1.0,3.973168243911965,3.487716140823892
2022-12,8,2023-08,2023-01-10T22:59:00+00:00,CORE_LEVELPHASE_FIXED040_R29B,0.1607284713725365,0.2016129032258007,8.515283842794778,3.9847411826514842,3.351766436556927,7.66391613554466,0.37467748091581865,0.2,4.347145557123092,3.6875164070911977
2022-12,9,2023-09,2023-01-10T22:59:00+00:00,CORE_LEVELPHASE_FIXED040_R29B,-0.16462113818478946,-0.7377598926894713,6.859205776173314,2.989048286770194,3.1870096488841897,6.923421334886893,-0.2822600320379124,-0.6,4.0644864202709154,3.085709174534896
2022-12,10,2023-10,2023-01-10T22:59:00+00:00,CORE_LEVELPHASE_FIXED040_R29B,0.4497558129845162,0.0675675675675613,8.498168498168521,4.968031364597554,3.6357570827773737,6.990966085850689,0.7003026679481483,0.3,4.762348357461894,3.3852600725147437
2022-12,11,2023-11,2023-01-10T22:59:00+00:00,CORE_LEVELPHASE_FIXED040_R29B,0.19059252470936058,0.0675219446319985,7.313540912382349,3.9496353218669964,3.8261682103840005,7.058465244674024,0.22401721057808843,0.1,4.986115023592161,3.485210105823097
2022-12,12,2023-12,2023-01-10T22:59:00+00:00,CORE_LEVELPHASE_FIXED040_R29B,0.18327079376283711,-0.4048582995951344,6.879073135409149,4.0907275023419505,4.009271268137081,6.652785175112593,0.3989564828904944,0.0,5.384277785473704,3.485210105823097
2022-12,1,2023-01,2023-01-10T22:59:00+00:00,CORE_LEVELPHASE_FIXED060_R29B,1.1050351026777965,6.010137581462716,17.49598715890851,12.112633256382182,1.0989741989866189,5.836454111196482,0.861419382032871,0.8,0.857730335576478,0.7968169649176874
2022-12,2,2023-02,2023-01-10T22:59:00+00:00,CORE_LEVELPHASE_FIXED060_R29B,0.44170452246206615,0.6147540983606703,16.719492868462766,11.180165154792189,1.5397060701343117,6.449326305333837,0.7113170969798064,0.7,1.5665295057389141,1.4943783385602116
2022-12,3,2023-03,2023-01-10T22:59:00+00:00,CORE_LEVELPHASE_FIXED060_R29B,0.20906134054200917,0.1357773251866811,14.964925954793449,9.589010967953083,1.7485491815579912,6.585011536462818,0.2953547547423866,0.2,1.8614489452643794,1.6941786048275174
2022-12,4,2023-04,2023-01-10T22:59:00+00:00,CORE_LEVELPHASE_FIXED060_R29B,0.5003077220491781,-0.2033898305084824,12.71056661562021,8.197662513595846,2.2476095232868443,6.381414587952944,0.7686352358426132,0.2,2.627145230743197,1.893978871094823
2022-12,5,2023-05,2023-01-10T22:59:00+00:00,CORE_LEVELPHASE_FIXED060_R29B,0.4930387028409958,0.2717391304347893,11.0609480812641,6.849391450832526,2.7394367706465084,6.652785175112576,0.5772310855923887,0.1,3.2027167211084455,1.9939289044031765
2022-12,6,2023-06,2023-01-10T22:59:00+00:00,CORE_LEVELPHASE_FIXED060_R29B,0.429940731768934,0.3387533875338855,9.703703703703706,5.639532809561805,3.168455897875872,6.990966085850683,0.686948441201112,0.5,3.887316421794322,2.492683055507084
2022-12,7,2023-07,2023-01-10T22:59:00+00:00,CORE_LEVELPHASE_FIXED060_R29B,0.5644069019773695,0.4726536124240565,8.771929824561415,4.837930549956195,3.7312759920004392,7.462506198374541,1.0766809215528226,1.0,4.958242405671854,3.487716140823892
2022-12,8,2023-08,2023-01-10T22:59:00+00:00,CORE_LEVELPHASE_FIXED060_R29B,0.23935811490728479,0.2016129032258007,8.515283842794778,4.629965287703373,3.9703481016654525,7.66391613554466,0.5182938640491915,0.2,5.475197750058267,3.6875164070911977
2022-12,9,2023-09,2023-01-10T22:59:00+00:00,CORE_LEVELPHASE_FIXED060_R29B,-0.08638199268867436,-0.7377598926894713,6.859205776173314,3.7093055555426426,3.883928778233899,6.923421334886893,-0.13935689029046014,-0.6,5.335743667747104,3.085709174534896
2022-12,10,2023-10,2023-01-10T22:59:00+00:00,CORE_LEVELPHASE_FIXED060_R29B,0.5288912278835758,0.0675675675675613,8.498168498168521,5.785402007727442,4.411426288469939,6.990966085850689,0.8448428382280662,0.3,6.177037682844824,3.3852600725147437
2022-12,11,2023-11,2023-01-10T22:59:00+00:00,CORE_LEVELPHASE_FIXED060_R29B,0.26947840246018473,0.0675219446319985,7.313540912382349,4.841558774846668,4.680542248872527,7.058465244674024,0.3681016033537989,0.1,6.544463450247559,3.485210105823097
2022-12,12,2023-12,2023-01-10T22:59:00+00:00,CORE_LEVELPHASE_FIXED060_R29B,0.26229436543607165,-0.4048582995951344,6.879073135409149,5.06667180465649,4.942493222970922,6.652785175112593,0.5432923724583439,0.0,7.086285313401571,3.485210105823097
2022-12,1,2023-01,2023-01-10T22:59:00+00:00,CORE_LEVELPHASE_FIXED080_R29B,1.1817509618331836,6.010137581462716,17.49598715890851,12.197701393430961,1.1748228140403136,5.836454111196482,1.0015402540802816,0.8,0.9965580777286227,0.7968169649176874
2022-12,2,2023-02,2023-01-10T22:59:00+00:00,CORE_LEVELPHASE_FIXED080_R29B,0.51830621283191,0.6147540983606703,16.719492868462766,11.349381455473843,1.6917904435357207,6.449326305333837,0.8512294406998664,0.7,1.8441849900432032,1.4943783385602116
2022-12,3,2023-03,2023-01-10T22:59:00+00:00,CORE_LEVELPHASE_FIXED080_R29B,0.2859044506725973,0.1357773251866811,14.964925954793449,9.839969351191375,1.9772869647743843,6.585011536462818,0.43570804962661785,0.2,2.278946580351006,1.6941786048275174
2022-12,4,2023-04,2023-01-10T22:59:00+00:00,CORE_LEVELPHASE_FIXED080_R29B,0.578073885968551,-0.2033898305084824,12.71056661562021,8.529348740781161,2.553696415019723,6.381414587952944,0.9106744807149588,0.2,3.1854994252423534,1.893978871094823
2022-12,5,2023-05,2023-01-10T22:59:00+00:00,CORE_LEVELPHASE_FIXED080_R29B,0.5712165369531979,0.2717391304347893,11.0609480812641,7.260322005023581,3.123287696527213,6.652785175112576,0.7200222426123685,0.1,3.9029418836503247,1.9939289044031765
2022-12,6,2023-06,2023-01-10T22:59:00+00:00,CORE_LEVELPHASE_FIXED080_R29B,0.5084075635218551,0.3387533875338855,9.703703703703706,6.128664947725498,3.6304072325706547,6.990966085850683,0.830267449983205,0.5,4.729781573423112,2.492683055507084
2022-12,7,2023-07,2023-01-10T22:59:00+00:00,CORE_LEVELPHASE_FIXED080_R29B,0.6433819625778701,0.4726536124240565,8.771929824561415,5.406063455714332,4.271728328174147,7.462506198374541,1.2209282060539977,1.0,5.943316567431742,3.487716140823892
2022-12,8,2023-08,2023-01-10T22:59:00+00:00,CORE_LEVELPHASE_FIXED080_R29B,0.3181002619667759,0.2016129032258007,8.515283842794778,5.279607754107644,4.58932372163297,7.66391613554466,0.6621157339250571,0.2,6.6032499429934415,3.6875164070911977
2022-12,9,2023-09,2023-01-10T22:59:00+00:00,CORE_LEVELPHASE_FIXED080_R29B,-0.008030724518071977,-0.7377598926894713,6.859205776173314,4.435064458743384,4.581292674634951,6.923421334886893,0.0037510425796936013,-0.6,6.607000915223292,3.085709174534896
2022-12,10,2023-10,2023-01-10T22:59:00+00:00,CORE_LEVELPHASE_FIXED080_R29B,0.6081402297932166,0.0675675675675613,8.498168498168521,6.609665859430446,5.18759119474588,6.990966085850689,0.9895904742282554,0.3,7.591727008227753,3.3852600725147437
2022-12,11,2023-11,2023-01-10T22:59:00+00:00,CORE_LEVELPHASE_FIXED080_R29B,0.3484776883951013,0.0675219446319985,7.313540912382349,5.7417134507752206,5.535463106567308,7.058465244674024,0.5123931352247016,0.1,8.102811876902956,3.485210105823097
2022-12,12,2023-12,2023-01-10T22:59:00+00:00,CORE_LEVELPHASE_FIXED080_R29B,0.341431543245404,-0.4048582995951344,6.879073135409149,6.052400567994145,5.8763130956826375,6.652785175112593,0.6878357626790601,0.0,8.788292841329437,3.485210105823097
2022-12,1,2023-01,2023-01-10T22:59:00+00:00,CORE_LEVELPHASE_PANEL_R29B,1.0472870062242605,6.010137581462716,17.49598715890851,12.048597957325368,1.0418409467717125,5.836454111196482,0.7559429691603029,0.8,0.7531000385970293,0.7968169649176874
2022-12,2,2023-02,2023-01-10T22:59:00+00:00,CORE_LEVELPHASE_PANEL_R29B,0.3840423669093057,0.6147540983606703,16.719492868462766,11.052871955690701,1.4251477536231434,6.449326305333837,0.6059976544402796,0.7,1.3572689117800172,1.4943783385602116
2022-12,3,2023-03,2023-01-10T22:59:00+00:00,CORE_LEVELPHASE_PANEL_R29B,0.14543611170377074,0.1357773251866811,14.964925954793449,9.394038397087465,1.5704782094427772,6.585011536462818,0.17914380895903398,0.2,1.5362524495996108,1.6941786048275174
2022-12,4,2023-04,2023-01-10T22:59:00+00:00,CORE_LEVELPHASE_PANEL_R29B,0.43015246368125104,-0.2033898305084824,12.71056661562021,7.929771225545565,1.9997081619375772,6.381414587952944,0.6404972459999352,0.2,2.1747072286461337,1.893978871094823
2022-12,5,2023-05,2023-01-10T22:59:00+00:00,CORE_LEVELPHASE_PANEL_R29B,0.4167994458491965,0.2717391304347893,11.0609480812641,6.503977591858108,2.41564140494809,6.652785175112576,0.43798072339153216,0.1,2.611731607852665,1.9939289044031765
2022-12,6,2023-06,2023-01-10T22:59:00+00:00,CORE_LEVELPHASE_PANEL_R29B,0.3718810301863035,0.3387533875338855,9.703703703703706,5.2371560814351845,2.7868326671798753,6.990966085850683,0.5809028841788999,0.5,3.1909537570448347,2.492683055507084
2022-12,7,2023-07,2023-01-10T22:59:00+00:00,CORE_LEVELPHASE_PANEL_R29B,0.5244619620004811,0.4726536124240565,8.771929824561415,4.39712329109215,3.309924117219915,7.462506198374541,1.003721824371806,1.0,4.189671749093671,3.487716140823892
2022-12,8,2023-08,2023-01-10T22:59:00+00:00,CORE_LEVELPHASE_PANEL_R29B,0.2178780776877334,0.2016129032258007,8.515283842794778,4.167705833700697,3.527565184823541,7.66391613554466,0.4790607565802645,0.2,4.6675886613164,3.6875164070911977
2022-12,9,2023-09,2023-01-10T22:59:00+00:00,CORE_LEVELPHASE_PANEL_R29B,-0.08742071766779111,-0.7377598926894713,6.859205776173314,3.2500401914340697,3.440106232961667,6.923421334886893,-0.1412541127356453,-0.6,4.526234690912478,3.085709174534896
2022-12,10,2023-10,2023-01-10T22:59:00+00:00,CORE_LEVELPHASE_PANEL_R29B,0.5483507366581206,0.0675675675675613,8.498168498168521,5.33732921478512,3.9869590005556996,6.990966085850689,0.8803854674721784,0.3,5.4027673619883645,3.3852600725147437
2022-12,11,2023-11,2023-01-10T22:59:00+00:00,CORE_LEVELPHASE_PANEL_R29B,0.30926501680037854,0.0675219446319985,7.313540912382349,4.438908390891296,4.2957467768085325,7.058465244674024,0.44077152008991977,0.1,5.842570329440192,3.485210105823097
2022-12,12,2023-12,2023-01-10T22:59:00+00:00,CORE_LEVELPHASE_PANEL_R29B,0.3021504266169944,-0.4048582995951344,6.879073135409149,4.704762343411142,4.597441646438239,6.652785175112593,0.6160891332654433,0.0,6.456769392643295,3.485210105823097
2023-01,1,2023-02,2023-02-09T22:59:00+00:00,CORE_LEVELPHASE_FIXED040_R29B,0.38169199469125326,0.6147540983606703,16.719492868462766,15.200175756510653,0.3809653991150625,0.6128721941373546,0.5121530348972909,0.7,0.5108459920484584,0.6975613736425241
2023-01,2,2023-03,2023-02-09T22:59:00+00:00,CORE_LEVELPHASE_FIXED040_R29B,0.08696101400021827,0.1357773251866811,14.964925954793449,13.413131727839387,0.46788862393181885,0.748557425266335,0.1044093601034044,0.2,0.6152008834897675,0.8973616399098298
2023-01,3,2023-04,2023-02-09T22:59:00+00:00,CORE_LEVELPHASE_FIXED040_R29B,0.384581982920323,-0.2033898305084824,12.71056661562021,11.84429524423511,0.8517329809236328,0.5449604767564618,0.5780782466306589,0.2,1.1916146693341536,1.0971619061771354
2023-01,4,2023-05,2023-02-09T22:59:00+00:00,CORE_LEVELPHASE_FIXED040_R29B,0.37813530262435924,0.2717391304347893,11.0609480812641,10.32429399483341,1.2291551491890305,0.8163310639160943,0.38746217047203096,0.1,1.5783281384715857,1.1971119394854888
2023-01,5,2023-06,2023-02-09T22:59:00+00:00,CORE_LEVELPHASE_FIXED040_R29B,0.31693511026433974,0.3387533875338855,9.703703703703706,8.952355633379666,1.5455890787985438,1.1545119746542023,0.49541245613949997,0.5,2.0725174651297635,1.695866090589396
2023-01,6,2023-07,2023-02-09T22:59:00+00:00,CORE_LEVELPHASE_FIXED040_R29B,0.4403811091220268,0.4726536124240565,8.771929824561415,7.99226436730182,1.9850033477958033,1.62605208717806,0.8855152334208317,1.0,2.9541350052860436,2.690899175906204
2023-01,7,2023-08,2023-02-09T22:59:00+00:00,CORE_LEVELPHASE_FIXED040_R29B,0.13178102317897708,0.2016129032258007,8.515283842794778,7.662374282264363,2.1166976159938002,1.8274620243481785,0.32884928186411716,0.2,3.2824447603955793,2.89069944217351
2023-01,8,2023-09,2023-02-09T22:59:00+00:00,CORE_LEVELPHASE_FIXED040_R29B,-0.19242287168107303,-0.7377598926894713,6.859205776173314,6.60177239092554,1.924089373669817,1.0869672236904104,-0.32753450479548435,-0.6,2.9543726872053355,2.288892209617208
2023-01,9,2023-10,2023-02-09T22:59:00+00:00,CORE_LEVELPHASE_FIXED040_R29B,0.42272741139963166,0.0675675675675613,8.498168498168521,8.620940744209417,2.345925802815965,1.1545119746542079,0.6552648916258906,0.3,3.6075000510053843,2.588443107597056
2023-01,10,2023-11,2023-02-09T22:59:00+00:00,CORE_LEVELPHASE_FIXED040_R29B,0.16439049468144823,0.0675219446319985,7.313540912382349,7.538973157730728,2.510181324225612,1.2220111334775423,0.1796468207481863,0.1,3.7869856998504763,2.688393140905409
2023-01,11,2023-12,2023-02-09T22:59:00+00:00,CORE_LEVELPHASE_FIXED040_R29B,0.1259282822091497,-0.4048582995951344,6.879073135409149,7.6743951393336145,2.6360303832760614,0.8163310639161105,0.305344970950262,0.0,4.091865439843283,2.688393140905409
2023-01,12,2024-01,2023-02-09T22:59:00+00:00,CORE_LEVELPHASE_FIXED040_R29B,1.0753623053071972,1.4905149051490652,2.3224043715847307,3.775167070989243,3.7056517884566915,2.2958469555908225,0.6918897674761127,0.2,4.781372633610307,2.888193407172715
2023-01,1,2023-02,2023-02-09T22:59:00+00:00,CORE_LEVELPHASE_FIXED060_R29B,0.44321444944831223,0.6147540983606703,16.719492868462766,15.270780240855863,0.44223514674847175,0.6128721941373546,0.6245276014456341,0.7,0.6225855095597655,0.6975613736425241
2023-01,2,2023-03,2023-02-09T22:59:00+00:00,CORE_LEVELPHASE_FIXED060_R29B,0.14823389304899182,0.1357773251866811,14.964925954793449,13.55211462565472,0.5903592818145206,0.748557425266335,0.2163280611933501,0.2,0.8386799185123821,0.8973616399098298
2023-01,3,2023-04,2023-02-09T22:59:00+00:00,CORE_LEVELPHASE_FIXED060_R29B,0.44706992083423047,-0.2033898305084824,12.71056661562021,12.051062360975434,1.0364328136780088,0.5449604767564618,0.6922163278451352,0.2,1.5285114282101455,1.0971619061771354
2023-01,4,2023-05,2023-02-09T22:59:00+00:00,CORE_LEVELPHASE_FIXED060_R29B,0.4414282062826938,0.2717391304347893,11.0609480812641,10.597944083155067,1.4768895834016855,0.8163310639160943,0.5030705713766669,0.1,2.030320827543025,1.1971119394854888
2023-01,5,2023-06,2023-02-09T22:59:00+00:00,CORE_LEVELPHASE_FIXED060_R29B,0.3812204767496426,0.3387533875338855,9.703703703703706,9.292595064752955,1.8573852563747957,1.1545119746542023,0.6128336517454576,0.5,2.6412842907387195,1.695866090589396
2023-01,6,2023-07,2023-02-09T22:59:00+00:00,CORE_LEVELPHASE_FIXED060_R29B,0.5052536059272609,0.4726536124240565,8.771929824561415,8.399473528614235,2.3613667394356646,1.62605208717806,1.0040088588488794,1.0,3.64028646446328,2.690899175906204
2023-01,7,2023-08,2023-02-09T22:59:00+00:00,CORE_LEVELPHASE_FIXED060_R29B,0.19663129350916633,0.2016129032258007,8.515283842794778,8.138329894978673,2.5578049666612888,1.8274620243481785,0.4473023092615934,0.2,4.086591350171859,2.89069944217351
2023-01,8,2023-09,2023-02-09T22:59:00+00:00,CORE_LEVELPHASE_FIXED060_R29B,-0.12766334030010545,-0.7377598926894713,6.859205776173314,7.142512958904603,2.4300600672974944,1.0869672236904104,-0.20924721769767754,-0.6,3.877124904611422,2.288892209617208
2023-01,9,2023-10,2023-02-09T22:59:00+00:00,CORE_LEVELPHASE_FIXED060_R29B,0.488332705445227,0.0675675675675613,8.498168498168521,9.24324466974327,2.9172042961628035,1.1545119746542079,0.7750970165104148,0.3,4.6492334764935945,2.588443107597056
2023-01,10,2023-11,2023-02-09T22:59:00+00:00,CORE_LEVELPHASE_FIXED060_R29B,0.22989202596561203,0.0675219446319985,7.313540912382349,8.225805310042059,3.146832474709147,1.2220111334775423,0.2992894165349888,0.1,4.948075913873128,2.688393140905409
2023-01,11,2023-12,2023-02-09T22:59:00+00:00,CORE_LEVELPHASE_FIXED060_R29B,0.1917184961629674,-0.4048582995951344,6.879073135409149,8.433294196442732,3.338367425519411,0.8163310639161105,0.4255148634777501,0.0,5.372688022852692,2.688393140905409
2023-01,12,2024-01,2023-02-09T22:59:00+00:00,CORE_LEVELPHASE_FIXED060_R29B,1.14140605375485,1.4905149051490652,2.3224043715847307,4.574869755711302,4.473308587643846,2.2958469555908225,0.8125227564285126,0.2,6.1819275856064735,2.888193407172715
2023-01,1,2023-02,2023-02-09T22:59:00+00:00,CORE_LEVELPHASE_FIXED080_R29B,0.504805687521394,0.6147540983606703,16.719492868462766,15.341463662405038,0.5035358154087702,0.6128721941373546,0.7370278049724488,0.7,0.734325027071073,0.6975613736425241
2023-01,2,2023-03,2023-02-09T22:59:00+00:00,CORE_LEVELPHASE_FIXED080_R29B,0.20957527638323115,0.1357773251866811,14.964925954793449,13.691338158471478,0.7128917891589265,0.748557425266335,0.3283718895952068,0.2,1.062158953534997,0.8973616399098298
2023-01,3,2023-04,2023-02-09T22:59:00+00:00,CORE_LEVELPHASE_FIXED080_R29B,0.5096287713511316,-0.2033898305084824,12.71056661562021,12.258316917273415,1.2212263483431343,0.5449604767564618,0.8064839353123542,0.2,1.8654081870861376,1.0971619061771354
2023-01,4,2023-05,2023-02-09T22:59:00+00:00,CORE_LEVELPHASE_FIXED080_R29B,0.5047939994356162,0.2717391304347893,11.0609480812641,10.872413209488798,1.7247505343712222,0.8163310639160943,0.6188121094487414,0.1,2.4823135166144645,1.1971119394854888
2023-01,5,2023-06,2023-02-09T22:59:00+00:00,CORE_LEVELPHASE_FIXED080_R29B,0.4455809557640469,0.3387533875338855,9.703703703703706,9.634072730222696,2.1693417172650356,1.1545119746542023,0.7303920450288072,0.5,3.2100511163476764,1.695866090589396
2023-01,6,2023-07,2023-02-09T22:59:00+00:00,CORE_LEVELPHASE_FIXED080_R29B,0.5702022977870497,0.4726536124240565,8.771929824561415,8.808429669823626,2.7379245151175606,1.62605208717806,1.1226416592539745,1.0,4.326437923640517,2.690899175906204
2023-01,7,2023-08,2023-02-09T22:59:00+00:00,CORE_LEVELPHASE_FIXED080_R29B,0.26155812916331933,0.2016129032258007,8.515283842794778,8.616638198810143,2.999141176301461,1.8274620243481785,0.5658951879560804,0.2,4.89073793994814,2.89069944217351
2023-01,8,2023-09,2023-02-09T22:59:00+00:00,CORE_LEVELPHASE_FIXED080_R29B,-0.06282695490290863,-0.7377598926894713,6.859205776173314,7.686280434679708,2.9362944769969364,1.0869672236904104,-0.09081955198859189,-0.6,4.79987712201751,2.288892209617208
2023-01,9,2023-10,2023-02-09T22:59:00+00:00,CORE_LEVELPHASE_FIXED080_R29B,0.5540161039178251,0.0675675675675613,8.498168498168521,9.869442110950294,3.488781556459306,1.1545119746542079,0.8950718039587882,0.3,5.690966901981806,2.588443107597056
2023-01,10,2023-11,2023-02-09T22:59:00+00:00,CORE_LEVELPHASE_FIXED080_R29B,0.29547178444940725,0.0675219446319985,7.313540912382349,8.917387980480795,3.7838176809888067,1.2220111334775423,0.4190748991374359,0.1,6.109166127895779,2.688393140905409
2023-01,11,2023-12,2023-02-09T22:59:00+00:00,CORE_LEVELPHASE_FIXED080_R29B,0.2575875294752399,-0.4048582995951344,6.879073135409149,9.197945589348679,4.041074022398197,0.8163310639161105,0.5458287244355772,0.0,6.653510605862102,2.688393140905409
2023-01,12,2024-01,2023-02-09T22:59:00+00:00,CORE_LEVELPHASE_FIXED080_R29B,1.2075289253056174,1.4905149051490652,2.3224043715847307,5.381161928819075,5.2413704817088576,2.2958469555908225,0.9333002686196478,0.2,7.58248253760264,2.888193407172715
2023-01,1,2023-02,2023-02-09T22:59:00+00:00,CORE_LEVELPHASE_PANEL_R29B,0.3968772681458807,0.6147540983606703,16.719492868462766,15.217602700967578,0.3960917878918475,0.6128721941373546,0.5398898755210962,0.7,0.5384376945730943,0.6975613736425241
2023-01,2,2023-03,2023-02-09T22:59:00+00:00,CORE_LEVELPHASE_PANEL_R29B,0.10208468595677622,0.1357773251866811,14.964925954793449,13.447428256282903,0.49812440286774107,0.748557425266335,0.1320336817831653,0.2,0.6703842885390394,0.8973616399098298
2023-01,3,2023-04,2023-02-09T22:59:00+00:00,CORE_LEVELPHASE_PANEL_R29B,0.39520947874751367,-0.2033898305084824,12.71056661562021,11.889961642271542,0.8925549804744366,0.5449604767564618,0.5974900246845548,0.2,1.2660964198842686,1.0971619061771354
2023-01,4,2023-05,2023-02-09T22:59:00+00:00,CORE_LEVELPHASE_PANEL_R29B,0.38418395451143605,0.2717391304347893,11.0609480812641,10.375990479776398,1.2760028331524156,0.8163310639160943,0.39851040703372453,0.1,1.6638148774987511,1.1971119394854888
2023-01,5,2023-06,2023-02-09T22:59:00+00:00,CORE_LEVELPHASE_PANEL_R29B,0.31842704015135564,0.3387533875338855,9.703703703703706,9.005030362954242,1.5939239680791302,1.1545119746542023,0.4981375582999382,0.5,2.160715835610186,1.695866090589396
2023-01,6,2023-07,2023-02-09T22:59:00+00:00,CORE_LEVELPHASE_PANEL_R29B,0.4572292510356312,0.4726536124240565,8.771929824561415,8.062598598888748,2.050111101544911,1.62605208717806,0.916289406073119,1.0,3.072832778827621,2.690899175906204
2023-01,7,2023-08,2023-02-09T22:59:00+00:00,CORE_LEVELPHASE_PANEL_R29B,0.16380616316081464,0.2016129032258007,8.515283842794778,7.766949735223265,2.2137832487412576,1.8274620243481785,0.3873451796354279,0.2,3.4594297086062094,2.89069944217351
2023-01,8,2023-09,2023-02-09T22:59:00+00:00,CORE_LEVELPHASE_PANEL_R29B,-0.14543297283087023,-0.7377598926894713,6.859205776173314,6.7555550408830465,2.0682444195166063,1.0869672236904104,-0.241704549923013,-0.6,3.2174325816929152,2.288892209617208
2023-01,9,2023-10,2023-02-09T22:59:00+00:00,CORE_LEVELPHASE_PANEL_R29B,0.48745572170616613,0.0675675675675613,8.498168498168521,8.847749763006647,2.5545159226213356,1.1545119746542079,0.7734951515013532,0.3,3.9879515964446064,2.588443107597056
2023-01,10,2023-11,2023-02-09T22:59:00+00:00,CORE_LEVELPHASE_PANEL_R29B,0.2460117838030952,0.0675219446319985,7.313540912382349,7.851336562980032,2.800225592824172,1.2220111334775423,0.32873315064807845,0.1,4.316145600916034,2.688393140905409
2023-01,11,2023-12,2023-02-09T22:59:00+00:00,CORE_LEVELPHASE_PANEL_R29B,0.22487779155329712,-0.4048582995951344,6.879073135409149,8.093870266803577,3.0248509127027714,0.8163310639161105,0.48608236620908796,0.0,4.80105040120987,2.688393140905409
2023-01,12,2024-01,2023-02-09T22:59:00+00:00,CORE_LEVELPHASE_PANEL_R29B,1.1746931344899518,1.4905149051490652,2.3224043715847307,4.281833029293171,4.192698087911703,2.2958469555908225,0.8733236669909699,0.2,5.670582655277922,2.888193407172715
2023-02,1,2023-03,2023-03-09T22:59:00+00:00,CORE_LEVELPHASE_FIXED040_R29B,0.021921315149224074,0.1357773251866811,14.964925954793449,14.738978005562183,0.02191891278001559,0.13568523112898034,0.07555083486927897,0.2,0.07552230959251738,0.19980026626730563
2023-02,2,2023-04,2023-03-09T22:59:00+00:00,CORE_LEVELPHASE_FIXED040_R29B,0.37244022755103623,-0.2033898305084824,12.71056661562021,13.138115195450908,0.39366729898047,-0.06791171738089281,0.5565278109795256,0.2,0.6305072263268048,0.39960053253461125
2023-02,3,2023-05,2023-03-09T22:59:00+00:00,CORE_LEVELPHASE_FIXED040_R29B,0.3579208101190563,0.2717391304347893,11.0609480812641,11.57805600482236,0.7509490968858161,0.20345886977873978,0.3677119621645129,0.1,0.9975447808019458,0.49955056584296453
2023-02,4,2023-06,2023-03-09T22:59:00+00:00,CORE_LEVELPHASE_FIXED040_R29B,0.30499408568634134,0.3387533875338855,9.703703703703706,10.177410171369916,1.055479019151809,0.5416397805168476,0.47702145348133906,0.5,1.473432092251642,0.998304716946872
2023-02,5,2023-07,2023-03-09T22:59:00+00:00,CORE_LEVELPHASE_FIXED040_R29B,0.4277568123167403,0.4726536124240565,8.771929824561415,9.19279758126194,1.4823235526474174,1.0131798930407054,0.8649019014218545,1.0,2.334615144724133,1.9933378022636803
2023-02,6,2023-08,2023-03-09T22:59:00+00:00,CORE_LEVELPHASE_FIXED040_R29B,0.1059924220726042,0.2016129032258007,8.515283842794778,8.831203830784078,1.5882598424128307,1.214589830210824,0.30927113433359243,0.2,2.6434090196489346,2.193138068530986
2023-02,7,2023-09,2023-03-09T22:59:00+00:00,CORE_LEVELPHASE_FIXED040_R29B,-0.20048375138500327,-0.7377598926894713,6.859205776173314,7.750384507015172,1.3875748533440913,0.4740950295530558,-0.3462625458058456,-0.6,2.296545597616085,1.5913308359746843
2023-02,8,2023-10,2023-03-09T22:59:00+00:00,CORE_LEVELPHASE_FIXED040_R29B,0.40588408012503563,0.0675675675675613,8.498168498168521,9.772894312925775,1.7926374461439192,0.5416397805168531,0.636215845351486,0.3,2.930746133254776,1.890881733954532
2023-02,9,2023-11,2023-03-09T22:59:00+00:00,CORE_LEVELPHASE_FIXED040_R29B,0.15730506629734106,0.0675219446319985,7.313540912382349,8.671764409589564,1.9498189176188148,0.6091389393401878,0.16115351743461456,0.1,3.0917699377477628,1.9908317672628855
2023-02,10,2023-12,2023-03-09T22:59:00+00:00,CORE_LEVELPHASE_FIXED040_R29B,0.1168545831761369,-0.4048582995951344,6.879073135409149,8.798752346920544,2.0666052789686202,0.203458869778756,0.2871951297621611,0.0,3.37855345020537,1.9908317672628855
2023-02,11,2024-01,2023-03-09T22:59:00+00:00,CORE_LEVELPHASE_FIXED040_R29B,1.0927385251790473,1.4905149051490652,2.3224043715847307,3.7520002690405794,3.153416557173984,1.6829747614534676,0.6319652014901189,0.2,4.008530125082871,2.190632033530191
2023-02,12,2024-02,2023-03-09T22:59:00+00:00,CORE_LEVELPHASE_FIXED040_R29B,0.33701979551634975,0.26702269692922,1.9687712152070571,3.551480287232526,3.4898697137441808,1.9496415861449752,0.5178478778542038,0.5,4.525041781890399,2.6893861846340985
2023-02,1,2023-03,2023-03-09T22:59:00+00:00,CORE_LEVELPHASE_FIXED060_R29B,0.0776882179617247,0.1357773251866811,14.964925954793449,14.80295035633398,0.07765805628604236,0.13568523112898034,0.1765965334672935,0.2,0.17644078512628514,0.19980026626730563
2023-02,2,2023-04,2023-03-09T22:59:00+00:00,CORE_LEVELPHASE_FIXED060_R29B,0.42847515383238644,-0.2033898305084824,12.71056661562021,13.264391825998864,0.505217869072333,-0.06791171738089281,0.6580591492183434,0.2,0.8323441773943404,0.39960053253461125
2023-02,3,2023-05,2023-03-09T22:59:00+00:00,CORE_LEVELPHASE_FIXED060_R29B,0.41480737514949584,0.2717391304347893,11.0609480812641,11.765908551531208,0.9191672901822009,0.20345886977873978,0.47078640981079045,0.1,1.3020258539193788,0.49955056584296453
2023-02,4,2023-06,2023-03-09T22:59:00+00:00,CORE_LEVELPHASE_FIXED060_R29B,0.36290051995721895,0.3387533875338855,9.703703703703706,10.42661749634719,1.2814109149734538,0.5416397805168476,0.5819438323319939,0.5,1.8822829339351022,0.998304716946872
2023-02,5,2023-07,2023-03-09T22:59:00+00:00,CORE_LEVELPHASE_FIXED060_R29B,0.48684841714177335,0.4726536124240565,8.771929824561415,9.504172107629618,1.7670780576680332,1.0131798930407054,0.9719717258103238,1.0,2.84956140148975,1.9933378022636803
2023-02,6,2023-08,2023-03-09T22:59:00+00:00,CORE_LEVELPHASE_FIXED060_R29B,0.1651064091554289,0.2016129032258007,8.515283842794778,9.20599684370479,1.9320483160335935,1.214589830210824,0.4163815137961414,0.2,3.2650784462893307,2.193138068530986
2023-02,7,2023-09,2023-03-09T22:59:00+00:00,CORE_LEVELPHASE_FIXED060_R29B,-0.14141045501355134,-0.7377598926894713,6.859205776173314,8.185454609039084,1.7905377820769206,0.4740950295530558,-0.23922589504526415,-0.6,3.0255659489238833,1.5913308359746843
2023-02,8,2023-10,2023-03-09T22:59:00+00:00,CORE_LEVELPHASE_FIXED060_R29B,0.46588881181035374,0.0675675675675613,8.498168498168521,10.28199837012838,2.2553446909708086,0.5416397805168531,0.744940191272491,0.3,3.7677451640225987,1.890881733954532
2023-02,9,2023-11,2023-03-09T22:59:00+00:00,CORE_LEVELPHASE_FIXED060_R29B,0.2172402563466219,0.0675219446319985,7.313540912382349,9.24109358306687,2.4723493218597357,0.6091389393401878,0.26975185881097674,0.1,4.0371338454787535,1.9908317672628855
2023-02,10,2023-12,2023-03-09T22:59:00+00:00,CORE_LEVELPHASE_FIXED060_R29B,0.17707918083327442,-0.4048582995951344,6.879073135409149,9.434536816717076,2.6492719023553954,0.203458869778756,0.39631785733249536,0.0,4.432668432402672,1.9908317672628855
2023-02,11,2024-01,2023-03-09T22:59:00+00:00,CORE_LEVELPHASE_FIXED060_R29B,1.1533848869593346,1.4905149051490652,2.3224043715847307,4.420898558320368,3.796056012252021,1.6829747614534676,0.7418521359343858,0.2,5.1717823792496285,2.190632033530191
2023-02,12,2024-02,2023-03-09T22:59:00+00:00,CORE_LEVELPHASE_FIXED060_R29B,0.39759738391552735,0.26702269692922,1.9687712152070571,4.282007157941356,4.192865066663176,1.9496415861449752,0.6276101997776259,0.5,5.797431308026613,2.6893861846340985
2023-02,1,2023-03,2023-03-09T22:59:00+00:00,CORE_LEVELPHASE_FIXED080_R29B,0.1335114282899605,0.1357773251866811,14.964925954793449,14.866987299614346,0.13342238103257179,0.13568523112898034,0.27774425731643076,0.2,0.27735926066005295,0.19980026626730563
2023-02,2,2023-04,2023-03-09T22:59:00+00:00,CORE_LEVELPHASE_FIXED080_R29B,0.48456665825120127,-0.2033898305084824,12.71056661562021,13.390866495148398,0.6168187939422074,-0.06791171738089281,0.7596930030557898,0.2,1.034181128461876,0.39960053253461125
2023-02,3,2023-05,2023-03-09T22:59:00+00:00,CORE_LEVELPHASE_FIXED080_R29B,0.4717523608727497,0.2717391304347893,11.0609480812641,11.954162907312583,1.0874618906502254,0.20345886977873978,0.5739667116361652,0.1,1.6065069270368117,0.49955056584296453
2023-02,4,2023-06,2023-03-09T22:59:00+00:00,CORE_LEVELPHASE_FIXED080_R29B,0.4208674225893853,0.3387533875338855,9.703703703703706,10.676502861554214,1.5074461434181956,0.5416397805168476,0.6869757755927441,0.5,2.2911337756185626,0.998304716946872
2023-02,5,2023-07,2023-03-09T22:59:00+00:00,CORE_LEVELPHASE_FIXED080_R29B,0.5460027487194445,0.4726536124240565,8.771929824561415,9.816578561873202,2.051963700800616,1.0131798930407054,1.0791552066548888,1.0,3.3645076582553672,1.9933378022636803
2023-02,6,2023-08,2023-03-09T22:59:00+00:00,CORE_LEVELPHASE_FIXED080_R29B,0.22428351823601503,0.2016129032258007,8.515283842794778,9.582255121904932,2.275996078994251,1.214589830210824,0.5236062658711008,0.2,3.886747872929728,2.193138068530986
2023-02,7,2023-09,2023-03-09T22:59:00+00:00,CORE_LEVELPHASE_FIXED080_R29B,-0.0822737088613433,-0.7377598926894713,6.859205776173314,8.622485407770206,2.1936885067420064,0.4740950295530558,-0.13207427775258118,-0.6,3.7545863002316824,1.5913308359746843
2023-02,8,2023-10,2023-03-09T22:59:00+00:00,CORE_LEVELPHASE_FIXED080_R29B,0.5259583708060973,0.0675675675675613,8.498168498168521,10.793703538721434,2.7182685473586456,0.5416397805168531,0.8537819997122985,0.3,4.604744194790422,1.890881733954532
2023-02,9,2023-11,2023-03-09T22:59:00+00:00,CORE_LEVELPHASE_FIXED080_R29B,0.27724043029435896,0.0675219446319985,7.313540912382349,9.81367521653979,2.995125375209205,0.6091389393401878,0.37846794643262005,0.1,4.982497753209746,1.9908317672628855
2023-02,10,2023-12,2023-03-09T22:59:00+00:00,CORE_LEVELPHASE_FIXED080_R29B,0.23736930901357267,-0.4048582995951344,6.879073135409149,10.0743391786037,3.232213408299013,0.203458869778756,0.5055593215935605,0.0,5.4867834145999765,1.9908317672628855
2023-02,11,2024-01,2023-03-09T22:59:00+00:00,CORE_LEVELPHASE_FIXED080_R29B,1.214097472655332,1.4905149051490652,2.3224043715847307,5.094429165324315,4.438999833596911,1.6829747614534676,0.851859063447827,0.2,6.335034633416388,2.190632033530191
2023-02,12,2024-02,2023-03-09T22:59:00+00:00,CORE_LEVELPHASE_FIXED080_R29B,0.4582411211320503,0.26702269692922,1.9687712152070571,5.01803824936015,4.8961942265779035,1.9496415861449752,0.7374923786972768,0.5,7.069820834162828,2.6893861846340985
2023-02,1,2023-03,2023-03-09T22:59:00+00:00,CORE_LEVELPHASE_PANEL_R29B,0.035695541308177925,0.1357773251866811,14.964925954793449,14.754778948110726,0.03568917196550066,0.13568523112898034,0.10050876214664872,0.2,0.10045828590950358,0.19980026626730563
2023-02,2,2023-04,2023-03-09T22:59:00+00:00,CORE_LEVELPHASE_PANEL_R29B,0.3862806545511638,-0.2033898305084824,12.71056661562021,13.169298523245935,0.4212256785138452,-0.06791171738089281,0.5816056895166357,0.2,0.6803791789607772,0.39960053253461125
2023-02,3,2023-05,2023-03-09T22:59:00+00:00,CORE_LEVELPHASE_PANEL_R29B,0.36758396013557093,0.2717391304347893,11.0609480812641,11.619555809190668,0.7881356998330917,0.20345886977873978,0.38522090913542595,0.1,1.0648600123607972,0.49955056584296453
2023-02,4,2023-06,2023-03-09T22:59:00+00:00,CORE_LEVELPHASE_PANEL_R29B,0.3105122612916419,0.3387533875338855,9.703703703703706,10.22445257706227,1.0981668674486322,0.5416397805168476,0.48701999887122444,0.5,1.5506979053432657,0.998304716946872
2023-02,5,2023-07,2023-03-09T22:59:00+00:00,CORE_LEVELPHASE_PANEL_R29B,0.42912506248273774,0.4726536124240565,8.771929824561415,9.240907889527794,1.5263738139750989,1.0131798930407054,0.867381074316661,1.0,2.414338841956422,1.9933378022636803
2023-02,6,2023-08,2023-03-09T22:59:00+00:00,CORE_LEVELPHASE_PANEL_R29B,0.12135593417812915,0.2016129032258007,8.515283842794778,8.895864771820145,1.6476561713599471,1.214589830210824,0.33710873576613665,0.2,2.750880639997682,2.193138068530986
2023-02,7,2023-09,2023-03-09T22:59:00+00:00,CORE_LEVELPHASE_PANEL_R29B,-0.17130583402630245,-0.7377598926894713,6.859205776173314,7.845924482721964,1.47620344110461,0.4740950295530558,-0.2933942154081931,-0.6,2.457055180057085,1.5913308359746843
2023-02,8,2023-10,2023-03-09T22:59:00+00:00,CORE_LEVELPHASE_PANEL_R29B,0.44940520722218047,0.0675675675675613,8.498168498168521,9.91785107042274,1.9246018384358137,0.5416397805168531,0.7150730611823464,0.3,3.169583716763821,1.890881733954532
2023-02,9,2023-11,2023-03-09T22:59:00+00:00,CORE_LEVELPHASE_PANEL_R29B,0.21643766749983243,0.0675219446319985,7.313540912382349,8.879511346997186,2.1408056170377323,0.6091389393401878,0.2682976243704613,0.1,3.4375220655331975,1.9908317672628855
2023-02,10,2023-12,2023-03-09T22:59:00+00:00,CORE_LEVELPHASE_PANEL_R29B,0.1919029473262236,-0.4048582995951344,6.879073135409149,9.088454338306464,2.332524665891467,0.203458869778756,0.4231774777451629,0.0,3.8598066654755394,1.9908317672628855
2023-02,11,2024-01,2023-03-09T22:59:00+00:00,CORE_LEVELPHASE_PANEL_R29B,1.1839452483801507,1.4905149051490652,2.3224043715847307,4.122119288030817,3.509516114822127,1.6829747614534676,0.797225357566518,0.2,4.6538709710461195,2.190632033530191
2023-02,12,2024-02,2023-03-09T22:59:00+00:00,CORE_LEVELPHASE_PANEL_R29B,0.4281230896814757,0.26702269692922,1.9687712152070571,4.015241328278397,3.936725364914446,1.9496415861449752,0.6829206278049518,0.5,5.334470258546727,2.6893861846340985
2023-03,1,2023-04,2023-04-12T21:59:00+00:00,CORE_LEVELPHASE_FIXED040_R29B,0.3332414449920894,-0.2033898305084824,12.71056661562021,13.494142998023232,0.33268742616116687,-0.20359694850987314,0.5473025261711928,0.2,0.5458102681964273,0.19980026626730563
2023-03,2,2023-05,2023-04-12T21:59:00+00:00,CORE_LEVELPHASE_FIXED040_R29B,0.3518720695062155,0.2717391304347893,11.0609480812641,11.922428387669578,0.6839418743015718,0.06777363864975944,0.3643176468797918,0.1,0.9094658857762401,0.2997502995756589
2023-03,3,2023-06,2023-04-12T21:59:00+00:00,CORE_LEVELPHASE_FIXED040_R29B,0.3009079954652469,0.3387533875338855,9.703703703703706,10.5129575157095,0.9843980478101563,0.4059545493878673,0.47485856663394216,0.5,1.3832005556609368,0.7985044506795662
2023-03,4,2023-07,2023-04-12T21:59:00+00:00,CORE_LEVELPHASE_FIXED040_R29B,0.42459192679457824,0.4726536124240565,8.771929824561415,9.521894682285966,1.408091126476093,0.8774946619117253,0.8638711987472807,1.0,2.243361738363694,1.7935375359963746
2023-03,5,2023-08,2023-04-12T21:59:00+00:00,CORE_LEVELPHASE_FIXED040_R29B,0.10236975523766387,0.2016129032258007,8.515283842794778,9.155260833796008,1.5104085196120765,1.0789045990818438,0.30599750243192253,0.2,2.548892021315456,1.9933378022636803
2023-03,6,2023-09,2023-04-12T21:59:00+00:00,CORE_LEVELPHASE_FIXED040_R29B,-0.2175948628273048,-0.7377598926894713,6.859205776173314,8.052693914632272,1.2925765751824343,0.33840979842407565,-0.3489963925050182,-0.6,2.1992852157737337,1.3915305697073785
2023-03,7,2023-10,2023-04-12T21:59:00+00:00,CORE_LEVELPHASE_FIXED040_R29B,0.4036779584098093,0.0675675675675613,8.498168498168521,10.078459465535254,1.6954419402278467,0.4059545493878729,0.6339277871428474,0.3,2.8312121323177664,1.6910814676872263
2023-03,8,2023-11,2023-04-12T21:59:00+00:00,CORE_LEVELPHASE_FIXED040_R29B,0.15507631448115208,0.0675219446319985,7.313540912382349,8.971839492392418,1.8503981355606305,0.47345370821120736,0.15858052885106938,0.1,2.98966705502191,1.7910315009955797
2023-03,9,2023-12,2023-04-12T21:59:00+00:00,CORE_LEVELPHASE_FIXED040_R29B,0.11486871380802433,-0.4048582995951344,6.879073135409149,9.097014042830272,1.9652009257405147,0.06777363864977556,0.28491374487876675,0.0,3.2741756899840437,1.7910315009955797
2023-03,10,2024-01,2023-04-12T21:59:00+00:00,CORE_LEVELPHASE_FIXED040_R29B,1.0909536717186321,1.4905149051490652,2.3224043715847307,4.034589935812996,3.0502466278590363,1.5472895303244871,0.6299458395465712,0.2,3.9021456643058654,1.9908317672628852
2023-03,11,2024-02,2023-04-12T21:59:00+00:00,CORE_LEVELPHASE_FIXED040_R29B,0.3198610895331932,0.26702269692922,1.9687712152070571,3.729673688457137,3.3695972500438707,1.813956355015995,0.46664558655452004,0.5,4.367705835727831,2.4895859183667928
2023-03,12,2024-03,2023-04-12T21:59:00+00:00,CORE_LEVELPHASE_FIXED040_R29B,0.09193525513907522,0.1331557922769732,1.9661016949152728,3.522097123357108,3.461490270610917,1.9470235735865122,0.09775481164749124,0.1,4.4654128984746855,2.589535951675146
2023-03,1,2023-04,2023-04-12T21:59:00+00:00,CORE_LEVELPHASE_FIXED060_R29B,0.3882954027315071,-0.2033898305084824,12.71056661562021,13.556418487804054,0.3875434819532743,-0.20359694850987314,0.6470563489830518,0.2,0.6449719261510438,0.19980026626730563
2023-03,2,2023-05,2023-04-12T21:59:00+00:00,CORE_LEVELPHASE_FIXED060_R29B,0.4068258351812182,0.2717391304347893,11.0609480812641,12.045165017644035,0.7935440184286657,0.06777363864975944,0.46388992885696423,0.1,1.1077892016854731,0.2997502995756589
2023-03,3,2023-06,2023-04-12T21:59:00+00:00,CORE_LEVELPHASE_FIXED060_R29B,0.35674384384161884,0.3387533875338855,9.703703703703706,10.695736680115182,1.1496530407627998,0.4059545493878673,0.5760291192007474,0.5,1.6821656168225778,0.7985044506795662
2023-03,4,2023-07,2023-04-12T21:59:00+00:00,CORE_LEVELPHASE_FIXED060_R29B,0.4814687069878878,0.4726536124240565,8.771929824561415,9.765166459407537,1.6299663941316243,0.8774946619117253,0.96692784510806,1.0,2.6444486320755343,1.7935375359963746
2023-03,5,2023-08,2023-04-12T21:59:00+00:00,CORE_LEVELPHASE_FIXED060_R29B,0.15975215278274862,0.2016129032258007,8.515283842794778,9.460429074627516,1.7895910788999867,1.0789045990818438,0.4099702911699367,0.2,3.0535808348752873,1.9933378022636803
2023-03,6,2023-09,2023-04-12T21:59:00+00:00,CORE_LEVELPHASE_FIXED060_R29B,-0.16029074320222142,-0.7377598926894713,6.859205776173314,8.417006835717626,1.6291717326417483,0.33840979842407565,-0.245165437743752,-0.6,2.8081143745693766,1.3915305697073785
2023-03,7,2023-10,2023-04-12T21:59:00+00:00,CORE_LEVELPHASE_FIXED060_R29B,0.4618466588698133,0.0675675675675613,8.498168498168521,10.513591293639221,2.089955152263121,0.4059545493878729,0.7393253003670204,0.3,3.544720061737042,1.6910814676872263
2023-03,8,2023-11,2023-04-12T21:59:00+00:00,CORE_LEVELPHASE_FIXED060_R29B,0.2132681931731731,0.0675219446319985,7.313540912382349,9.466161787869417,2.3029962516470928,0.47345370821120736,0.2640200393692546,0.1,3.808392180452639,1.7910315009955797
2023-03,9,2023-12,2023-04-12T21:59:00+00:00,CORE_LEVELPHASE_FIXED060_R29B,0.17331751761825476,-0.4048582995951344,6.879073135409149,9.655885822112136,2.4761637477731187,0.06777363864977556,0.39081878528381475,0.0,4.1984492530875395,1.7910315009955797
2023-03,10,2024-01,2023-04-12T21:59:00+00:00,CORE_LEVELPHASE_FIXED060_R29B,1.1497877275933814,1.4905149051490652,2.3224043715847307,4.628385803806234,3.6193916510914264,1.5472895303244871,0.7365489290612546,0.2,4.932298906743441,1.9908317672628852
2023-03,11,2024-02,2023-04-12T21:59:00+00:00,CORE_LEVELPHASE_FIXED060_R29B,0.3787835303236201,0.26702269692922,1.9687712152070571,4.383002113788091,3.9974596030269773,1.813956355015995,0.5734088231972172,0.5,5.504069999160798,2.4895859183667928
2023-03,12,2024-03,2023-04-12T21:59:00+00:00,CORE_LEVELPHASE_FIXED060_R29B,0.1506413460681557,0.1331557922769732,1.9661016949152728,4.235218533293968,4.147987598840029,1.9470235735865122,0.2041260378585992,0.1,5.707987982903045,2.589535951675146
2023-03,1,2023-04,2023-04-12T21:59:00+00:00,CORE_LEVELPHASE_FIXED080_R29B,0.44340397996451075,-0.2033898305084824,12.71056661562021,13.618755761621024,0.44242384076669977,-0.20359694850987314,0.7469091383998374,0.2,0.74413358410566,0.19980026626730563
2023-03,2,2023-05,2023-04-12T21:59:00+00:00,CORE_LEVELPHASE_FIXED080_R29B,0.46183412094841875,0.2717391304347893,11.0609480812641,12.16809077670725,0.9031947801056626,0.06777363864975944,0.5635609973308775,0.1,1.3061125175947055,0.2997502995756589
2023-03,3,2023-06,2023-04-12T21:59:00+00:00,CORE_LEVELPHASE_FIXED080_R29B,0.4126359146771599,0.3387533875338855,9.703703703703706,10.87889981244092,1.3149816875302998,0.4059545493878673,0.6773015428311471,0.5,1.9811306779842184,0.7985044506795662
2023-03,4,2023-07,2023-04-12T21:59:00+00:00,CORE_LEVELPHASE_FIXED080_R29B,0.5384036004595484,0.4726536124240565,8.771929824561415,10.009087961691803,1.851941077274084,0.8774946619117253,1.0700897885611769,1.0,3.0455355257873746,1.7935375359963746
2023-03,5,2023-08,2023-04-12T21:59:00+00:00,CORE_LEVELPHASE_FIXED080_R29B,0.21719403039927276,0.2016129032258007,8.515283842794778,9.766588726944168,2.068899582408708,1.0789045990818438,0.5140508535313347,0.2,3.558269648435119,1.9933378022636803
2023-03,6,2023-09,2023-04-12T21:59:00+00:00,CORE_LEVELPHASE_FIXED080_R29B,-0.10292691578457153,-0.7377598926894713,6.859205776173314,8.782714270195017,1.9659196604993372,0.33840979842407565,-0.14122629674475234,-0.6,3.4169435333650204,1.3915305697073785
2023-03,7,2023-10,2023-04-12T21:59:00+00:00,CORE_LEVELPHASE_FIXED080_R29B,0.5200762814910684,0.0675675675675613,8.498168498168521,10.950642711490808,2.4846482160798455,0.4059545493878729,0.8448332001778858,0.3,4.258227991156319,1.6910814676872263
2023-03,8,2023-11,2023-04-12T21:59:00+00:00,CORE_LEVELPHASE_FIXED080_R29B,0.2715213319506808,0.0675219446319985,7.313540912382349,9.962954320087501,2.7558015947592662,0.47345370821120736,0.36957054876861023,0.1,4.6271173058833694,1.7910315009955797
2023-03,9,2023-12,2023-04-12T21:59:00+00:00,CORE_LEVELPHASE_FIXED080_R29B,0.23182804579656813,-0.4048582995951344,6.879073135409149,10.217879288187936,2.987361333935064,0.06777363864977556,0.49683566581679794,0.0,5.122722816191036,1.7910315009955797
2023-03,10,2024-01,2023-04-12T21:59:00+00:00,CORE_LEVELPHASE_FIXED080_R29B,1.2086841097674506,1.4905149051490652,2.3224043715847307,5.225847099337171,4.188799188437863,1.5472895303244871,0.8432649493601027,0.2,5.962452149181017,1.9908317672628852
2023-03,11,2024-02,2023-04-12T21:59:00+00:00,CORE_LEVELPHASE_FIXED080_R29B,0.43776858642734795,0.26702269692922,1.9687712152070571,5.04075048418978,4.625612355524551,1.813956355015995,0.6802855142966836,0.5,6.640434162593767,2.4895859183667928
2023-03,12,2024-03,2023-04-12T21:59:00+00:00,CORE_LEVELPHASE_FIXED080_R29B,0.20940982240128395,0.1331557922769732,1.9661016949152728,4.953586405673388,4.834803221181913,1.9470235735865122,0.3106103019473994,0.1,6.950563067331406,2.589535951675146
2023-03,1,2023-04,2023-04-12T21:59:00+00:00,CORE_LEVELPHASE_PANEL_R29B,0.3468303790474174,-0.2033898305084824,12.71056661562021,13.509514418328749,0.3462303095701509,-0.20359694850987314,0.571924700046018,0.2,0.570295419951852,0.19980026626730563
2023-03,2,2023-05,2023-04-12T21:59:00+00:00,CORE_LEVELPHASE_PANEL_R29B,0.36543627321676714,0.2717391304347893,11.0609480812641,11.952717141445127,0.7110004867158886,0.06777363864975944,0.3888950111436064,0.1,0.9584361892870894,0.2997502995756589
2023-03,3,2023-06,2023-04-12T21:59:00+00:00,CORE_LEVELPHASE_PANEL_R29B,0.31040518877501716,0.3387533875338855,9.703703703703706,10.553331808224598,1.020924913201954,0.4059545493878673,0.4920667997480256,0.5,1.4492962972256034,0.7985044506795662
2023-03,4,2023-07,2023-04-12T21:59:00+00:00,CORE_LEVELPHASE_PANEL_R29B,0.4300284381272077,0.4726536124240565,8.771929824561415,9.567838066740544,1.450031371280403,0.8774946619117253,0.8737217673613786,1.0,2.3192232042805703,1.7935375359963746
2023-03,5,2023-08,2023-04-12T21:59:00+00:00,CORE_LEVELPHASE_PANEL_R29B,0.10370170752651398,0.2016129032258007,8.515283842794778,9.202503437306413,1.553679345731067,1.0789045990818438,0.30841090444826247,0.2,2.6271594978829347,1.9933378022636803
2023-03,6,2023-09,2023-04-12T21:59:00+00:00,CORE_LEVELPHASE_PANEL_R29B,-0.20271203653867656,-0.7377598926894713,6.859205776173314,8.115582663399168,1.350761570258194,0.33840979842407565,-0.3220297787047439,-0.6,2.3046100874070756,1.3915305697073785
2023-03,7,2023-10,2023-04-12T21:59:00+00:00,CORE_LEVELPHASE_PANEL_R29B,0.4324042786012128,0.0675675675675613,8.498168498168521,10.174039934145359,1.7822336677864714,0.4059545493878729,0.6859778190038319,0.3,2.988245783432233,1.6910814676872263
2023-03,8,2023-11,2023-04-12T21:59:00+00:00,CORE_LEVELPHASE_PANEL_R29B,0.19730230391015963,0.0675219446319985,7.313540912382349,9.112442172108068,1.9793415863435144,0.47345370821120736,0.23509099313946666,0.1,3.223060870032762,1.7910315009955797
2023-03,9,2023-12,2023-04-12T21:59:00+00:00,CORE_LEVELPHASE_PANEL_R29B,0.17253631394756674,-0.4048582995951344,6.879073135409149,9.300700757889993,2.151729227378205,0.06777363864977556,0.38940330026247194,0.0,3.6117079581515945,1.7910315009955797
2023-03,10,2024-01,2023-04-12T21:59:00+00:00,CORE_LEVELPHASE_PANEL_R29B,1.1642652618452485,1.4905149051490652,2.3224043715847307,4.304412172655022,3.309269072020069,1.5472895303244871,0.7627811827595087,0.2,4.371594674890428,1.9908317672628852
2023-03,11,2024-02,2023-04-12T21:59:00+00:00,CORE_LEVELPHASE_PANEL_R29B,0.4084785139996964,0.26702269692922,1.9687712152070571,4.0905722267629026,3.7169155774855946,1.813956355015995,0.6272140038173832,0.5,4.996849877989718,2.4895859183667928
2023-03,12,2024-03,2023-04-12T21:59:00+00:00,CORE_LEVELPHASE_PANEL_R29B,0.18022729648772012,0.1331557922769732,1.9661016949152728,3.973908991231747,3.8969806594553007,1.9470235735865122,0.2577336580381123,0.1,5.254251972413898,2.589535951675146
2023-04,1,2023-05,2023-05-10T21:59:00+00:00,CORE_LEVELPHASE_FIXED040_R29B,0.20975624074744972,0.2717391304347893,11.0609480812641,11.845878531198224,0.20953655948791794,0.2713705871596326,0.3437253710991258,0.1,0.343135985637534,0.09995003330835331
2023-04,2,2023-06,2023-05-10T21:59:00+00:00,CORE_LEVELPHASE_FIXED040_R29B,0.23197406431962939,0.3387533875338855,9.703703703703706,10.361471242001471,0.44124197935172416,0.6095514978977404,0.4604628561182399,0.5,0.8025419546861594,0.5987041844122607
2023-04,3,2023-07,2023-05-10T21:59:00+00:00,CORE_LEVELPHASE_FIXED040_R29B,0.3691903499412343,0.4726536124240565,8.771929824561415,9.31142941830273,0.8097524944631208,1.0810916104215984,0.8508713286110682,1.0,1.6498137769075454,1.593737269729069
2023-04,4,2023-08,2023-05-10T21:59:00+00:00,CORE_LEVELPHASE_FIXED040_R29B,0.0556163791742392,0.2016129032258007,8.515283842794778,8.894616510218722,0.8653534134611923,1.282501547591717,0.2942321713925709,0.2,1.9436139326585833,1.7935375359963746
2023-04,5,2023-09,2023-05-10T21:59:00+00:00,CORE_LEVELPHASE_FIXED040_R29B,-0.2588086793446196,-0.7377598926894713,6.859205776173314,7.750159151853153,0.606209245479897,0.5420067469339487,-0.36256790038834846,-0.6,1.5803871618076286,1.1917303034400728
2023-04,6,2023-10,2023-05-10T21:59:00+00:00,CORE_LEVELPHASE_FIXED040_R29B,0.3591789577964869,0.0675675675675613,8.498168498168521,9.72160252378651,0.9647446960923636,0.609551497897746,0.6209581427078239,0.3,2.199425303609071,1.4912812014199206
2023-04,7,2023-11,2023-05-10T21:59:00+00:00,CORE_LEVELPHASE_FIXED040_R29B,0.131937903754038,0.0675219446319985,7.313540912382349,8.593476340953055,1.0965956382759445,0.6770506567210806,0.14626078060553044,0.1,2.3455792273153517,1.591231234728274
2023-04,8,2023-12,2023-05-10T21:59:00+00:00,CORE_LEVELPHASE_FIXED040_R29B,0.09491429379897129,-0.4048582995951344,6.879073135409149,8.696547072133825,1.191464916940692,0.2713705871596488,0.27242954536071157,0.0,2.617638355987294,1.591231234728274
2023-04,9,2024-01,2023-05-10T21:59:00+00:00,CORE_LEVELPHASE_FIXED040_R29B,1.0736450895874379,1.4905149051490652,2.3224043715847307,3.6349586169539996,2.259387361793067,1.7508864788343605,0.6177968354936698,0.2,3.2335346504693607,1.7910315009955795
2023-04,10,2024-02,2023-05-10T21:59:00+00:00,CORE_LEVELPHASE_FIXED040_R29B,0.3050318831533791,0.26702269692922,1.9687712152070571,3.3159393116503275,2.563954966589487,2.017553303525868,0.4548200706305368,0.5,3.6873235401131863,2.289785652099487
2023-04,11,2024-03,2023-05-10T21:59:00+00:00,CORE_LEVELPHASE_FIXED040_R29B,0.05026741449443506,0.1331557922769732,1.9661016949152728,3.227713734542807,2.6142097512514053,2.150620522096385,0.031528925103117326,0.1,3.718847495895201,2.38973568540784
2023-04,12,2024-04,2023-05-10T21:59:00+00:00,CORE_LEVELPHASE_FIXED040_R29B,0.372397411613635,0.6648936170212671,2.853260869565235,3.0309409602754265,2.9859154803774315,2.8133134708572713,0.5564933325145622,0.1,4.273798124978925,2.4896857187161934
2023-04,1,2023-05,2023-05-10T21:59:00+00:00,CORE_LEVELPHASE_FIXED060_R29B,0.2602940660149376,0.2717391304347893,11.0609480812641,11.902284690420075,0.25995588772249406,0.2713705871596326,0.43529670345425253,0.1,0.4343520277899353,0.09995003330835331
2023-04,2,2023-06,2023-05-10T21:59:00+00:00,CORE_LEVELPHASE_FIXED060_R29B,0.2825706840817231,0.3387533875338855,9.703703703703706,10.472866821345297,0.5421280913295445,0.6095514978977404,0.5521407203666111,0.5,0.984974038990962,0.5987041844122607
2023-04,3,2023-07,2023-05-10T21:59:00+00:00,CORE_LEVELPHASE_FIXED060_R29B,0.42080095369627896,0.4726536124240565,8.771929824561415,9.478030623524798,0.9620461537559947,1.0810916104215984,0.9443864675092654,1.0,1.9249290556677296,1.593737269729069
2023-04,4,2023-08,2023-05-10T21:59:00+00:00,CORE_LEVELPHASE_FIXED060_R29B,0.10775497839068392,0.2016129032258007,8.515283842794778,9.117413504814792,1.0697431181414176,1.282501547591717,0.3887040045612864,0.2,2.3128795581771295,1.7935375359963746
2023-04,5,2023-09,2023-05-10T21:59:00+00:00,CORE_LEVELPHASE_FIXED060_R29B,-0.20620397669516988,-0.7377598926894713,6.859205776173314,8.027559600671424,0.8633262483331676,0.5420067469339487,-0.2672515173770218,-0.6,2.045270286387517,1.1917303034400728
2023-04,6,2023-10,2023-05-10T21:59:00+00:00,CORE_LEVELPHASE_FIXED060_R29B,0.41259959520774037,0.0675675675675613,8.498168498168521,10.062632975018888,1.2750769855331543,0.609551497897746,0.7177529477299468,0.3,2.760459647152434,1.4912812014199206
2023-04,7,2023-11,2023-05-10T21:59:00+00:00,CORE_LEVELPHASE_FIXED060_R29B,0.18540179286107475,0.0675219446319985,7.313540912382349,8.989162426003395,1.4603071214075873,0.6770506567210806,0.2431339549557464,0.1,3.003298509724321,1.591231234728274
2023-04,8,2023-12,2023-05-10T21:59:00+00:00,CORE_LEVELPHASE_FIXED060_R29B,0.1487411857999557,-0.4048582995951344,6.879073135409149,9.151274198589274,1.6089377970749261,0.2713705871596488,0.36996045791932136,0.0,3.372576297164002,1.591231234728274
2023-04,9,2024-01,2023-05-10T21:59:00+00:00,CORE_LEVELPHASE_FIXED060_R29B,1.1278398873753355,1.4905149051490652,2.3224043715847307,4.124311433665383,2.730464990766607,1.7508864788343605,0.715994369991599,0.2,4.086019597239675,1.7910315009955795
2023-04,10,2024-02,2023-05-10T21:59:00+00:00,CORE_LEVELPHASE_FIXED060_R29B,0.35932111368694813,0.26702269692922,1.9687712152070571,3.859968655263357,3.089142088402552,2.017553303525868,0.553188711271109,0.5,4.6376838393029765,2.289785652099487
2023-04,11,2024-03,2023-05-10T21:59:00+00:00,CORE_LEVELPHASE_FIXED060_R29B,0.1045093321154774,0.1331557922769732,1.9661016949152728,3.827537761260885,3.1935968475347973,2.150620522096385,0.1298118377485742,0.1,4.767411494330335,2.38973568540784
2023-04,12,2024-04,2023-05-10T21:59:00+00:00,CORE_LEVELPHASE_FIXED060_R29B,0.4269239902455284,0.6648936170212671,2.853260869565235,3.685917643920835,3.619612102800106,2.8133134708572713,0.6552920328476615,0.1,5.420565822659404,2.4896857187161934
2023-04,1,2023-05,2023-05-10T21:59:00+00:00,CORE_LEVELPHASE_FIXED080_R29B,0.3108780109174796,0.2717391304347893,11.0609480812641,11.958742324581028,0.31039578439478005,0.2713705871596326,0.5269516016614373,0.1,0.525568069942337,0.09995003330835331
2023-04,2,2023-06,2023-05-10T21:59:00+00:00,CORE_LEVELPHASE_FIXED080_R29B,0.3332134771333489,0.3387533875338855,9.703703703703706,10.584420325946981,0.6430553355842669,0.6095514978977404,0.6439022476855496,0.5,1.1674061232957653,0.5987041844122607
2023-04,3,2023-07,2023-05-10T21:59:00+00:00,CORE_LEVELPHASE_FIXED080_R29B,0.4724594139816163,0.4726536124240565,8.771929824561415,9.644954108724251,1.1144021630468306,1.0810916104215984,1.037988319403473,1.0,2.200044334427915,1.593737269729069
2023-04,4,2023-08,2023-05-10T21:59:00+00:00,CORE_LEVELPHASE_FIXED080_R29B,0.1599426893949173,0.2016129032258007,8.515283842794778,9.340758466993186,1.274217080345568,1.282501547591717,0.4832648251729389,0.2,2.6821451836956767,1.7935375359963746
2023-04,5,2023-09,2023-05-10T21:59:00+00:00,CORE_LEVELPHASE_FIXED080_R29B,-0.15354895068952484,-0.7377598926894713,6.859205776173314,8.305789958625024,1.120550122440056,0.5420067469339487,-0.17184395163768898,-0.6,2.5101534109674066,1.1917303034400728
2023-04,6,2023-10,2023-05-10T21:59:00+00:00,CORE_LEVELPHASE_FIXED080_R29B,0.46607162191480084,0.0675675675675613,8.498168498168521,10.404866613230961,1.5855389935305528,0.609551497897746,0.8146408668950099,0.3,3.3214939906957976,1.4912812014199206
2023-04,7,2023-11,2023-05-10T21:59:00+00:00,CORE_LEVELPHASE_FIXED080_R29B,0.2389173984936267,0.0675219446319985,7.313540912382349,9.386457466330727,1.8241714381869452,0.6770506567210806,0.3401008363683684,0.1,3.661017792133291,1.591231234728274
2023-04,8,2023-12,2023-05-10T21:59:00+00:00,CORE_LEVELPHASE_FIXED080_R29B,0.20262043302880134,-0.4048582995951344,6.879073135409149,9.608096780123873,2.026586872881977,0.2713705871596488,0.46758623482845724,0.0,4.12751423834071,1.591231234728274
2023-04,9,2024-01,2023-05-10T21:59:00+00:00,CORE_LEVELPHASE_FIXED080_R29B,1.1820875763583572,1.4905149051490652,2.3224043715847307,4.616183890546674,3.201742369409049,1.7508864788343605,0.8142877399787234,0.2,4.93850454400999,1.7910315009955795
2023-04,10,2024-02,2023-05-10T21:59:00+00:00,CORE_LEVELPHASE_FIXED080_R29B,0.41366350600812735,0.26702269692922,1.9687712152070571,4.40709596326668,3.6145526401421177,2.017553303525868,0.6516536776972899,0.5,5.588044138492767,2.289785652099487
2023-04,11,2024-03,2023-05-10T21:59:00+00:00,CORE_LEVELPHASE_FIXED080_R29B,0.15880454347009113,0.1331557922769732,1.9661016949152728,4.431105413767828,3.773231222534053,2.150620522096385,0.22819131525734843,0.1,5.815975492765469,2.38973568540784
2023-04,12,2024-04,2023-05-10T21:59:00+00:00,CORE_LEVELPHASE_FIXED080_R29B,0.48150414229594407,0.6648936170212671,2.853260869565235,4.3453409682357345,4.253579841412293,2.8133134708572713,0.7541878048154608,0.1,6.567333520339881,2.4896857187161934
2023-04,1,2023-05,2023-05-10T21:59:00+00:00,CORE_LEVELPHASE_PANEL_R29B,0.22253546347663777,0.2717391304347893,11.0609480812641,11.860141647352886,0.22228822004904406,0.2713705871596326,0.36688051174043657,0.1,0.366209146761419,0.09995003330835331
2023-04,2,2023-06,2023-05-10T21:59:00+00:00,CORE_LEVELPHASE_PANEL_R29B,0.24476815409024322,0.3387533875338855,9.703703703703706,10.389633923317886,0.4667573048112397,0.6095514978977404,0.48364493489518134,0.5,0.8486882769339296,0.5987041844122607
2023-04,3,2023-07,2023-05-10T21:59:00+00:00,CORE_LEVELPHASE_PANEL_R29B,0.37814940644369205,0.4726536124240565,8.771929824561415,9.349083883658816,0.8441935237643687,1.0810916104215984,0.8671045704696706,1.0,1.7120550870425302,1.593737269729069
2023-04,4,2023-08,2023-05-10T21:59:00+00:00,CORE_LEVELPHASE_PANEL_R29B,0.060662944469054514,0.2016129032258007,8.515283842794778,8.937621671414457,0.9048380757071878,1.282501547591717,0.30337622746181125,0.2,2.0149720574441123,1.7935375359963746
2023-04,5,2023-09,2023-05-10T21:59:00+00:00,CORE_LEVELPHASE_PANEL_R29B,-0.25763263916694407,-0.7377598926894713,6.859205776173314,7.793983313701306,0.6468729925441724,0.5420067469339487,-0.3604369902155637,-0.6,1.653883928007031,1.1917303034400728
2023-04,6,2023-10,2023-05-10T21:59:00+00:00,CORE_LEVELPHASE_PANEL_R29B,0.3730316602290914,0.0675675675675613,8.498168498168521,9.781379680591659,1.0192106151268925,0.609551497897746,0.646058360450845,0.3,2.2978642767425677,1.4912812014199206
2023-04,7,2023-11,2023-05-10T21:59:00+00:00,CORE_LEVELPHASE_PANEL_R29B,0.15833343222175,0.0675219446319985,7.313540912382349,8.681280535139866,1.1774188321241308,0.6770506567210806,0.1940878031814509,0.1,2.491763972903163,1.591231234728274
2023-04,8,2023-12,2023-05-10T21:59:00+00:00,CORE_LEVELPHASE_PANEL_R29B,0.1339700185921741,-0.4048582995951344,6.879073135409149,8.826880866879005,1.311299190956095,0.2713705871596488,0.3431960402876215,0.0,2.834372439549641,1.591231234728274
2023-04,9,2024-01,2023-05-10T21:59:00+00:00,CORE_LEVELPHASE_PANEL_R29B,1.12711883389259,1.4905149051490652,2.3224043715847307,3.8141178270782365,2.4321133702551423,1.7508864788343605,0.7146878668374796,0.2,3.546518516044845,1.7910315009955795
2023-04,10,2024-02,2023-05-10T21:59:00+00:00,CORE_LEVELPHASE_PANEL_R29B,0.3726830426603295,0.26702269692922,1.9687712152070571,3.564349357988376,2.804103670286765,2.017553303525868,0.5773996786495224,0.5,4.1222576317404105,2.289785652099487
2023-04,11,2024-03,2023-05-10T21:59:00+00:00,CORE_LEVELPHASE_PANEL_R29B,0.13184108497808572,0.1331557922769732,1.9661016949152728,3.5602783439411576,2.9358579212199953,2.150620522096385,0.17933523951711458,0.1,4.301432257612769,2.38973568540784
2023-04,12,2024-04,2023-05-10T21:59:00+00:00,CORE_LEVELPHASE_PANEL_R29B,0.4543991798585215,0.6648936170212671,2.853260869565235,3.447316546456132,3.3892278248425862,2.8133134708572713,0.705075332905689,0.1,5.004033556786836,2.4896857187161934
2023-05,1,2023-06,2023-06-11T21:59:00+00:00,CORE_LEVELPHASE_FIXED040_R29B,0.12518149925715388,0.3387533875338855,9.703703703703706,9.423519712872528,0.12510321254521475,0.33818091073810785,0.3728390738623644,0.5,0.3721457517701123,0.49875415110390736
2023-05,2,2023-07,2023-06-11T21:59:00+00:00,CORE_LEVELPHASE_FIXED040_R29B,0.29183019764855256,0.4726536124240565,8.771929824561415,8.298865710583481,0.4165084125194012,0.8097210232619657,0.7753947433604805,1.0,1.1445497601431274,1.4937872364207156
2023-05,3,2023-08,2023-06-11T21:59:00+00:00,CORE_LEVELPHASE_FIXED040_R29B,-0.0028050818434897373,0.2016129032258007,8.515283842794778,7.8229202936172975,0.41370329133275496,1.0111309604320842,0.22257632674185907,0.2,1.366878752715738,1.6935875026880214
2023-05,4,2023-09,2023-06-11T21:59:00+00:00,CORE_LEVELPHASE_FIXED040_R29B,-0.31746335994022207,-0.7377598926894713,6.859205776173314,6.626985318819332,0.09573494742540775,0.27063615977431604,-0.43164555588832654,-0.6,0.9342989179129073,1.0917802701317196
2023-05,5,2023-10,2023-06-11T21:59:00+00:00,CORE_LEVELPHASE_FIXED040_R29B,0.30706255685325295,0.0675675675675613,8.498168498168521,8.521494256216306,0.4023270300636166,0.33818091073811335,0.5494841955710303,0.3,1.4822789566317667,1.3913311681115674
2023-05,6,2023-11,2023-06-11T21:59:00+00:00,CORE_LEVELPHASE_FIXED040_R29B,0.07403901076053339,0.0675219446319985,7.313540912382349,7.343602468096096,0.47633864546991017,0.4056800695614479,0.07730885814156174,0.1,1.5595579468682923,1.4912812014199208
2023-05,7,2023-12,2023-06-11T21:59:00+00:00,CORE_LEVELPHASE_FIXED040_R29B,0.04878019764874214,-0.4048582995951344,6.879073135409149,7.395964889543312,0.5251069494479192,1.6132928326584306e-14,0.2049224260747236,0.0,1.7642706933442907,1.4912812014199208
2023-05,8,2024-01,2023-06-11T21:59:00+00:00,CORE_LEVELPHASE_FIXED040_R29B,1.030818480414087,1.4905149051490652,2.3224043715847307,2.35155317996394,1.5506487273344391,1.4795158916747277,0.550448078547655,0.2,2.31320934300422,1.6910814676872263
2023-05,9,2024-02,2023-06-11T21:59:00+00:00,CORE_LEVELPHASE_FIXED040_R29B,0.265249030354691,0.26702269692922,1.9687712152070571,1.996014999950004,1.8155465932849941,1.7461827163662353,0.3885896020733489,0.5,2.701045885925977,2.189835618791134
2023-05,10,2024-03,2023-06-11T21:59:00+00:00,CORE_LEVELPHASE_FIXED040_R29B,0.01284279442065088,0.1331557922769732,1.9661016949152728,1.8707966955740916,1.8283885630894041,1.8792499349367526,-0.033752559970977945,0.1,2.667287628496415,2.289785652099487
2023-05,11,2024-04,2023-06-11T21:59:00+00:00,CORE_LEVELPHASE_FIXED040_R29B,0.23241996955527533,0.6648936170212671,2.853260869565235,2.3156644267007556,2.0605388552087507,2.5419428836976383,0.40615707921698857,0.1,3.072622116437965,2.38973568540784
2023-05,12,2024-05,2023-06-11T21:59:00+00:00,CORE_LEVELPHASE_FIXED040_R29B,0.3327970742614123,0.0,2.574525745257463,2.4216401474874014,2.3927833855675615,2.5419428836976383,0.2998635182493675,0.1,3.3720369407951907,2.4896857187161934
2023-05,1,2023-06,2023-06-11T21:59:00+00:00,CORE_LEVELPHASE_FIXED060_R29B,0.1532646064847032,0.3387533875338855,9.703703703703706,9.454210817660542,0.15314727615531126,0.33818091073810785,0.42372392104867074,0.5,0.42282873908484647,0.49875415110390736
2023-05,2,2023-07,2023-06-11T21:59:00+00:00,CORE_LEVELPHASE_FIXED060_R29B,0.32002593508698246,0.4726536124240565,8.771929824561415,8.35969672301496,0.47266221816332155,0.8097210232619657,0.8264836694979791,1.0,1.2459157347725958,1.4937872364207156
2023-05,3,2023-08,2023-06-11T21:59:00+00:00,CORE_LEVELPHASE_FIXED060_R29B,0.02660061445027565,0.2016129032258007,8.515283842794778,7.9152087490848135,0.49925929527743973,1.0111309604320842,0.27585762322344365,0.2,1.52139356914526,1.6935875026880214
2023-05,4,2023-09,2023-06-11T21:59:00+00:00,CORE_LEVELPHASE_FIXED060_R29B,-0.2868938585972378,-0.7377598926894713,6.859205776173314,6.750977275854053,0.2119531074293323,0.27063615977431604,-0.37625551689458653,-0.6,1.1444284306278023,1.0917802701317196
2023-05,5,2023-10,2023-06-11T21:59:00+00:00,CORE_LEVELPHASE_FIXED060_R29B,0.3393024343660845,0.0675675675675613,8.498168498168521,8.682609910284208,0.5506812098670524,0.33818091073811335,0.6079008525047875,0.3,1.7504890201173542,1.3913311681115674
2023-05,6,2023-11,2023-06-11T21:59:00+00:00,CORE_LEVELPHASE_FIXED060_R29B,0.10662322933642669,0.0675219446319985,7.313540912382349,7.537972460189947,0.6572476370109442,0.4056800695614479,0.13634943970844074,0.1,1.8867455883874562,1.4912812014199208
2023-05,7,2023-12,2023-06-11T21:59:00+00:00,CORE_LEVELPHASE_FIXED060_R29B,0.08190234049136647,-0.4048582995951344,6.879073135409149,7.626048576551805,0.7391164558375243,1.6132928326584306e-14,0.2649376930241219,0.0,2.1513329401599153,1.4912812014199208
2023-05,8,2024-01,2023-06-11T21:59:00+00:00,CORE_LEVELPHASE_FIXED060_R29B,1.06455292527826,1.4905149051490652,2.3224043715847307,2.6050784449270283,1.7980429123961472,1.4795158916747277,0.6115727987546974,0.2,2.761043222379189,1.6910814676872263
2023-05,9,2024-02,2023-06-11T21:59:00+00:00,CORE_LEVELPHASE_FIXED060_R29B,0.2992351085256825,0.26702269692922,1.9687712152070571,2.283317973582692,2.096831203804831,1.7461827163662353,0.4501702662135428,0.5,3.210203252968764,2.189835618791134
2023-05,10,2024-03,2023-06-11T21:59:00+00:00,CORE_LEVELPHASE_FIXED060_R29B,0.04699054170599684,0.1331557922769732,1.9661016949152728,2.1926270432360377,2.143810708413238,1.8792499349367526,0.02812103856967288,0.1,3.2383203383154933,2.289785652099487
2023-05,11,2024-04,2023-06-11T21:59:00+00:00,CORE_LEVELPHASE_FIXED060_R29B,0.26702398016167717,0.6648936170212671,2.853260869565235,2.674335019370274,2.410478812919798,2.5419428836976383,0.46885739857526565,0.1,3.7060820241418084,2.38973568540784
2023-05,12,2024-05,2023-06-11T21:59:00+00:00,CORE_LEVELPHASE_FIXED060_R29B,0.3673644518204183,0.0,2.574525745257463,2.8160929817649962,2.777170129607002,2.5419428836976383,0.36249746079956563,0.1,4.067924046383799,2.4896857187161934
2023-05,1,2023-06,2023-06-11T21:59:00+00:00,CORE_LEVELPHASE_FIXED080_R29B,0.18136195067748107,0.3387533875338855,9.703703703703706,9.484917481559876,0.18119768846782447,0.33818091073810785,0.47463456473228705,0.5,0.47351172639958056,0.49875415110390736
2023-05,2,2023-07,2023-06-11T21:59:00+00:00,CORE_LEVELPHASE_FIXED080_R29B,0.348235966589465,0.4726536124240565,8.771929824561415,8.420575666665908,0.5288287176148581,0.8097210232619657,0.877598495592313,1.0,1.3472817094020642,1.4937872364207156
2023-05,3,2023-08,2023-06-11T21:59:00+00:00,CORE_LEVELPHASE_FIXED080_R29B,0.056021943685039904,0.2016129032258007,8.515283842794778,8.007597447842917,0.5848349748673163,1.0111309604320842,0.32916724562378624,0.2,1.6759083855747818,1.6935875026880214
2023-05,4,2023-09,2023-06-11T21:59:00+00:00,CORE_LEVELPHASE_FIXED080_R29B,-0.25630735139048433,-0.7377598926894713,6.859205776173314,6.875142622967359,0.32819859384661265,0.27063615977431604,-0.32083466433124536,-0.6,1.354557943342697,1.0917802701317196
2023-05,5,2023-10,2023-06-11T21:59:00+00:00,CORE_LEVELPHASE_FIXED080_R29B,0.3715610424162162,0.0675675675675613,8.498168498168521,8.844003581332444,0.6990710533650604,0.33818091073811335,0.6663514480095338,0.3,2.0186990836029413,1.3913311681115674
2023-05,6,2023-11,2023-06-11T21:59:00+00:00,CORE_LEVELPHASE_FIXED080_R29B,0.13922667096334496,0.0675219446319985,7.313540912382349,7.732742091560156,0.8382008938643356,0.4056800695614479,0.19542485225060802,0.1,2.21393322990662,1.4912812014199208
2023-05,7,2023-12,2023-06-11T21:59:00+00:00,CORE_LEVELPHASE_FIXED080_R29B,0.11504432102456034,-0.4048582995951344,6.879073135409149,7.856682493220532,0.953179089620614,1.6132928326584306e-14,0.32498890463751273,0.0,2.5383951869755395,1.4912812014199208
2023-05,8,2024-01,2023-06-11T21:59:00+00:00,CORE_LEVELPHASE_FIXED080_R29B,1.098307877345962,1.4905149051490652,2.3224043715847307,2.859295743763773,2.0454993676233637,1.4795158916747277,0.6727346767416583,0.2,3.208877101754158,1.6910814676872263
2023-05,9,2024-02,2023-06-11T21:59:00+00:00,CORE_LEVELPHASE_FIXED080_R29B,0.3332420345367881,0.26702269692922,1.9687712152070571,2.571503631287003,2.3781873813711454,1.7461827163662353,0.5117887053460041,0.5,3.7193606200115514,2.189835618791134
2023-05,10,2024-03,2023-06-11T21:59:00+00:00,CORE_LEVELPHASE_FIXED080_R29B,0.08115942456520608,0.1331557922769732,1.9661016949152728,2.5155571919465873,2.4593138894840374,1.8792499349367526,0.09003293345828525,0.1,3.8093530481345725,2.289785652099487
2023-05,11,2024-04,2023-06-11T21:59:00+00:00,CORE_LEVELPHASE_FIXED080_R29B,0.30164959982651945,0.6648936170212671,2.853260869565235,3.0343563627477192,2.7605094397684375,2.5419428836976383,0.531596872206169,0.1,4.339541931845653,2.38973568540784
2023-05,12,2024-05,2023-06-11T21:59:00+00:00,CORE_LEVELPHASE_FIXED080_R29B,0.4019534155617401,0.0,2.574525745257463,3.212168487431042,3.1616571808246103,2.5419428836976383,0.425170516172272,0.1,4.7638111519724085,2.4896857187161934
2023-05,1,2023-06,2023-06-11T21:59:00+00:00,CORE_LEVELPHASE_PANEL_R29B,0.1323565948198646,0.3387533875338855,9.703703703703706,9.431361138965261,0.1322690806908726,0.33818091073810785,0.3858399016659742,0.5,0.38509744869113877,0.49875415110390736
2023-05,2,2023-07,2023-06-11T21:59:00+00:00,CORE_LEVELPHASE_PANEL_R29B,0.29903406967534074,0.4726536124240565,8.771929824561415,8.314406110210742,0.4308569328323928,0.8097210232619657,0.7884477123308522,1.0,1.1704531539851806,1.4937872364207156
2023-05,3,2023-08,2023-06-11T21:59:00+00:00,CORE_LEVELPHASE_PANEL_R29B,0.002202908365407763,0.2016129032258007,8.515283842794778,7.8437930848464985,0.43305981693413054,1.0111309604320842,0.2316504941559364,0.2,1.4018357520259195,1.6935875026880214
2023-05,4,2023-09,2023-06-11T21:59:00+00:00,CORE_LEVELPHASE_PANEL_R29B,-0.31463026466277905,-0.7377598926894713,6.859205776173314,6.650657647533224,0.11793355059999036,0.27063615977431604,-0.4265121630949709,-0.6,0.9744114312383189,1.0917802701317196
2023-05,5,2023-10,2023-06-11T21:59:00+00:00,CORE_LEVELPHASE_PANEL_R29B,0.3077603400545816,0.0675675675675613,8.498168498168521,8.546342280394809,0.425221277948052,0.33818091073811335,0.5507485354206445,0.3,1.5236488925195102,1.3913311681115674
2023-05,6,2023-11,2023-06-11T21:59:00+00:00,CORE_LEVELPHASE_PANEL_R29B,0.08257173486130842,0.0675219446319985,7.313540912382349,7.377335444561818,0.507758941106811,0.4056800695614479,0.09276962458854936,0.1,1.6163755126864665,1.4912812014199208
2023-05,7,2023-12,2023-06-11T21:59:00+00:00,CORE_LEVELPHASE_PANEL_R29B,0.0651731285648966,-0.4048582995951344,6.879073135409149,7.447316613440663,0.5729108412112733,1.6132928326584306e-14,0.23462539939050753,0.0,1.8507260964609946,1.4912812014199208
2023-05,8,2024-01,2023-06-11T21:59:00+00:00,CORE_LEVELPHASE_PANEL_R29B,1.0551454473181263,1.4905149051490652,2.3224043715847307,2.4251496697799935,1.622528479240408,1.4795158916747277,0.5945270326102607,0.2,2.4434927907875528,1.6910814676872263
2023-05,9,2024-02,2023-06-11T21:59:00+00:00,CORE_LEVELPHASE_PANEL_R29B,0.29877142987666994,0.26702269692922,1.9687712152070571,2.103481417419204,1.9208544742813316,1.7461827163662353,0.44933010928192607,0.5,2.8918164261346795,2.189835618791134
2023-05,10,2024-03,2023-06-11T21:59:00+00:00,CORE_LEVELPHASE_PANEL_R29B,0.05542143651354465,0.1331557922769732,1.9661016949152728,2.0215465065903437,1.97626055878869,1.8792499349367526,0.04339729665784637,0.1,2.9352043088892277,2.289785652099487
2023-05,11,2024-04,2023-06-11T21:59:00+00:00,CORE_LEVELPHASE_PANEL_R29B,0.2844252686102043,0.6648936170212671,2.853260869565235,2.5202373011657326,2.2602821040780294,2.5419428836976383,0.5003874531512603,0.1,3.4343439847736295,2.38973568540784
2023-05,12,2024-05,2023-06-11T21:59:00+00:00,CORE_LEVELPHASE_PANEL_R29B,0.3847473186405471,0.0,2.574525745257463,2.6795627502202164,2.6442911632390436,2.5419428836976383,0.3939941365283275,0.1,3.8275639970737063,2.4896857187161934
2023-06,1,2023-07,2023-07-12T21:59:00+00:00,CORE_LEVELPHASE_FIXED040_R29B,0.25413135080568916,0.4726536124240565,8.771929824561415,8.206838000035585,0.25380898313108813,0.4715401125238579,0.7244724434679604,1.0,0.7218607482830564,0.9950330853168083
2023-06,2,2023-08,2023-07-12T21:59:00+00:00,CORE_LEVELPHASE_FIXED040_R29B,-0.06451201264346776,0.2016129032258007,8.515283842794778,7.66481747927272,0.18927615253487542,0.6729500496939764,0.18342995249780303,0.2,0.9051226734870383,1.1948333515841139
2023-06,3,2023-09,2023-07-12T21:59:00+00:00,CORE_LEVELPHASE_FIXED040_R29B,-0.3709979574617353,-0.7377598926894713,6.859205776173314,6.413455974284552,-0.1824117092315743,-0.0675447509637917,-0.46778548351689403,-0.6,0.4362396495831927,0.5930261190278122
2023-06,4,2023-10,2023-07-12T21:59:00+00:00,CORE_LEVELPHASE_FIXED040_R29B,0.2619232738499588,0.0675675675675613,8.498168498168521,8.255432931175939,0.07916914340171141,5.594483210025203e-15,0.5151103018922251,0.3,0.9500277967861915,0.8925770170076601
2023-06,5,2023-11,2023-07-12T21:59:00+00:00,CORE_LEVELPHASE_FIXED040_R29B,0.031293921923636614,0.0675219446319985,7.313540912382349,7.034691210720842,0.11045816979890939,0.0674991588233402,0.03997783910149053,0.1,0.9899976468787371,0.9925270503160134
2023-06,6,2023-12,2023-07-12T21:59:00+00:00,CORE_LEVELPHASE_FIXED040_R29B,0.006556240264673746,-0.4048582995951344,6.879073135409149,7.0417086622431695,0.11701419515154447,-0.33818091073809164,0.16903538178197222,0.0,1.158890324650119,0.9925270503160134
2023-06,7,2024-01,2023-07-12T21:59:00+00:00,CORE_LEVELPHASE_FIXED040_R29B,1.0037860158933716,1.4905149051490652,2.3224043715847307,1.9866409303421595,1.1157957408001973,1.14133498093662,0.515598187220922,0.2,1.673163855735376,1.192327316583319
2023-06,8,2024-02,2023-07-12T21:59:00+00:00,CORE_LEVELPHASE_FIXED040_R29B,0.240111905395181,0.26702269692922,1.9687712152070571,1.6068904737244865,1.3556198381752966,1.4080018056281278,0.35364742304994184,0.5,2.026187416701638,1.6910814676872263
2023-06,9,2024-03,2023-07-12T21:59:00+00:00,CORE_LEVELPHASE_FIXED040_R29B,-0.010272505561885074,0.1331557922769732,1.9661016949152728,1.4586949980117014,1.345346804955423,1.5410690241986449,-0.0678045723314437,0.1,1.9583598466738015,1.7910315009955797
2023-06,10,2024-04,2023-07-12T21:59:00+00:00,CORE_LEVELPHASE_FIXED040_R29B,0.21068887000299716,0.6648936170212671,2.853260869565235,1.879670064289159,1.5558140372148126,2.203761972959531,0.3725299488990786,0.1,2.3301976212638764,1.8909815343039331
2023-06,11,2024-05,2023-07-12T21:59:00+00:00,CORE_LEVELPHASE_FIXED040_R29B,0.3105642714351804,0.0,2.574525745257463,1.9191177949221538,1.8658970539624957,2.203761972959531,0.22949952084484534,0.1,2.5594341941910086,1.9909315676122865
2023-06,12,2024-06,2023-07-12T21:59:00+00:00,CORE_LEVELPHASE_FIXED040_R29B,0.2504690011699951,-0.264200792602387,1.958136394328148,2.1386000595283954,2.1160529043179044,1.9392115541171144,0.3743417357102498,0.1,2.9330770149031142,2.09088160092064
2023-06,1,2023-07,2023-07-12T21:59:00+00:00,CORE_LEVELPHASE_FIXED060_R29B,0.27186701548774694,0.4726536124240565,8.771929824561415,8.225980554753448,0.27149812555930064,0.4715401125238579,0.7566087095803137,1.0,0.7537607819745185,0.9950330853168083
2023-06,2,2023-08,2023-07-12T21:59:00+00:00,CORE_LEVELPHASE_FIXED060_R29B,-0.04687161525808375,0.2016129032258007,8.515283842794778,7.702872270806936,0.2246155221259414,0.6729500496939764,0.21539359834175384,0.2,0.9689227408699626,1.1948333515841139
2023-06,3,2023-09,2023-07-12T21:59:00+00:00,CORE_LEVELPHASE_FIXED060_R29B,-0.3520258606322272,-0.7377598926894713,6.859205776173314,6.471339669946569,-0.1280314075164576,-0.0675447509637917,-0.4334088552172397,-0.6,0.534571946857793,0.5930261190278122
2023-06,4,2023-10,2023-07-12T21:59:00+00:00,CORE_LEVELPHASE_FIXED060_R29B,0.2825434106618842,0.0675675675675613,8.498168498168521,8.336594785957507,0.15411359951659048,5.594483210025203e-15,0.5524731081777734,0.3,1.0855245201526817,0.8925770170076601
2023-06,5,2023-11,2023-07-12T21:59:00+00:00,CORE_LEVELPHASE_FIXED060_R29B,0.053270409121714685,0.0675219446319985,7.313540912382349,7.138470580634998,0.20736982499276563,0.0674991588233402,0.07979829429574263,0.1,1.1652909925373314,0.9925270503160134
2023-06,6,2023-12,2023-07-12T21:59:00+00:00,CORE_LEVELPHASE_FIXED060_R29B,0.029090640567103525,-0.4048582995951344,6.879073135409149,7.169637848020704,0.23645623505346053,-0.33818091073809164,0.20986675166763444,0.0,1.374937831566279,0.9925270503160134
2023-06,7,2024-01,2023-07-12T21:59:00+00:00,CORE_LEVELPHASE_FIXED060_R29B,1.0269297796396153,1.4905149051490652,2.3224043715847307,2.1319255345881585,1.2581489145426776,1.14133498093662,0.5575336976133313,0.2,1.9309230628745635,1.192327316583319
2023-06,8,2024-02,2023-07-12T21:59:00+00:00,CORE_LEVELPHASE_FIXED060_R29B,0.2637489281719403,0.26702269692922,1.9687712152070571,1.7756275519987954,1.5215506355984292,1.4080018056281278,0.3964766977162668,0.5,2.3266158630293146,1.6910814676872263
2023-06,9,2024-03,2023-07-12T21:59:00+00:00,CORE_LEVELPHASE_FIXED060_R29B,0.013590276952366587,0.1331557922769732,1.9661016949152728,1.651439536037333,1.5351399891563178,1.5410690241986449,-0.02456623067318077,0.1,2.302046614363405,1.7910315009955797
2023-06,10,2024-04,2023-07-12T21:59:00+00:00,CORE_LEVELPHASE_FIXED060_R29B,0.23498326136724443,0.6648936170212671,2.853260869565235,2.097960272236185,1.7698475966005462,2.203761972959531,0.4165503473400195,0.1,2.7177317924888436,1.8909815343039331
2023-06,11,2024-05,2023-07-12T21:59:00+00:00,CORE_LEVELPHASE_FIXED060_R29B,0.3351500415954173,0.0,2.574525745257463,2.162526068587662,2.1044372621619956,2.203761972959531,0.2740478852061667,0.1,2.991404851124777,1.9909315676122865
2023-06,12,2024-06,2023-07-12T21:59:00+00:00,CORE_LEVELPHASE_FIXED060_R29B,0.27509030036530857,-0.264200792602387,1.958136394328148,2.4076774409843167,2.3791498816442957,1.9392115541171144,0.4189544771640795,0.1,3.409484157545684,2.09088160092064
2023-06,1,2023-07,2023-07-12T21:59:00+00:00,CORE_LEVELPHASE_FIXED080_R29B,0.2896083387553113,0.4726536124240565,8.771929824561415,8.2451292169268,0.2891897817285655,0.4715401125238579,0.7887552288076709,1.0,0.7856608156659806,0.9950330853168083
2023-06,2,2023-08,2023-07-12T21:59:00+00:00,CORE_LEVELPHASE_FIXED080_R29B,-0.029225589682340923,0.2016129032258007,8.515283842794778,7.740945931140838,0.25995992053849404,0.6729500496939764,0.24736744222600052,0.2,1.0327228082528865,1.1948333515841139
2023-06,3,2023-09,2023-07-12T21:59:00+00:00,CORE_LEVELPHASE_FIXED080_R29B,-0.3330472111833089,-0.7377598926894713,6.859205776173314,6.529263350887909,-0.07364312734474834,-0.0675447509637917,-0.39902035385137263,-0.6,0.6329042441323931,0.5930261190278122
2023-06,4,2023-10,2023-07-12T21:59:00+00:00,CORE_LEVELPHASE_FIXED080_R29B,0.30317121225351246,0.0675675675675613,8.498168498168521,8.41782984090919,0.22906944772585822,5.594483210025203e-15,0.5898498027164343,0.3,1.221021243519172,0.8925770170076601
2023-06,5,2023-11,2023-07-12T21:59:00+00:00,CORE_LEVELPHASE_FIXED080_R29B,0.07525564395991327,0.0675219446319985,7.313540912382349,7.242366990948837,0.3042967888248091,0.0674991588233402,0.1196345998398862,0.1,1.340584338195926,0.9925270503160134
2023-06,6,2023-12,2023-07-12T21:59:00+00:00,CORE_LEVELPHASE_FIXED080_R29B,0.051634226446996334,-0.4048582995951344,6.879073135409149,7.297740757568065,0.3559176893920475,-0.33818091073809164,0.25071476542692867,0.0,1.5909853384824393,0.9925270503160134
2023-06,7,2024-01,2023-07-12T21:59:00+00:00,CORE_LEVELPHASE_FIXED080_R29B,1.0500831990568453,1.4905149051490652,2.3224043715847307,2.277441365372132,1.4005258100561497,1.14133498093662,0.599486703668738,0.2,2.1886822700137514,1.192327316583319
2023-06,8,2024-02,2023-07-12T21:59:00+00:00,CORE_LEVELPHASE_FIXED080_R29B,0.28739603883854514,0.26702269692922,1.9687712152070571,1.9446736213340672,1.6875096560407639,1.4080018056281278,0.43932425120768237,0.5,2.6270443093569913,1.6910814676872263
2023-06,9,2024-03,2023-07-12T21:59:00+00:00,CORE_LEVELPHASE_FIXED080_R29B,0.03746338433878636,0.1331557922769732,1.9661016949152728,1.8445836946376588,1.7249660246058958,1.5410690241986449,0.018690819212009026,0.1,2.6457333820530082,1.7910315009955797
2023-06,10,2024-04,2023-07-12T21:59:00+00:00,CORE_LEVELPHASE_FIXED080_R29B,0.2592883075270646,0.6648936170212671,2.853260869565235,2.316756669980319,1.983918759941998,2.203761972959531,0.4605900518149908,0.1,3.1052659637138116,1.8909815343039331
2023-06,11,2024-05,2023-07-12T21:59:00+00:00,CORE_LEVELPHASE_FIXED080_R29B,0.3597467392356121,0.0,2.574525745257463,2.4065591723889708,2.3430199583404843,2.203761972959531,0.31861604969396534,0.1,3.423375508058547,1.9909315676122865
2023-06,12,2024-06,2023-07-12T21:59:00+00:00,CORE_LEVELPHASE_FIXED080_R29B,0.29972254283194294,-0.264200792602387,1.958136394328148,2.677512326990213,2.6422942286515196,1.9392115541171144,0.46358704735766115,0.1,3.8858913001882556,2.09088160092064
2023-06,1,2023-07,2023-07-12T21:59:00+00:00,CORE_LEVELPHASE_PANEL_R29B,0.25871084606515754,0.4726536124240565,8.771929824561415,8.211780765934472,0.2583767656332865,0.4715401125238579,0.7327702930809731,1.0,0.7300985753325973,0.9950330853168083
2023-06,2,2023-08,2023-07-12T21:59:00+00:00,CORE_LEVELPHASE_PANEL_R29B,-0.05995711618767106,0.2016129032258007,8.515283842794778,7.6746428971227685,0.19840166797890252,0.6729500496939764,0.19168323013028893,0.2,0.9215983275861199,1.1948333515841139
2023-06,3,2023-09,2023-07-12T21:59:00+00:00,CORE_LEVELPHASE_PANEL_R29B,-0.36782793766180394,-0.7377598926894713,6.859205776173314,6.426553391934592,-0.17010442010339694,-0.0675447509637917,-0.4620415431741855,-0.6,0.45848607311348655,0.5930261190278122
2023-06,4,2023-10,2023-07-12T21:59:00+00:00,CORE_LEVELPHASE_PANEL_R29B,0.2637559795810359,0.0675675675675613,8.498168498168521,8.270736124292625,0.09330433381210998,5.594483210025203e-15,0.5184310863192735,0.3,0.9755779321293692,0.8925770170076601
2023-06,5,2023-11,2023-07-12T21:59:00+00:00,CORE_LEVELPHASE_PANEL_R29B,0.03175584903288603,0.0675219446319985,7.313540912382349,7.050316174924812,0.12505514174245871,0.0674991588233402,0.040814831273673774,0.1,1.01638443641647,0.9925270503160134
2023-06,6,2023-12,2023-07-12T21:59:00+00:00,CORE_LEVELPHASE_PANEL_R29B,0.012506314168170385,-0.4048582995951344,6.879073135409149,7.06370422378367,0.13756067393635552,-0.33818091073809164,0.17981666129862753,0.0,1.196039621102285,0.9925270503160134
2023-06,7,2024-01,2023-07-12T21:59:00+00:00,CORE_LEVELPHASE_PANEL_R29B,1.015263758938628,1.4905149051490652,2.3224043715847307,2.0191895597129914,1.1477052500223845,1.14133498093662,0.5363953668859569,0.2,1.7310015118218534,1.192327316583319
2023-06,8,2024-02,2023-07-12T21:59:00+00:00,CORE_LEVELPHASE_PANEL_R29B,0.25706991145050334,0.26702269692922,1.9687712152070571,1.6565126223800533,1.4044453019681082,1.4080018056281278,0.38437460497958503,0.5,2.1146392851423044,1.6910814676872263
2023-06,9,2024-03,2023-07-12T21:59:00+00:00,CORE_LEVELPHASE_PANEL_R29B,0.013258075444376557,0.1331557922769732,1.9661016949152728,1.532132705525097,1.4177024986073368,1.5410690241986449,-0.025168165602323433,0.1,2.089467951825667,1.7910315009955797
2023-06,10,2024-04,2023-07-12T21:59:00+00:00,CORE_LEVELPHASE_PANEL_R29B,0.24099700591222295,0.6648936170212671,2.853260869565235,1.984247693914241,1.658409572460224,2.203761972959531,0.42744699533679026,0.1,2.516003987483951,1.8909815343039331
2023-06,11,2024-05,2023-07-12T21:59:00+00:00,CORE_LEVELPHASE_PANEL_R29B,0.34749438204331506,0.0,2.574525745257463,2.0612967449345767,2.0053015878326597,2.203761972959531,0.29641530231325985,0.1,2.8119808458363016,1.9909315676122865
2023-06,12,2024-06,2023-07-12T21:59:00+00:00,CORE_LEVELPHASE_PANEL_R29B,0.2874524796891868,-0.264200792602387,1.958136394328148,2.318817785852401,2.2923417129081556,1.9392115541171144,0.441354217551745,0.1,3.252363951973626,2.09088160092064
2023-07,1,2023-08,2023-08-09T21:59:00+00:00,CORE_LEVELPHASE_FIXED040_R29B,-0.009885597075992396,0.2016129032258007,8.515283842794778,8.193033682592048,-0.00988608573334487,0.20140993717011857,0.19145170321678845,0.2,0.19126866802222992,0.19980026626730563
2023-07,2,2023-09,2023-08-09T21:59:00+00:00,CORE_LEVELPHASE_FIXED040_R29B,-0.35921000787410107,-0.7377598926894713,6.859205776173314,6.948185298535675,-0.36974280191468356,-0.5390848634876496,-0.45339497310747984,-0.6,-0.2631572574645306,-0.402006966288996
2023-07,3,2023-10,2023-08-09T21:59:00+00:00,CORE_LEVELPHASE_FIXED040_R29B,0.27276251293610343,0.0675675675675613,8.498168498168521,8.811180440270547,-0.09735161085622875,-0.47154011252385236,0.5307727768720573,0.3,0.266211885252196,-0.10245606830914811
2023-07,4,2023-11,2023-08-09T21:59:00+00:00,CORE_LEVELPHASE_FIXED040_R29B,0.04398356909640805,0.0675219446319985,7.313540912382349,7.597819617357435,-0.05337771169622145,-0.40404095370051774,0.056922334598807925,0.1,0.32311802523540045,-0.0025060350007947985
2023-07,5,2023-12,2023-08-09T21:59:00+00:00,CORE_LEVELPHASE_FIXED040_R29B,0.0161685200103215,-0.4048582995951344,6.879073135409149,7.615216592352938,-0.03721049865022061,-0.8097210232619495,0.18251175849369544,0.0,0.5054634333943464,-0.0025060350007947985
2023-07,6,2024-01,2023-08-09T21:59:00+00:00,CORE_LEVELPHASE_FIXED040_R29B,1.0040750797787081,1.4905149051490652,2.3224043715847307,2.5333582655528346,0.9618572377276134,0.6697948684127621,0.5293598070179474,0.2,1.0334270564429273,0.19729423126651083
2023-07,7,2024-02,2023-08-09T21:59:00+00:00,CORE_LEVELPHASE_FIXED040_R29B,0.25149348153160334,0.26702269692922,1.9687712152070571,2.163170699098232,1.2130350036283182,0.9364616931042697,0.36774401503776777,0.5,1.4004965463557806,0.6960483823704182
2023-07,8,2024-03,2023-08-09T21:59:00+00:00,CORE_LEVELPHASE_FIXED040_R29B,0.00010162368607760652,0.1331557922769732,1.9661016949152728,2.024748047151238,1.213136627262759,1.0695289116747873,-0.05442158023118052,0.1,1.346060152207737,0.7959984156787715
2023-07,9,2024-04,2023-08-09T21:59:00+00:00,CORE_LEVELPHASE_FIXED040_R29B,0.22080760491561813,0.6648936170212671,2.853260869565235,2.458416449293239,1.433700810449703,1.7322218604356732,0.386179872512324,0.1,1.731496264470356,0.8959484489871248
2023-07,10,2024-05,2023-08-09T21:59:00+00:00,CORE_LEVELPHASE_FIXED040_R29B,0.3205104259400692,0.0,2.574525745257463,2.508251325490523,1.7536986965944017,1.7322218604356732,0.24339846608960555,0.1,1.9745989962714279,0.9958984822954781
2023-07,11,2024-06,2023-08-09T21:59:00+00:00,CORE_LEVELPHASE_FIXED040_R29B,0.2547025287302351,-0.264200792602387,1.958136394328148,2.4223831412896373,2.008077408164378,1.4676714415932566,0.37856860057331343,0.1,2.352452829273824,1.0958485156038313
2023-07,12,2024-07,2023-08-09T21:59:00+00:00,CORE_LEVELPHASE_FIXED040_R29B,0.38248079113562794,0.6622516556291425,2.150537634408578,2.4186138537002213,2.389828601311746,2.127739844728466,0.775299746659472,1.1,3.1247625718332195,2.189842519437268
2023-07,1,2023-08,2023-08-09T21:59:00+00:00,CORE_LEVELPHASE_FIXED060_R29B,0.01342018729114862,0.2016129032258007,8.515283842794778,8.218251410645372,0.013419286864572359,0.20140993717011857,0.23368135683064845,0.2,0.2334087465583201,0.19980026626730563
2023-07,2,2023-09,2023-08-09T21:59:00+00:00,CORE_LEVELPHASE_FIXED060_R29B,-0.33605422290643766,-0.7377598926894713,6.859205776173314,6.99797263897237,-0.3232008664900153,-0.5390848634876496,-0.4114371156529955,-0.6,-0.17887710039235,-0.402006966288996
2023-07,3,2023-10,2023-08-09T21:59:00+00:00,CORE_LEVELPHASE_FIXED060_R29B,0.2971862271344101,0.0675675675675613,8.498168498168521,8.888350834872739,-0.02645536465624137,-0.47154011252385236,0.5750280988260607,0.3,0.3945040225613187,-0.10245606830914811
2023-07,4,2023-11,2023-08-09T21:59:00+00:00,CORE_LEVELPHASE_FIXED060_R29B,0.06932628400135221,0.0675219446319985,7.313540912382349,7.701405030576458,0.04284689977745169,-0.40404095370051774,0.10284286896964426,0.1,0.49729404448231723,-0.0025060350007947985
2023-07,5,2023-12,2023-08-09T21:59:00+00:00,CORE_LEVELPHASE_FIXED060_R29B,0.0425784835230408,-0.4048582995951344,6.879073135409149,7.747262655571487,0.08541632123643193,-0.8097210232619495,0.2303661277578882,0.0,0.7273952362799092,-0.0025060350007947985
2023-07,6,2024-01,2023-08-09T21:59:00+00:00,CORE_LEVELPHASE_FIXED060_R29B,1.0309544592170186,1.4905149051490652,2.3224043715847307,2.6864886209134196,1.1110926904421836,0.6697948684127621,0.5780647493255641,0.2,1.3037956023948318,0.19729423126651083
2023-07,7,2024-02,2023-08-09T21:59:00+00:00,CORE_LEVELPHASE_FIXED060_R29B,0.2787070236716369,0.26702269692922,1.9687712152070571,2.3435220806641417,1.3894120462266408,0.9364616931042697,0.41705445402904623,0.5,1.7199827948017217,0.6960483823704182
2023-07,8,2024-03,2023-08-09T21:59:00+00:00,CORE_LEVELPHASE_FIXED060_R29B,0.027576491074470792,0.1331557922769732,1.9661016949152728,2.232935687359898,1.4169847356856973,1.0695289116747873,-0.004637624685173123,0.1,1.71534506257541,0.7959984156787715
2023-07,9,2024-04,2023-08-09T21:59:00+00:00,CORE_LEVELPHASE_FIXED060_R29B,0.24863580131162577,0.6648936170212671,2.853260869565235,2.695996579592795,1.6653119495888622,1.7322218604356732,0.43660405373656797,0.1,2.150998765987875,0.8959484489871248
2023-07,10,2024-05,2023-08-09T21:59:00+00:00,CORE_LEVELPHASE_FIXED060_R29B,0.3485309208217699,0.0,2.574525745257463,2.774644955608929,2.0132369089639504,1.7322218604356732,0.2941710886412625,0.1,2.444738018166906,0.9958984822954781
2023-07,11,2024-06,2023-08-09T21:59:00+00:00,CORE_LEVELPHASE_FIXED060_R29B,0.2829929997548342,-0.264200792602387,1.958136394328148,2.7175308908721916,2.295830237379622,1.4676714415932566,0.42983041494186036,0.1,2.8736473007753744,1.0958485156038313
2023-07,12,2024-07,2023-08-09T21:59:00+00:00,CORE_LEVELPHASE_FIXED060_R29B,0.41088307597815044,0.6622516556291425,2.150537634408578,2.742812637319654,2.7058714939881963,2.127739844728466,0.8267641656143209,1.1,3.697012492940843,2.189842519437268
2023-07,1,2023-08,2023-08-09T21:59:00+00:00,CORE_LEVELPHASE_FIXED080_R29B,0.03673579480372066,0.2016129032258007,8.515283842794778,8.243479767708477,0.0367290488626875,0.20140993717011857,0.2759288098037755,0.2,0.27554882509441037,0.19980026626730563
2023-07,2,2023-09,2023-08-09T21:59:00+00:00,CORE_LEVELPHASE_FIXED080_R29B,-0.3128886780165283,-0.7377598926894713,6.859205776173314,7.0477925575512455,-0.27665014923308906,-0.5390848634876496,-0.3694615733984954,-0.6,-0.0945969433201696,-0.402006966288996
2023-07,3,2023-10,2023-08-09T21:59:00+00:00,CORE_LEVELPHASE_FIXED080_R29B,0.3216206930588332,0.0675675675675613,8.498168498168521,8.965590745554906,0.04445445075339652,-0.47154011252385236,0.6193029027104936,0.3,0.5227961598704411,-0.10245606830914811
2023-07,4,2023-11,2023-08-09T21:59:00+00:00,CORE_LEVELPHASE_FIXED080_R29B,0.09468062979583095,0.0675219446319985,7.313540912382349,7.805110407333304,0.13909028671276275,-0.40404095370051774,0.14878447829889127,0.1,0.6714700637292337,-0.0025060350007947985
2023-07,5,2023-12,2023-08-09T21:59:00+00:00,CORE_LEVELPHASE_FIXED080_R29B,0.06900106233282154,-0.4048582995951344,6.879073135409149,7.8794970787634355,0.20806755425771076,-0.8097210232619495,0.27824335570886655,0.0,0.9493270391654716,-0.0025060350007947985
2023-07,6,2024-01,2023-08-09T21:59:00+00:00,CORE_LEVELPHASE_FIXED080_R29B,1.0578468613049041,1.4905149051490652,2.3224043715847307,2.8398787510548162,1.2603583643141179,0.6697948684127621,0.6267932884352466,0.2,1.5741641483467352,0.19729423126651083
2023-07,7,2024-02,2023-08-09T21:59:00+00:00,CORE_LEVELPHASE_FIXED080_R29B,0.3059339357615742,0.26702269692922,1.9687712152070571,2.524228940426401,1.5658252744944874,0.9364616931042697,0.4663891191242127,0.5,2.039469043247662,0.6960483823704182
2023-07,8,2024-03,2023-08-09T21:59:00+00:00,CORE_LEVELPHASE_FIXED080_R29B,0.055065043986509216,0.1331557922769732,1.9661016949152728,2.4415914993727617,1.6208751632488854,1.0695289116747873,0.04517112877855112,0.1,2.0846299729430826,0.7959984156787715
2023-07,9,2024-04,2023-08-09T21:59:00+00:00,CORE_LEVELPHASE_FIXED080_R29B,0.2764779758669777,0.6648936170212671,2.853260869565235,2.9341775873263085,1.896971641769156,1.7322218604356732,0.48705356312904563,0.1,2.570501267505393,0.8959484489871248
2023-07,10,2024-05,2023-08-09T21:59:00+00:00,CORE_LEVELPHASE_FIXED080_R29B,0.3765656078999854,0.0,2.574525745257463,3.04178744171629,2.272830016292951,1.7322218604356732,0.3449694271925785,0.1,2.9148770400623834,0.9958984822954781
2023-07,11,2024-06,2023-08-09T21:59:00+00:00,CORE_LEVELPHASE_FIXED080_R29B,0.31129791829441866,-0.264200792602387,1.958136394328148,3.01359234729889,2.5836444058344403,1.4676714415932566,0.48111840794244976,0.1,3.394841772276925,1.0958485156038313
2023-07,12,2024-07,2023-08-09T21:59:00+00:00,CORE_LEVELPHASE_FIXED080_R29B,0.4392998654372812,0.6622516556291425,2.150537634408578,3.0681075078840157,3.021982166068334,2.127739844728466,0.8782548666683052,1.1,4.269262414048467,2.189842519437268
2023-07,1,2023-08,2023-08-09T21:59:00+00:00,CORE_LEVELPHASE_PANEL_R29B,-0.003028969873552341,0.2016129032258007,8.515283842794778,8.20045280899562,-0.003029015747771162,0.20140993717011857,0.20387578588901364,0.2,0.20366824124962357,0.19980026626730563
2023-07,2,2023-09,2023-08-09T21:59:00+00:00,CORE_LEVELPHASE_PANEL_R29B,-0.35239751091617905,-0.7377598926894713,6.859205776173314,6.962831670993835,-0.35604890929658456,-0.5390848634876496,-0.44105085362853463,-0.6,-0.23835811100974313,-0.402006966288996
2023-07,3,2023-10,2023-08-09T21:59:00+00:00,CORE_LEVELPHASE_PANEL_R29B,0.2776237692935764,0.0675675675675613,8.498168498168521,8.8313578708355,-0.07880980300989984,-0.47154011252385236,0.5395812841881078,0.3,0.2997726488661302,-0.10245606830914811
2023-07,4,2023-11,2023-08-09T21:59:00+00:00,CORE_LEVELPHASE_PANEL_R29B,0.04681290731551864,0.0675219446319985,7.313540912382349,7.620815580132303,-0.032007849517435835,-0.40404095370051774,0.06204904353369165,0.1,0.3618024499402346,-0.0025060350007947985
2023-07,5,2023-12,2023-08-09T21:59:00+00:00,CORE_LEVELPHASE_PANEL_R29B,0.016989956400557227,-0.4048582995951344,6.879073135409149,7.6391003097772945,-0.01501933624651532,-0.8097210232619495,0.18400018615950628,0.0,0.5456335631218336,-0.0025060350007947985
2023-07,6,2024-01,2023-08-09T21:59:00+00:00,CORE_LEVELPHASE_PANEL_R29B,1.0112596722431006,1.4905149051490652,2.3224043715847307,2.5634091260606384,0.9911613180454377,0.6697948684127621,0.5423781567266923,0.2,1.0865461464358128,0.19729423126651083
2023-07,7,2024-02,2023-08-09T21:59:00+00:00,CORE_LEVELPHASE_PANEL_R29B,0.2650173386585681,0.26702269692922,1.9687712152070571,2.2068988439137187,1.2558281049670579,0.9364616931042697,0.39224899599006136,0.5,1.478027851856809,0.6960483823704182
2023-07,8,2024-03,2023-08-09T21:59:00+00:00,CORE_LEVELPHASE_PANEL_R29B,0.019893424152358855,0.1331557922769732,1.9661016949152728,2.0886181008363502,1.2757195506401813,1.0695289116747873,-0.01855920096433675,0.1,1.4594669284596538,0.7959984156787715
2023-07,9,2024-04,2023-08-09T21:59:00+00:00,CORE_LEVELPHASE_PANEL_R29B,0.24823470288307642,0.6648936170212671,2.853260869565235,2.550615000691712,1.5236466601152412,1.7322218604356732,0.4358772707441627,0.1,1.8943970056316137,0.8959484489871248
2023-07,10,2024-05,2023-08-09T21:59:00+00:00,CORE_LEVELPHASE_PANEL_R29B,0.35543685160812405,0.0,2.574525745257463,2.6362149200200955,1.87845332777515,1.7322218604356732,0.30668450850282303,0.1,2.200612196500479,0.9958984822954781
2023-07,11,2024-06,2023-08-09T21:59:00+00:00,CORE_LEVELPHASE_PANEL_R29B,0.2972255806154119,-0.264200792602387,1.958136394328148,2.5937362487974265,2.1752380664756417,1.4676714415932566,0.45561959029443305,0.1,2.6551969827291213,1.0958485156038313
2023-07,12,2024-07,2023-08-09T21:59:00+00:00,CORE_LEVELPHASE_PANEL_R29B,0.425171908966999,0.6622516556291425,2.150537634408578,2.633590580077436,2.599508673500433,2.127739844728466,0.8526552687910981,1.1,3.5042376785147633,2.189842519437268
2023-08,1,2023-09,2023-09-10T21:59:00+00:00,CORE_LEVELPHASE_FIXED040_R29B,-0.341373066710457,-0.7377598926894713,6.859205776173314,7.578232652435826,-0.3419570740384382,-0.7404948006577682,-0.44009972270851766,-0.6,-0.441071012347774,-0.6018072325563016
2023-08,2,2023-10,2023-09-10T21:59:00+00:00,CORE_LEVELPHASE_FIXED040_R29B,0.2681999648504806,0.0675675675675613,8.498168498168521,9.447222744993445,-0.07411612351940979,-0.6729500496939709,0.5479742392592896,0.3,0.10540731041353779,-0.30225633457645373
2023-08,3,2023-11,2023-09-10T21:59:00+00:00,CORE_LEVELPHASE_FIXED040_R29B,0.04296773897622823,0.0675219446319985,7.313540912382349,8.225670454599328,-0.031157613032724307,-0.6054508908706363,0.07458008890580362,0.1,0.17995960219092552,-0.20230630126810042
2023-08,4,2023-12,2023-09-10T21:59:00+00:00,CORE_LEVELPHASE_FIXED040_R29B,0.017806500398431138,-0.4048582995951344,6.879073135409149,8.244941659040034,-0.01335269780340273,-1.0111309604320682,0.20102815301293558,0.0,0.38078596400516573,-0.20230630126810042
2023-08,5,2024-01,2023-09-10T21:59:00+00:00,CORE_LEVELPHASE_FIXED040_R29B,1.0062087487558524,1.4905149051490652,2.3224043715847307,3.135524796467659,0.9878274745720311,0.4683849312426436,0.5454268816362745,0.2,0.9247307798398928,-0.0025060350007947985
2023-08,6,2024-02,2023-09-10T21:59:00+00:00,CORE_LEVELPHASE_FIXED040_R29B,0.24720660608976835,0.26702269692922,1.9687712152070571,2.758768883851433,1.2347290277684992,0.7350517559341512,0.38375977868071126,0.5,1.3077560791731115,0.4962481161031126
2023-08,7,2024-03,2023-09-10T21:59:00+00:00,CORE_LEVELPHASE_FIXED040_R29B,0.007050655828179375,0.1331557922769732,1.9661016949152728,2.626670303112986,1.2417794350496232,0.8681189745046682,-0.03834612506977961,0.1,1.2694026000967482,0.5961981494114659
2023-08,8,2024-04,2023-09-10T21:59:00+00:00,CORE_LEVELPHASE_FIXED040_R29B,0.2282076875822328,0.6648936170212671,2.853260869565235,3.070507184120378,1.4697271243707113,1.5308119232655544,0.4017870421771802,0.1,1.6703846336972925,0.6961481827198192
2023-08,9,2024-05,2023-09-10T21:59:00+00:00,CORE_LEVELPHASE_FIXED040_R29B,0.32849828523199603,0.0,2.574525745257463,3.128850590976821,1.7976870327027656,1.5308119232655544,0.259046672429734,0.1,1.9290963585568668,0.7960982160281724
2023-08,10,2024-06,2023-09-10T21:59:00+00:00,CORE_LEVELPHASE_FIXED040_R29B,0.2632284417339529,-0.264200792602387,1.958136394328148,3.051225539953808,2.0605696351393514,1.266261504423138,0.39437960990583704,0.1,2.3227003307150946,0.8960482493365257
2023-08,11,2024-07,2023-09-10T21:59:00+00:00,CORE_LEVELPHASE_FIXED040_R29B,0.3868431967486619,0.6622516556291425,2.150537634408578,2.963212850117289,2.4466665176849496,1.926329907558347,0.8074557292255438,1.1,3.1269135788723825,1.9900422531699622
2023-08,12,2024-08,2023-09-10T21:59:00+00:00,CORE_LEVELPHASE_FIXED040_R29B,0.06961909764645412,0.263157894736854,2.213279678068404,2.548186459741513,2.5162613924794535,2.18914214818531,0.2331955791319651,0.2,3.3598376790830273,2.189842519437268
2023-08,1,2023-09,2023-09-10T21:59:00+00:00,CORE_LEVELPHASE_FIXED060_R29B,-0.3117300990950114,-0.7377598926894713,6.859205776173314,7.6102312677566815,-0.31221698948764887,-0.7404948006577682,-0.3863862540661764,-0.6,-0.3871346541849709,-0.6018072325563016
2023-08,2,2023-10,2023-09-10T21:59:00+00:00,CORE_LEVELPHASE_FIXED060_R29B,0.29813712163621153,0.0675675675675613,8.498168498168521,9.512464747014324,-0.014523415200405794,-0.6729500496939709,0.6022207827603305,0.3,0.21328002673914398,-0.30225633457645373
2023-08,3,2023-11,2023-09-10T21:59:00+00:00,CORE_LEVELPHASE_FIXED060_R29B,0.0734251305867488,0.0675219446319985,7.313540912382349,8.323152483392324,0.05887477232517982,-0.6054508908706363,0.129769305128095,0.1,0.3429652042777988,-0.20230630126810042
2023-08,4,2023-12,2023-09-10T21:59:00+00:00,CORE_LEVELPHASE_FIXED060_R29B,0.04896440265408842,-0.4048582995951344,6.879073135409149,8.376192267941896,0.10782719132728805,-1.0111309604320682,0.2574867042444374,0.0,0.6001209794517701,-0.20230630126810042
2023-08,5,2024-01,2023-09-10T21:59:00+00:00,CORE_LEVELPHASE_FIXED060_R29B,1.0381380530953415,1.4905149051490652,2.3224043715847307,3.2932220055140538,1.1406135977901344,0.4683849312426436,0.6032832241475853,0.2,1.2015917362446924,-0.0025060350007947985
2023-08,6,2024-02,2023-09-10T21:59:00+00:00,CORE_LEVELPHASE_FIXED060_R29B,0.27932584699324253,0.26702269692922,1.9687712152070571,2.9488643102048173,1.4195500550815723,0.7350517559341512,0.44196028888150596,0.5,1.6425782487239042,0.4962481161031126
2023-08,7,2024-03,2023-09-10T21:59:00+00:00,CORE_LEVELPHASE_FIXED060_R29B,0.03927510004915989,0.1331557922769732,1.9661016949152728,2.8496510744693744,1.4588174444821567,0.8681189745046682,0.02004501500212836,0.1,1.6626212549813313,0.5961981494114659
2023-08,8,2024-04,2023-09-10T21:59:00+00:00,CORE_LEVELPHASE_FIXED060_R29B,0.2608153378351772,0.6648936170212671,2.853260869565235,3.328057500399323,1.7192932493563062,1.5308119232655544,0.4608725568963391,0.1,2.122435046103464,0.6961481827198192
2023-08,9,2024-05,2023-09-10T21:59:00+00:00,CORE_LEVELPHASE_FIXED060_R29B,0.3612078287542757,0.0,2.574525745257463,3.42025323655202,2.079850289295437,1.5308119232655544,0.3183168191667903,0.1,2.440246309844627,0.7960982160281724
2023-08,10,2024-06,2023-09-10T21:59:00+00:00,CORE_LEVELPHASE_FIXED060_R29B,0.2961305894682809,-0.264200792602387,1.958136394328148,3.3763214512669255,2.3755432758381816,1.266261504423138,0.45399875814768376,0.1,2.8932176022444436,0.8960482493365257
2023-08,11,2024-07,2023-09-10T21:59:00+00:00,CORE_LEVELPHASE_FIXED060_R29B,0.42002978450918516,0.6622516556291425,2.150537634408578,3.3221767904569406,2.794693397618038,1.926329907558347,0.8675902867417205,1.1,3.7570659520033205,1.9900422531699622
2023-08,12,2024-08,2023-09-10T21:59:00+00:00,CORE_LEVELPHASE_FIXED060_R29B,0.10261663456018645,0.263157894736854,2.213279678068404,2.939636204145539,2.8972574173011165,2.18914214818531,0.29298757389050406,0.2,4.049625153815555,2.189842519437268
2023-08,1,2023-09,2023-09-10T21:59:00+00:00,CORE_LEVELPHASE_FIXED080_R29B,-0.282071138829844,-0.7377598926894713,6.859205776173314,7.642247146620547,-0.2824697091443073,-0.7404948006577682,-0.33264380652062653,-0.6,-0.3331982960221679,-0.6018072325563016
2023-08,2,2023-10,2023-09-10T21:59:00+00:00,CORE_LEVELPHASE_FIXED080_R29B,0.32809042978938824,0.0675675675675613,8.498168498168521,9.577761403089822,0.04508367833017633,-0.6729500496939709,0.6564965927632981,0.3,0.32115274306474983,-0.30225633457645373
2023-08,3,2023-11,2023-09-10T21:59:00+00:00,CORE_LEVELPHASE_FIXED080_R29B,0.10389931886601049,0.0675219446319985,7.313540912382349,8.420746062899486,0.1489290592114489,-0.6054508908706363,0.18498895714721436,0.1,0.5059708063646717,-0.20230630126810042
2023-08,4,2023-12,2023-09-10T21:59:00+00:00,CORE_LEVELPHASE_FIXED080_R29B,0.0801398609174354,-0.4048582995951344,6.879073135409149,8.50763429799994,0.22903682528837402,-1.0111309604320682,0.3139770672054786,0.0,0.8194559948983744,-0.20230630126810042
2023-08,5,2024-01,2023-09-10T21:59:00+00:00,CORE_LEVELPHASE_FIXED080_R29B,1.0700857303516833,1.4905149051490652,2.3224043715847307,3.45119958427643,1.293437657848659,0.4683849312426436,0.6611728586391744,0.2,1.4784526926494923,-0.0025060350007947985
2023-08,6,2024-02,2023-09-10T21:59:00+00:00,CORE_LEVELPHASE_FIXED080_R29B,0.3114637099946732,0.26702269692922,1.9687712152070571,3.1393590914977008,1.60441732444935,0.7350517559341512,0.5001945425821964,0.5,1.9774004182746974,0.4962481161031126
2023-08,7,2024-03,2023-09-10T21:59:00+00:00,CORE_LEVELPHASE_FIXED080_R29B,0.07151836770856212,0.1331557922769732,1.9661016949152728,3.0731726807340625,1.6759101299603654,0.8681189745046682,0.07847026340564883,0.1,2.0558399098659152,0.5961981494114659
2023-08,8,2024-04,2023-09-10T21:59:00+00:00,CORE_LEVELPHASE_FIXED080_R29B,0.29344217738599887,0.6648936170212671,2.853260869565235,3.58631687727591,1.9689226062000464,1.5308119232655544,0.5199928428895207,0.1,2.5744854585096357,0.6961481827198192
2023-08,9,2024-05,2023-09-10T21:59:00+00:00,CORE_LEVELPHASE_FIXED080_R29B,0.39393670917939466,0.0,2.574525745257463,3.7125538132585283,2.362085416507264,1.5308119232655544,0.3776220046401086,0.1,2.951396261132387,0.7960982160281724
2023-08,10,2024-06,2023-09-10T21:59:00+00:00,CORE_LEVELPHASE_FIXED080_R29B,0.32905227612531435,-0.264200792602387,1.958136394328148,3.7025265106955403,2.690597500316164,1.266261504423138,0.513653311188593,0.1,3.4637348737737925,0.8960482493365257
2023-08,11,2024-07,2023-09-10T21:59:00+00:00,CORE_LEVELPHASE_FIXED080_R29B,0.45323616902735914,0.6622516556291425,2.150537634408578,3.6824848589005788,3.1428096472122315,1.926329907558347,0.9277607162574583,1.1,4.387218325134259,1.9900422531699622
2023-08,12,2024-08,2023-09-10T21:59:00+00:00,CORE_LEVELPHASE_FIXED080_R29B,0.13563385545728163,0.263157894736854,2.213279678068404,3.3326816334918923,3.278351603044399,2.18914214818531,0.3528152363000297,0.2,4.739412628548083,2.189842519437268
2023-08,1,2023-09,2023-09-10T21:59:00+00:00,CORE_LEVELPHASE_PANEL_R29B,-0.33271035704808455,-0.7377598926894713,6.859205776173314,7.5875837645686754,-0.33326506868697864,-0.7404948006577682,-0.42440277259731835,-0.6,-0.42530591738439105,-0.6018072325563016
2023-08,2,2023-10,2023-09-10T21:59:00+00:00,CORE_LEVELPHASE_PANEL_R29B,0.27694864685546916,0.0675675675675613,8.498168498168521,9.46628672450913,-0.05669921799349867,-0.6729500496939709,0.563826972448254,0.3,0.13693750034030372,-0.30225633457645373
2023-08,3,2023-11,2023-09-10T21:59:00+00:00,CORE_LEVELPHASE_PANEL_R29B,0.049104776146310966,0.0675219446319985,7.313540912382349,8.25116181238277,-0.007606494296998674,-0.6054508908706363,0.08570048541496963,0.1,0.22260128385691139,-0.20230630126810042
2023-08,4,2023-12,2023-09-10T21:59:00+00:00,CORE_LEVELPHASE_PANEL_R29B,0.021377709052182545,-0.4048582995951344,6.879073135409149,8.274303430800629,0.013768930048568427,-1.0111309604320682,0.20749923264730338,0.0,0.42988553418620856,-0.20230630126810042
2023-08,5,2024-01,2023-09-10T21:59:00+00:00,CORE_LEVELPHASE_PANEL_R29B,1.0072099236023124,1.4905149051490652,2.3224043715847307,3.1645231812158623,1.0159402988039734,0.4683849312426436,0.5472410243502723,0.2,0.9756346353118298,-0.0025060350007947985
2023-08,6,2024-02,2023-09-10T21:59:00+00:00,CORE_LEVELPHASE_PANEL_R29B,0.2557332800598729,0.26702269692922,1.9687712152070571,2.796404093075735,1.2713471377384826,0.7350517559341512,0.39921023022990215,0.5,1.3740501358946882,0.4962481161031126
2023-08,7,2024-03,2023-09-10T21:59:00+00:00,CORE_LEVELPHASE_PANEL_R29B,0.02303795219923284,0.1331557922769732,1.9661016949152728,2.6806692133715284,1.2943824366090149,0.8681189745046682,-0.009376922207143423,0.1,1.3646727740267097,0.5961981494114659
2023-08,8,2024-04,2023-09-10T21:59:00+00:00,CORE_LEVELPHASE_PANEL_R29B,0.2517958828966242,0.6648936170212671,2.853260869565235,3.149009506588127,1.5458618448079382,1.5308119232655544,0.4445291793945352,0.1,1.8082168407943846,0.6961481827198192
2023-08,9,2024-05,2023-09-10T21:59:00+00:00,CORE_LEVELPHASE_PANEL_R29B,0.3607439414507946,0.0,2.574525745257463,3.240568286531892,1.9059566659420095,1.5308119232655544,0.317476248936024,0.1,2.1251901979806727,0.7960982160281724
2023-08,10,2024-06,2023-09-10T21:59:00+00:00,CORE_LEVELPHASE_PANEL_R29B,0.3042217180260646,-0.264200792602387,1.958136394328148,3.2050379548952117,2.2097165660959215,1.266261504423138,0.46865999536616043,0.1,2.592755401625198,0.8960482493365257
2023-08,11,2024-07,2023-09-10T21:59:00+00:00,CORE_LEVELPHASE_PANEL_R29B,0.43674642064613417,0.6622516556291425,2.150537634408578,3.1681542561268934,2.6455120174398363,1.926329907558347,0.8978810633804124,1.1,3.486629480428366,1.9900422531699622
2023-08,12,2024-08,2023-09-10T21:59:00+00:00,CORE_LEVELPHASE_PANEL_R29B,0.11923804264175378,0.263157894736854,2.213279678068404,2.803250921182809,2.764679027986771,2.18914214818531,0.3231057959714685,0.2,3.809214411284892,2.189842519437268
2023-09,1,2023-10,2023-10-09T21:59:00+00:00,CORE_LEVELPHASE_FIXED040_R29B,0.28033962892592235,0.0675675675675613,8.498168498168521,9.264350557874952,0.27994741024679165,0.06754475096379729,0.5212464349480745,0.3,0.5198926480578241,0.2995508979798479
2023-09,2,2023-11,2023-10-09T21:59:00+00:00,CORE_LEVELPHASE_FIXED040_R29B,0.010983593078061432,0.0675219446319985,7.313540912382349,8.010296946773554,0.2909304001724334,0.13504390978713188,0.053792452377122935,0.1,0.5736706374817023,0.3995009312882012
2023-09,3,2023-12,2023-10-09T21:59:00+00:00,CORE_LEVELPHASE_FIXED040_R29B,-0.007823239029479498,-0.4048582995951344,6.879073135409149,8.001847043066956,0.2831068551116482,-0.27063615977429994,0.1816343761556085,0.0,0.7551402578762018,0.3995009312882012
2023-09,4,2024-01,2023-10-09T21:59:00+00:00,CORE_LEVELPHASE_FIXED040_R29B,0.9825103181709061,1.4905149051490652,2.3224043715847307,2.879761145740993,1.2608219242841328,1.2088797319004116,0.5270341132899986,0.2,1.280790406896223,0.5993011975555068
2023-09,5,2024-02,2023-10-09T21:59:00+00:00,CORE_LEVELPHASE_FIXED040_R29B,0.22564489841201166,0.26702269692922,1.9687712152070571,2.481892444385388,1.48621262690998,1.4755465565919192,0.3638850116124108,0.5,1.6440149587247845,1.0980553486594142
2023-09,6,2024-03,2023-10-09T21:59:00+00:00,CORE_LEVELPHASE_FIXED040_R29B,-0.018826098966091304,0.1331557922769732,1.9661016949152728,2.3236667641262208,1.467384755611433,1.6086137751624363,-0.057358638798955995,0.1,1.5866398635655405,1.1980053819677676
2023-09,7,2024-04,2023-10-09T21:59:00+00:00,CORE_LEVELPHASE_FIXED040_R29B,0.2127109516922095,0.6648936170212671,2.853260869565235,2.7503040788194197,1.6798697978581592,2.2713067239233222,0.3832902253123965,0.1,1.9691974035046693,1.297955415276121
2023-09,8,2024-05,2023-10-09T21:59:00+00:00,CORE_LEVELPHASE_FIXED040_R29B,0.31419990532304304,0.0,2.574525745257463,2.7938144195098813,1.9935771267920066,2.2713067239233227,0.24052507249254693,0.1,2.209433677440652,1.3979054485844744
2023-09,9,2024-06,2023-10-09T21:59:00+00:00,CORE_LEVELPHASE_FIXED040_R29B,0.25012348112918326,-0.264200792602387,1.958136394328148,2.703015940922093,2.2433883197710616,2.006756305080906,0.37621986256239154,0.1,2.584947603107328,1.4978554818928278
2023-09,10,2024-07,2023-10-09T21:59:00+00:00,CORE_LEVELPHASE_FIXED040_R29B,0.3746380594943041,0.6622516556291425,2.150537634408578,2.6028245701055672,2.6173263587048057,2.6668247082161156,0.7895157854622298,1.1,3.371363020596944,2.5918494857262644
2023-09,11,2024-08,2023-10-09T21:59:00+00:00,CORE_LEVELPHASE_FIXED040_R29B,0.03324648010496277,0.263157894736854,2.213279678068404,2.4304234472648854,2.6505673133922087,2.9296369488430782,0.18818718615653296,0.2,3.5593733565065517,2.79164975199357
2023-09,12,2024-09,2023-10-09T21:59:00+00:00,CORE_LEVELPHASE_FIXED040_R29B,-0.26355284614836316,-0.3937007874015741,2.567567567567563,2.4153753812149956,2.3866665553079636,2.5351591197414445,-0.4408814798999781,-0.7,3.117517128164659,2.089188258297124
2023-09,1,2023-10,2023-10-09T21:59:00+00:00,CORE_LEVELPHASE_FIXED060_R29B,0.304467994009997,0.0675675675675613,8.498168498168521,9.290640557995516,0.30400542888378496,0.06754475096379729,0.5649667737470623,0.3,0.5633768221245231,0.2995508979798479
2023-09,2,2023-11,2023-10-09T21:59:00+00:00,CORE_LEVELPHASE_FIXED060_R29B,0.0349997540187187,0.0675219446319985,7.313540912382349,8.062228528769985,0.3389990594173583,0.13504390978713188,0.09730947847142608,0.1,0.6606389856151003,0.3995009312882012
2023-09,3,2023-12,2023-10-09T21:59:00+00:00,CORE_LEVELPHASE_FIXED060_R29B,0.016951790141231986,-0.4048582995951344,6.879073135409149,8.08054701097212,0.35594941290500204,-0.27063615977429994,0.22652646334527185,0.0,0.8869092645780627,0.3995009312882012
2023-09,4,2024-01,2023-10-09T21:59:00+00:00,CORE_LEVELPHASE_FIXED060_R29B,1.0081014672922397,1.4905149051490652,2.3224043715847307,2.9808196478909728,1.3590034312811659,1.2088797319004116,0.5734050010787696,0.2,1.458676556668311,0.5993011975555068
2023-09,5,2024-02,2023-10-09T21:59:00+00:00,CORE_LEVELPHASE_FIXED060_R29B,0.25192404062858437,0.26702269692922,1.9687712152070571,2.60945724609437,1.6106106752449407,1.4755465565919192,0.41150253551226523,0.5,1.869334736068864,1.0980553486594142
2023-09,6,2024-03,2023-10-09T21:59:00+00:00,CORE_LEVELPHASE_FIXED060_R29B,0.007607020456087021,0.1331557922769732,1.9661016949152728,2.478120717285453,1.6182174063818988,1.6086137751624363,-0.009462109853673012,0.1,1.859872178529336,1.1980053819677676
2023-09,7,2024-04,2023-10-09T21:59:00+00:00,CORE_LEVELPHASE_FIXED060_R29B,0.23952605673380595,0.6648936170212671,2.853260869565235,2.932937646270628,1.8574570567105728,2.2713067239233222,0.4318789081039558,0.1,2.2908211661359057,1.297955415276121
2023-09,8,2024-05,2023-10-09T21:59:00+00:00,CORE_LEVELPHASE_FIXED060_R29B,0.34124193920145174,0.0,2.574525745257463,3.0042850502656195,2.1981180867686376,2.2713067239233227,0.2895249479030061,0.1,2.5799277977870543,1.3979054485844744
2023-09,9,2024-06,2023-10-09T21:59:00+00:00,CORE_LEVELPHASE_FIXED060_R29B,0.2773654122969595,-0.264200792602387,1.958136394328148,2.94126628347328,2.4750995510014686,2.006756305080906,0.42558194971764546,0.1,3.004606708731816,1.4978554818928278
2023-09,10,2024-07,2023-10-09T21:59:00+00:00,CORE_LEVELPHASE_FIXED060_R29B,0.4021561219890938,0.6622516556291425,2.150537634408578,2.8690366699987866,2.8764491867577258,2.6668247082161156,0.8393782196210198,1.1,3.8404817390624366,2.5918494857262644
2023-09,11,2024-08,2023-10-09T21:59:00+00:00,CORE_LEVELPHASE_FIXED060_R29B,0.060763350607014856,0.263157894736854,2.213279678068404,2.7244376224037317,2.937194083915766,2.9296369488430782,0.23804746043726444,0.2,4.07824631537597,2.79164975199357
2023-09,12,2024-09,2023-10-09T21:59:00+00:00,CORE_LEVELPHASE_FIXED060_R29B,-0.23620875051635248,-0.3937007874015741,2.567567567567563,2.737505518845287,2.700705920445027,2.5351591197414445,-0.3913342718310616,-0.7,3.6861443274380026,2.089188258297124
2023-09,1,2023-10,2023-10-09T21:59:00+00:00,CORE_LEVELPHASE_FIXED080_R29B,0.32860685339585916,0.0675675675675613,8.498168498168521,9.316941992591408,0.32806812096054633,0.06754475096379729,0.6087061281083562,0.3,0.6068609961912221,0.2995508979798479
2023-09,2,2023-11,2023-10-09T21:59:00+00:00,CORE_LEVELPHASE_FIXED080_R29B,0.05902636045950872,0.0675219446319985,7.313540912382349,8.114195187235946,0.3870770677160231,0.13504390978713188,0.14084543169996055,0.1,0.7476073337484982,0.3995009312882012
2023-09,3,2023-12,2023-10-09T21:59:00+00:00,CORE_LEVELPHASE_FIXED080_R29B,0.04173792117484062,-0.4048582995951344,6.879073135409149,8.15931980480201,0.4288062810434425,-0.27063615977429994,0.2714386669914573,0.0,1.0186782712799236,0.3995009312882012
2023-09,4,2024-01,2023-10-09T21:59:00+00:00,CORE_LEVELPHASE_FIXED080_R29B,1.0337044210421966,1.4905149051490652,2.3224043715847307,3.081997598031623,1.4572045134790996,1.2088797319004116,0.6197972787280224,0.2,1.6365627064403991,0.5993011975555068
2023-09,5,2024-02,2023-10-09T21:59:00+00:00,CORE_LEVELPHASE_FIXED080_R29B,0.2782156509524091,0.26702269692922,1.9687712152070571,2.737206660179013,1.7350338610278144,1.4755465565919192,0.4591426514887623,0.5,2.094654513412943,1.0980553486594142
2023-09,6,2024-03,2023-10-09T21:59:00+00:00,CORE_LEVELPHASE_FIXED080_R29B,0.03405280769104556,0.1331557922769732,1.9661016949152728,2.6328394394361476,1.769080872066213,1.6086137751624363,0.03845737303252817,0.1,2.133104493493131,1.1980053819677676
2023-09,7,2024-04,2023-10-09T21:59:00+00:00,CORE_LEVELPHASE_FIXED080_R29B,0.26635414113312195,0.6648936170212671,2.853260869565235,3.115933579981157,2.0350809191801997,2.2713067239233222,0.4804911093525226,0.1,2.612444928767142,1.297955415276121
2023-09,8,2024-05,2023-10-09T21:59:00+00:00,CORE_LEVELPHASE_FIXED080_R29B,0.3682971918483169,0.0,2.574525745257463,3.2152304978732187,2.402701557563676,2.2713067239233227,0.3385487755801608,0.1,2.950421918133456,1.3979054485844744
2023-09,9,2024-06,2023-10-09T21:59:00+00:00,CORE_LEVELPHASE_FIXED080_R29B,0.30462074024917746,-0.264200792602387,1.958136394328148,3.1801193475145233,2.7068592689189526,2.006756305080906,0.4749683117026513,0.1,3.424265814356303,1.4978554818928278
2023-09,10,2024-07,2023-10-09T21:59:00+00:00,CORE_LEVELPHASE_FIXED080_R29B,0.4296877981774172,0.6622516556291425,2.150537634408578,3.135995721010812,3.135626545048752,2.6668247082161156,0.8892653216465105,1.1,4.30960045752793,2.5918494857262644
2023-09,11,2024-08,2023-10-09T21:59:00+00:00,CORE_LEVELPHASE_FIXED080_R29B,0.08829391532541236,0.263157894736854,2.213279678068404,3.0193582107694223,3.2238815042256665,2.9296369488430782,0.28793254849116795,0.2,4.597119274245388,2.79164975199357
2023-09,12,2024-09,2023-10-09T21:59:00+00:00,CORE_LEVELPHASE_FIXED080_R29B,-0.20885104665220924,-0.3937007874015741,2.567567567567563,3.0607176798121833,3.0148120596377863,2.5351591197414445,-0.34176240579144485,-0.7,4.254771526711346,2.089188258297124
2023-09,1,2023-10,2023-10-09T21:59:00+00:00,CORE_LEVELPHASE_PANEL_R29B,0.2874082095768011,0.0675675675675613,8.498168498168521,9.27205240528634,0.2869959818441523,0.06754475096379729,0.5340546272896419,0.3,0.5326336126493809,0.2995508979798479
2023-09,2,2023-11,2023-10-09T21:59:00+00:00,CORE_LEVELPHASE_PANEL_R29B,0.01801930270621048,0.0675219446319985,7.313540912382349,8.025509390082672,0.3050136612690124,0.13504390978713188,0.06654108277798679,0.1,0.5991525666648161,0.3995009312882012
2023-09,3,2023-12,2023-10-09T21:59:00+00:00,CORE_LEVELPHASE_PANEL_R29B,-0.002853506703999059,-0.4048582995951344,6.879073135409149,8.022426874930197,0.3021601138517363,-0.27063615977429994,0.19063947783793073,0.0,0.7896105580701139,0.3995009312882012
2023-09,4,2024-01,2023-10-09T21:59:00+00:00,CORE_LEVELPHASE_PANEL_R29B,0.9854151419588902,1.4905149051490652,2.3224043715847307,2.90232492363308,1.282751702928623,1.2088797319004116,0.532297622844811,0.2,1.320496484520175,0.5993011975555068
2023-09,5,2024-02,2023-10-09T21:59:00+00:00,CORE_LEVELPHASE_PANEL_R29B,0.22646642202217648,0.26702269692922,1.9687712152070571,2.5052091627043644,1.5089620762526315,1.4755465565919192,0.3653736035846651,0.5,1.685204220198018,1.0980553486594142
2023-09,6,2024-03,2023-10-09T21:59:00+00:00,CORE_LEVELPHASE_PANEL_R29B,-0.011790482131017674,0.1331557922769732,1.9661016949152728,2.354149577820334,1.4971708989896293,1.6086137751624363,-0.04461017653814979,0.1,1.6405840903603812,1.1980053819677676
2023-09,7,2024-04,2023-10-09T21:59:00+00:00,CORE_LEVELPHASE_PANEL_R29B,0.22602324718589412,0.6648936170212671,2.853260869565235,2.7945674468276613,1.7229390978741834,2.2713067239233222,0.40741196199650676,0.1,2.0471683770934432,1.297955415276121
2023-09,8,2024-05,2023-10-09T21:59:00+00:00,CORE_LEVELPHASE_PANEL_R29B,0.33373074702283667,0.0,2.574525745257463,2.858118767147424,2.0561141997354455,2.2713067239233227,0.27591474821939366,0.1,2.322703179295685,1.3979054485844744
2023-09,9,2024-06,2023-10-09T21:59:00+00:00,CORE_LEVELPHASE_PANEL_R29B,0.27697666208890037,-0.264200792602387,1.958136394328148,2.794790914763968,2.332707988284929,2.006756305080906,0.4248775385092897,0.1,2.7466806617148127,1.4978554818928278
2023-09,10,2024-07,2023-10-09T21:59:00+00:00,CORE_LEVELPHASE_PANEL_R29B,0.40892871326393915,0.6622516556291425,2.150537634408578,2.729593197278593,2.740802860523494,2.6668247082161156,0.8516500823871688,1.1,3.594724664443073,2.5918494857262644
2023-09,11,2024-08,2023-10-09T21:59:00+00:00,CORE_LEVELPHASE_PANEL_R29B,0.07461670051943056,0.263157894736854,2.213279678068404,2.5993930152293827,2.8153917366231918,2.9296369488430782,0.2631495819262791,0.2,3.8575286140775176,2.79164975199357
2023-09,12,2024-09,2023-10-09T21:59:00+00:00,CORE_LEVELPHASE_PANEL_R29B,-0.22244238399583727,-0.3937007874015741,2.567567567567563,2.6266044554936125,2.592701582056999,2.5351591197414445,-0.36638976331543016,-0.7,3.4904659994604623,2.089188258297124
2023-10,1,2023-11,2023-11-09T22:59:00+00:00,CORE_LEVELPHASE_FIXED040_R29B,-0.08277198488467724,0.0675219446319985,7.313540912382349,7.391184406716573,-0.08280625980674668,0.0674991588233346,0.01624631204536057,0.1,0.01624499247500427,0.09995003330835331
2023-10,2,2023-12,2023-11-09T22:59:00+00:00,CORE_LEVELPHASE_FIXED040_R29B,-0.044628072045890546,-0.4048582995951344,6.879073135409149,7.343257791568609,-0.1274442931405073,-0.3381809107380972,0.15132001049503085,0.0,0.16745062960747253,0.09995003330835331
2023-10,3,2024-01,2023-11-09T22:59:00+00:00,CORE_LEVELPHASE_FIXED040_R29B,0.9538349194758078,1.4905149051490652,2.3224043715847307,2.2233700855388405,0.8218703423665122,1.1413349809366145,0.49845958710641947,0.2,0.6646720198168188,0.2997502995756589
2023-10,4,2024-02,2023-11-09T22:59:00+00:00,CORE_LEVELPHASE_FIXED040_R29B,0.1992881378672236,0.26702269692922,1.9687712152070571,1.8012617077163728,1.020960164859896,1.408001805628122,0.3366653368268923,0.5,1.0007719076570134,0.7985044506795662
2023-10,5,2024-03,2023-11-09T22:59:00+00:00,CORE_LEVELPHASE_FIXED040_R29B,-0.04109493710079622,0.1331557922769732,1.9661016949152728,1.6214476598013092,0.9798567814757474,1.5410690241986393,-0.08609620731923824,0.1,0.9146386162663541,0.8984544839879195
2023-10,6,2024-04,2023-11-09T22:59:00+00:00,CORE_LEVELPHASE_FIXED040_R29B,0.18695743839132467,0.6648936170212671,2.853260869565235,2.018932649404441,1.1666396719678829,2.2037619729595255,0.3554909578483167,0.1,1.2694991985195372,0.9984045172962728
2023-10,7,2024-05,2023-11-09T22:59:00+00:00,CORE_LEVELPHASE_FIXED040_R29B,0.29838334513796644,0.0,2.574525745257463,2.0460411285120363,1.46457873755396,2.2037619729595255,0.21355632381124628,0.1,1.4828278149449712,1.0983545506046262
2023-10,8,2024-06,2023-11-09T22:59:00+00:00,CORE_LEVELPHASE_FIXED040_R29B,0.23559393964440772,-0.264200792602387,1.958136394328148,1.9411263980941067,1.6998955897918056,1.9392115541171089,0.34923357453892817,0.1,1.8314529851260222,1.1983045839129796
2023-10,9,2024-07,2023-11-09T22:59:00+00:00,CORE_LEVELPHASE_FIXED040_R29B,0.3612256745881284,0.6622516556291425,2.150537634408578,1.8280698689112578,2.0604704113346575,2.5992799572523184,0.7629348438102028,1.1,2.5914921995745512,2.2922985877464157
2023-10,10,2024-08,2023-11-09T22:59:00+00:00,CORE_LEVELPHASE_FIXED040_R29B,0.02088636963497969,0.263157894736854,2.213279678068404,1.6444098103907845,2.081354600071123,2.862092197879281,0.16213875583879864,0.2,2.7534996524421342,2.4920988540137214
2023-10,11,2024-09,2023-11-09T22:59:00+00:00,CORE_LEVELPHASE_FIXED040_R29B,-0.35930571519337173,-0.3937007874015741,2.567567567567563,2.0319464151488593,1.7214018314947332,2.4676143687776473,-0.5169819931757959,-0.7,2.2351766836283073,1.7896373603172755
2023-10,12,2024-10,2023-11-09T22:59:00+00:00,CORE_LEVELPHASE_FIXED040_R29B,0.334784722938044,0.3293807641633783,2.8359216745442346,2.076900936189658,2.0556273980118465,2.7964538627363105,0.5140410488908752,0.4,2.7479010517781934,2.1888394872710206
2023-10,1,2023-11,2023-11-09T22:59:00+00:00,CORE_LEVELPHASE_FIXED060_R29B,-0.06771650750245554,0.0675219446319985,7.313540912382349,7.407366056067782,-0.06773944548518229,0.0674991588233346,0.04352752030073677,0.1,0.04351804982369534,0.09995003330835331
2023-10,2,2023-12,2023-11-09T22:59:00+00:00,CORE_LEVELPHASE_FIXED060_R29B,-0.02955226197686113,-0.4048582995951344,6.879073135409149,7.375624749868447,-0.09729607500347588,-0.3381809107380972,0.17863806250162861,0.0,0.22199674430485472,0.09995003330835331
2023-10,3,2024-01,2023-11-09T22:59:00+00:00,CORE_LEVELPHASE_FIXED060_R29B,0.9698450446742166,1.4905149051490652,2.3224043715847307,2.2704096034030465,0.8678761609937895,1.1413349809366145,0.5274706605279906,0.2,0.7480811509292842,0.2997502995756589
2023-10,4,2024-02,2023-11-09T22:59:00+00:00,CORE_LEVELPHASE_FIXED060_R29B,0.2161531421376827,0.26702269692922,1.9687712152070571,1.8652495110632963,1.0837960283206005,1.408001805628122,0.3672254899226361,0.5,1.1146340142509543,0.7985044506795662
2023-10,5,2024-03,2023-11-09T22:59:00+00:00,CORE_LEVELPHASE_FIXED060_R29B,-0.023424034925151063,0.1331557922769732,1.9661016949152728,1.703298541055562,1.060369249539899,1.5410690241986393,-0.054075730646514115,0.1,1.0605436574081628,0.8984544839879195
2023-10,6,2024-04,2023-11-09T22:59:00+00:00,CORE_LEVELPHASE_FIXED060_R29B,0.20502687279540613,0.6648936170212671,2.853260869565235,2.1195183488699096,1.2651862290852116,2.2037619729595255,0.38823359300492183,0.1,1.4480255686919028,0.9984045172962728
2023-10,7,2024-05,2023-11-09T22:59:00+00:00,CORE_LEVELPHASE_FIXED060_R29B,0.31674720481413876,0.0,2.574525745257463,2.1653558193006397,1.5814328467259342,2.2037619729595255,0.246832470922314,0.1,1.6945539086305832,1.0983545506046262
2023-10,8,2024-06,2023-11-09T22:59:00+00:00,CORE_LEVELPHASE_FIXED060_R29B,0.2543030780835595,-0.264200792602387,1.958136394328148,2.0793681463153133,1.8354131216815874,1.9392115541171089,0.3831353824377518,0.1,2.07695719680757,1.1983045839129796
2023-10,9,2024-07,2023-11-09T22:59:00+00:00,CORE_LEVELPHASE_FIXED060_R29B,0.380209878685818,0.6622516556291425,2.150537634408578,1.9854460930023041,2.2149020294986177,2.5992799572523184,0.7973350831651644,1.1,2.8711303600759037,2.2922985877464157
2023-10,10,2024-08,2023-11-09T22:59:00+00:00,CORE_LEVELPHASE_FIXED060_R29B,0.03995413656331947,0.263157894736854,2.213279678068404,1.8209094058649364,2.2548481865221612,2.862092197879281,0.19669041483509736,0.2,3.06762759258716,2.4920988540137214
2023-10,11,2024-09,2023-11-09T22:59:00+00:00,CORE_LEVELPHASE_FIXED060_R29B,-0.3401718095584811,-0.3937007874015741,2.567567567567563,2.228746063082897,1.9140964771863993,2.4676143687776473,-0.4823104878417593,-0.7,2.5841502342408758,1.7896373603172755
2023-10,12,2024-10,2023-11-09T22:59:00+00:00,CORE_LEVELPHASE_FIXED060_R29B,0.35411692872495604,0.3293807641633783,2.8359216745442346,2.293493099587321,2.2675878881897846,2.7964538627363105,0.549071883099515,0.4,3.1317202128583044,2.1888394872710206
2023-10,1,2023-11,2023-11-09T22:59:00+00:00,CORE_LEVELPHASE_FIXED080_R29B,-0.05265692347127437,0.0675219446319985,7.313540912382349,7.423552119251362,-0.05267079209796345,0.0674991588233346,0.07081616999039306,0.1,0.07079110717238637,0.09995003330835331
2023-10,2,2023-12,2023-11-09T22:59:00+00:00,CORE_LEVELPHASE_FIXED080_R29B,-0.014472339712770666,-0.4048582995951344,6.879073135409149,7.408005417857138,-0.06714417915486928,-0.3381809107380972,0.2059635659922942,0.0,0.27654285900223685,0.09995003330835331
2023-10,3,2024-01,2023-11-09T22:59:00+00:00,CORE_LEVELPHASE_FIXED080_R29B,0.9858597915446345,1.4905149051490652,2.3224043715847307,2.317476640214037,0.9138877196501126,1.1413349809366145,0.5564901086289802,0.2,0.8314902820417496,0.2997502995756589
2023-10,4,2024-02,2023-11-09T22:59:00+00:00,CORE_LEVELPHASE_FIXED080_R29B,0.23302328308585304,0.26702269692922,1.9687712152070571,1.9292857220456316,1.146639924518899,1.408001805628122,0.3977949509115024,0.5,1.2284961208448952,0.7985044506795662
2023-10,5,2024-03,2023-11-09T22:59:00+00:00,CORE_LEVELPHASE_FIXED080_R29B,-0.005747469566611209,0.1331557922769732,1.9661016949152728,1.785226109922026,1.1408922897789266,1.5410690241986393,-0.02204499202938156,0.1,1.2064486985499714,0.8984544839879195
2023-10,6,2024-04,2023-11-09T22:59:00+00:00,CORE_LEVELPHASE_FIXED080_R29B,0.22310220265067354,0.6648936170212671,2.853260869565235,2.22021671687208,1.363745989007898,2.2037619729595255,0.4209869109866198,0.1,1.6265519388642684,0.9984045172962728
2023-10,7,2024-05,2023-11-09T22:59:00+00:00,CORE_LEVELPHASE_FIXED080_R29B,0.3351171622531141,0.0,2.574525745257463,2.284826308804365,1.6983028850487192,2.2037619729595255,0.2801196674563059,0.1,1.906280002316195,1.0983545506046262
2023-10,8,2024-06,2023-11-09T22:59:00+00:00,CORE_LEVELPHASE_FIXED080_R29B,0.27301853718500957,-0.264200792602387,1.958136394328148,2.217816529199056,1.9709494035915673,1.9392115541171089,0.41704864366350036,0.1,2.3224614084891173,1.1983045839129796
2023-10,9,2024-07,2023-11-09T22:59:00+00:00,CORE_LEVELPHASE_FIXED080_R29B,0.3992005639480941,0.6622516556291425,2.150537634408578,2.143087635687501,2.3693552763275023,2.5992799572523184,0.8317470666844811,1.1,3.1507685205772558,2.2922985877464157
2023-10,10,2024-08,2023-11-09T22:59:00+00:00,CORE_LEVELPHASE_FIXED080_R29B,0.05902848105668447,0.263157894736854,2.213279678068404,1.9977405428900044,2.4283663424291597,2.862092197879281,0.23125399267772095,0.2,3.381755532732186,2.4920988540137214
2023-10,11,2024-09,2023-11-09T22:59:00+00:00,CORE_LEVELPHASE_FIXED080_R29B,-0.3210312354355955,-0.3937007874015741,2.567567567567563,2.4259535412407978,2.10681869620012,2.4676143687776473,-0.4476268989048503,-0.7,2.9331237848534446,1.7896373603172755
2023-10,12,2024-10,2023-11-09T22:59:00+00:00,CORE_LEVELPHASE_FIXED080_R29B,0.37345587211080195,0.3293807641633783,2.8359216745442346,2.510576182124706,2.479578953207906,2.7964538627363105,0.5841149261431848,0.4,3.515539373938416,2.1888394872710206
2023-10,1,2023-11,2023-11-09T22:59:00+00:00,CORE_LEVELPHASE_PANEL_R29B,-0.07895164671998056,0.0675219446319985,7.313540912382349,7.395290511824683,-0.0789828299467739,0.0674991588233346,0.023168938172123215,0.1,0.02316625458814037,0.09995003330835331
2023-10,2,2023-12,2023-11-09T22:59:00+00:00,CORE_LEVELPHASE_PANEL_R29B,-0.04080257444735923,-0.4048582995951344,6.879073135409149,7.351470468460637,-0.11979373090957293,-0.3381809107380972,0.15825198575004423,0.0,0.18129315383374472,0.09995003330835331
2023-10,3,2024-01,2023-11-09T22:59:00+00:00,CORE_LEVELPHASE_PANEL_R29B,0.9561213047141969,1.4905149051490652,2.3224043715847307,2.233506361833903,0.8317856618994075,1.1413349809366145,0.5026026209177662,0.2,0.6826369439612026,0.2997502995756589
2023-10,4,2024-02,2023-11-09T22:59:00+00:00,CORE_LEVELPHASE_PANEL_R29B,0.20002101267142658,0.26702269692922,1.9687712152070571,1.8121007942883658,1.0316068988944809,1.408001805628122,0.337993339231,0.5,1.0200603695244843,0.7985044506795662
2023-10,5,2024-03,2023-11-09T22:59:00+00:00,CORE_LEVELPHASE_PANEL_R29B,-0.04190840646263201,0.1331557922769732,1.9661016949152728,1.6314405137810457,0.9896897084049382,1.5410690241986393,-0.08757025071927126,0.1,0.9324517536618878,0.8984544839879195
2023-10,6,2024-04,2023-11-09T22:59:00+00:00,CORE_LEVELPHASE_PANEL_R29B,0.1909015933668662,0.6648936170212671,2.853260869565235,2.0329812607325084,1.1804093162520843,2.2037619729595255,0.36263794565531166,0.1,1.2944337532469865,0.9984045172962728
2023-10,7,2024-05,2023-11-09T22:59:00+00:00,CORE_LEVELPHASE_PANEL_R29B,0.30707681629810685,0.0,2.574525745257463,2.0689396421344637,1.4870156146827578,2.2037619729595255,0.22930928807539894,0.1,1.523480528808189,1.0983545506046262
2023-10,8,2024-06,2023-11-09T22:59:00+00:00,CORE_LEVELPHASE_PANEL_R29B,0.24906092210728942,-0.264200792602387,1.958136394328148,1.9777005691850196,1.7357668941014988,1.9392115541171089,0.3736363579123212,0.1,1.8964205999288613,1.1983045839129796
2023-10,9,2024-07,2023-11-09T22:59:00+00:00,CORE_LEVELPHASE_PANEL_R29B,0.3799468313909665,0.6622516556291425,2.150537634408578,1.8836050713852441,2.114993750623927,2.5992799572523184,0.7968584295294364,1.1,2.6901208789068063,2.2922985877464157
2023-10,10,2024-08,2023-11-09T22:59:00+00:00,CORE_LEVELPHASE_PANEL_R29B,0.044664043404649155,0.263157894736854,2.213279678068404,1.7240216556385735,2.159647822613691,2.862092197879281,0.20522497977379975,0.2,2.8951355598935993,2.4920988540137214
2023-10,11,2024-09,2023-11-09T22:59:00+00:00,CORE_LEVELPHASE_PANEL_R29B,-0.3305556791545758,-0.3937007874015741,2.567567567567563,2.141324853623124,1.8285446012197295,2.4676143687776473,-0.4648856231563272,-0.7,2.429165982788777,1.7896373603172755
2023-10,12,2024-10,2023-11-09T22:59:00+00:00,CORE_LEVELPHASE_PANEL_R29B,0.36383271887200735,0.3293807641633783,2.8359216745442346,2.2159116034336988,2.1917170498898484,2.7964538627363105,0.5666773357622273,0.4,2.994243742647668,2.1888394872710206
2023-11,1,2023-12,2023-12-10T22:59:00+00:00,CORE_LEVELPHASE_FIXED040_R29B,-0.1691302054657015,-0.4048582995951344,6.879073135409149,7.122374391505475,-0.16927339206834466,-0.4056800695614318,0.11106373917766188,0.0,0.11100210903513415,0.0
2023-11,2,2024-01,2023-12-10T22:59:00+00:00,CORE_LEVELPHASE_FIXED040_R29B,0.9038434864607323,1.4905149051490652,2.3224043715847307,1.9625060970454375,0.7305098761586063,1.07383582211328,0.46629915393356675,0.2,0.5762174563453535,0.19980026626730563
2023-11,3,2024-02,2023-12-10T22:59:00+00:00,CORE_LEVELPHASE_FIXED040_R29B,0.15559792219052548,0.26702269692922,1.9687712152070571,1.4971994446386088,0.8859868702070475,1.3405026468047876,0.30659622627981914,0.5,0.8823446348725827,0.698554417371213
2023-11,4,2024-03,2023-12-10T22:59:00+00:00,CORE_LEVELPHASE_FIXED040_R29B,-0.07756534285044003,0.1331557922769732,1.9661016949152728,1.2809562206259204,0.8083914298800695,1.4735698653753047,-0.11455541952335886,0.1,0.7677235504752749,0.7985044506795663
2023-11,5,2024-04,2023-12-10T22:59:00+00:00,CORE_LEVELPHASE_FIXED040_R29B,0.1510205765888869,0.6648936170212671,2.853260869565235,1.6406380260940607,0.9592980850782612,2.1362628141361903,0.3249109731283009,0.1,1.0921078284531416,0.8984544839879196
2023-11,6,2024-05,2023-12-10T22:59:00+00:00,CORE_LEVELPHASE_FIXED040_R29B,0.26109563942866726,0.0,2.574525745257463,1.6298492313043342,1.2200534619873316,2.1362628141361903,0.18416781163921014,0.1,1.2761062591097456,0.9984045172962729
2023-11,7,2024-06,2023-12-10T22:59:00+00:00,CORE_LEVELPHASE_FIXED040_R29B,0.2121914114185177,-0.264200792602387,1.958136394328148,1.5016587354413586,1.4320200653898152,1.8717123952937738,0.3206733737950092,0.1,1.5962665723811726,1.0983545506046262
2023-11,8,2024-07,2023-12-10T22:59:00+00:00,CORE_LEVELPHASE_FIXED040_R29B,0.338838319114098,0.6622516556291425,2.150537634408578,1.3664729535715463,1.7702856209350395,2.5317807984289833,0.7342297083148888,1.1,2.327813936084998,2.1923485544380625
2023-11,9,2024-08,2023-12-10T22:59:00+00:00,CORE_LEVELPHASE_FIXED040_R29B,-9.398739415225274e-05,0.263157894736854,2.213279678068404,1.1624211875353705,1.7701916334967192,2.7945930390559464,0.13416572743024766,0.2,2.461889741723659,2.3921488207053683
2023-11,10,2024-09,2023-12-10T22:59:00+00:00,CORE_LEVELPHASE_FIXED040_R29B,-0.37920172469129904,-0.3937007874015741,2.567567567567563,1.5278432490569376,1.3902691163167005,2.400115209954312,-0.5443511869995542,-0.7,1.9160515648972845,1.6896873270089223
2023-11,11,2024-10,2023-12-10T22:59:00+00:00,CORE_LEVELPHASE_FIXED040_R29B,0.31523958808049474,0.3293807641633783,2.8359216745442346,1.7791295217929621,1.7050128661866635,2.7289547039129753,0.4446945902433646,0.4,2.3597603103328595,2.0888894539626675
2023-11,12,2024-11,2023-12-10T22:59:00+00:00,CORE_LEVELPHASE_FIXED040_R29B,0.07058814631115845,0.0656598818122189,2.834008097166013,1.7914331757978381,1.775576110783574,2.7945930390559584,0.01140020809150893,0.0,2.3711598686500293,2.0888894539626675
2023-11,1,2023-12,2023-12-10T22:59:00+00:00,CORE_LEVELPHASE_FIXED060_R29B,-0.16312181263497944,-0.4048582995951344,6.879073135409149,7.128821628794188,-0.16325500112312266,-0.4056800695614318,0.12195178390344685,0.0,0.12187748311674891,0.0
2023-11,2,2024-01,2023-12-10T22:59:00+00:00,CORE_LEVELPHASE_FIXED060_R29B,0.9098731995515686,1.4905149051490652,2.3224043715847307,1.9747361262677368,0.7425037906625284,1.07383582211328,0.47722583394040435,0.2,0.597968204508583,0.19980026626730563
2023-11,3,2024-02,2023-12-10T22:59:00+00:00,CORE_LEVELPHASE_FIXED060_R29B,0.16262902398460374,0.26702269692922,1.9687712152070571,1.5164998012999678,0.9050007168501002,1.3405026468047876,0.3193375621016101,0.5,0.9167969671215068,0.698554417371213
2023-11,4,2024-03,2023-12-10T22:59:00+00:00,CORE_LEVELPHASE_FIXED060_R29B,-0.06955701484243923,0.1331557922769732,1.9661016949152728,1.308334208086729,0.8354194998925955,1.4735698653753047,-0.10004321368288448,0.1,0.8167036768139734,0.7985044506795663
2023-11,5,2024-04,2023-12-10T22:59:00+00:00,CORE_LEVELPHASE_FIXED060_R29B,0.16007533403070914,0.6648936170212671,2.853260869565235,1.677305161104033,0.9953668499228198,2.1362628141361903,0.3413194548613182,0.1,1.1574419588856941,0.8984544839879196
2023-11,6,2024-05,2023-12-10T22:59:00+00:00,CORE_LEVELPHASE_FIXED060_R29B,0.27050503476544,0.0,2.574525745257463,1.6760537664133792,1.265506678272006,2.1362628141361903,0.20121894663583154,0.1,1.3584587313621472,0.9984045172962729
2023-11,7,2024-06,2023-12-10T22:59:00+00:00,CORE_LEVELPHASE_FIXED060_R29B,0.2219814710282979,-0.264200792602387,1.958136394328148,1.5577255307099418,1.4872421344372444,1.8717123952937738,0.3384143254775206,0.1,1.696301724179418,1.0983545506046262
2023-11,8,2024-07,2023-12-10T22:59:00+00:00,CORE_LEVELPHASE_FIXED060_R29B,0.3490380990863162,0.6622516556291425,2.150537634408578,1.4327750101103773,1.8356725092660664,2.5317807984289833,0.7527131303645971,1.1,2.4461961051550825,2.1923485544380625
2023-11,9,2024-08,2023-12-10T22:59:00+00:00,CORE_LEVELPHASE_FIXED060_R29B,0.010270914438341442,0.263157894736854,2.213279678068404,1.2390820311619257,1.8459428962821045,2.7945930390559464,0.15294837329080463,0.2,2.59902763154987,2.3921488207053683
2023-11,10,2024-09,2023-12-10T22:59:00+00:00,CORE_LEVELPHASE_FIXED060_R29B,-0.3686827049571083,-0.3937007874015741,2.567567567567563,1.615509519039215,1.4765788815439322,2.400115209954312,-0.5252892580338479,-0.7,2.07235387896391,1.6896873270089223
2023-11,11,2024-10,2023-12-10T22:59:00+00:00,CORE_LEVELPHASE_FIXED060_R29B,0.32608979845908015,0.3293807641633783,2.8359216745442346,1.8780308219209154,1.8021381602207835,2.7289547039129753,0.46435668278867126,0.4,2.5356357521241875,2.0888894539626675
2023-11,12,2024-11,2023-12-10T22:59:00+00:00,CORE_LEVELPHASE_FIXED060_R29B,0.08139155147796642,0.0656598818122189,2.834008097166013,1.901346294042966,1.8834966067373666,2.7945930390559584,0.030977483073518667,0.0,2.566608438166059,2.0888894539626675
2023-11,1,2023-12,2023-12-10T22:59:00+00:00,CORE_LEVELPHASE_FIXED080_R29B,-0.1571127663335277,-0.4048582995951344,6.879073135409149,7.1352695672822,-0.1572363178673652,-0.4056800695614318,0.13284101280921679,0.0,0.1327528571983637,0.0
2023-11,2,2024-01,2023-12-10T22:59:00+00:00,CORE_LEVELPHASE_FIXED080_R29B,0.9159035684319189,1.4905149051490652,2.3224043715847307,1.9869682191637004,0.7544982902671334,1.07383582211328,0.48815370232918676,0.2,0.6197189526718125,0.19980026626730563
2023-11,3,2024-02,2023-12-10T22:59:00+00:00,CORE_LEVELPHASE_FIXED080_R29B,0.1696610188967073,0.26702269692922,1.9687712152070571,1.535804827108057,0.9240155474392775,1.3405026468047876,0.3320805163776664,0.5,0.9512492993704309,0.698554417371213
2023-11,4,2024-03,2023-12-10T22:59:00+00:00,CORE_LEVELPHASE_FIXED080_R29B,-0.061547523316520705,0.1331557922769732,1.9661016949152728,1.335721122358902,0.8624490758594348,1.4735698653753047,-0.08552889938587532,0.1,0.8656838031526718,0.7985044506795663
2023-11,5,2024-04,2023-12-10T22:59:00+00:00,CORE_LEVELPHASE_FIXED080_R29B,0.16913157240902701,0.6648936170212671,2.853260869565235,1.7139877281488747,1.0314377818899518,2.1362628141361903,0.35773062025754704,0.1,1.2227760893182467,0.8984544839879196
2023-11,6,2024-05,2023-12-10T22:59:00+00:00,CORE_LEVELPHASE_FIXED080_R29B,0.2799160315615413,0.0,2.574525745257463,1.7222822409206022,1.3109627780717166,2.1362628141361903,0.2182729836998256,0.1,1.4408112036145486,0.9984045172962729
2023-11,7,2024-06,2023-12-10T22:59:00+00:00,CORE_LEVELPHASE_FIXED080_R29B,0.23177326193601175,-0.264200792602387,1.958136394328148,1.6138270113822608,1.5424678600826234,1.8717123952937738,0.35615841451304237,0.1,1.7963368759776632,1.0983545506046262
2023-11,8,2024-07,2023-12-10T22:59:00+00:00,CORE_LEVELPHASE_FIXED080_R29B,0.35923975058560687,0.6622516556291425,2.150537634408578,1.4991249892579046,1.901063885892435,2.5317807984289833,0.771199943882048,1.1,2.564578274225166,2.1923485544380625
2023-11,9,2024-08,2023-12-10T22:59:00+00:00,CORE_LEVELPHASE_FIXED080_R29B,0.020637760465197597,0.263157894736854,2.213279678068404,1.3158063968441502,1.921699517064801,2.7945930390559464,0.17173454230235563,0.2,2.7361655213760803,2.3921488207053683
2023-11,10,2024-09,2023-12-10T22:59:00+00:00,CORE_LEVELPHASE_FIXED080_R29B,-0.35816166912016884,-0.3937007874015741,2.567567567567563,1.7032578596174643,1.5628949134160637,2.400115209954312,-0.5062236756091353,-0.7,2.228656193030534,1.6896873270089223
2023-11,11,2024-10,2023-12-10T22:59:00+00:00,CORE_LEVELPHASE_FIXED080_R29B,0.33694213277105456,0.3293807641633783,2.8359216745442346,1.9770355833261446,1.8992706680706868,2.7289547039129753,0.4840226241971241,0.4,2.7115111939155137,2.0888894539626675
2023-11,12,2024-11,2023-12-10T22:59:00+00:00,CORE_LEVELPHASE_FIXED080_R29B,0.09219707141602301,0.0656598818122189,2.834008097166013,2.011386420658452,1.9914252640921961,2.7945930390559584,0.0505585903156,0.0,2.7620570076820874,2.0888894539626675
2023-11,1,2023-12,2023-12-10T22:59:00+00:00,CORE_LEVELPHASE_PANEL_R29B,-0.16753987962559036,-0.4048582995951344,6.879073135409149,7.124080872480744,-0.16768038463846505,-0.4056800695614318,0.11394563111840918,0.0,0.11388076235622507,0.0
2023-11,2,2024-01,2023-12-10T22:59:00+00:00,CORE_LEVELPHASE_PANEL_R29B,0.9054394554339629,1.4905149051490652,2.3224043715847307,1.9657431195267614,0.7336845442038932,1.07383582211328,0.4691912720175654,0.2,0.5819747629875353,0.19980026626730563
2023-11,3,2024-02,2023-12-10T22:59:00+00:00,CORE_LEVELPHASE_PANEL_R29B,0.15651852435486252,0.26702269692922,1.9687712152070571,1.5013546583511022,0.8900807059798534,1.3405026468047876,0.30826448563341924,0.5,0.8897650878516994,0.698554417371213
2023-11,4,2024-03,2023-12-10T22:59:00+00:00,CORE_LEVELPHASE_PANEL_R29B,-0.0773186026795496,0.1331557922769732,1.9661016949152728,1.2853526865447642,0.8127321970523133,1.4735698653753047,-0.11410829196495988,0.1,0.7755916428071703,0.7985044506795663
2023-11,5,2024-04,2023-12-10T22:59:00+00:00,CORE_LEVELPHASE_PANEL_R29B,0.15059546602281842,0.6648936170212671,2.853260869565235,1.6446186530353235,0.9632143818198933,2.1362628141361903,0.3241406135684049,0.1,1.0992080531536597,0.8984544839879196
2023-11,6,2024-05,2023-12-10T22:59:00+00:00,CORE_LEVELPHASE_PANEL_R29B,0.2632131341663288,0.0,2.574525745257463,1.6359759223231574,1.226081716875775,2.1362628141361903,0.1880050070523307,0.1,1.2870365519875069,0.9984045172962729
2023-11,7,2024-06,2023-12-10T22:59:00+00:00,CORE_LEVELPHASE_PANEL_R29B,0.2168573809146802,-0.264200792602387,1.958136394328148,1.5125039917329168,1.4427043015595349,1.8717123952937738,0.329128760450755,0.1,1.6156248692447974,1.0983545506046262
2023-11,8,2024-07,2023-12-10T22:59:00+00:00,CORE_LEVELPHASE_PANEL_R29B,0.346079724241901,0.6622516556291425,2.150537634408578,1.3846201161969431,1.7881865480265762,2.5317807984289833,0.747352143070802,1.1,2.360198172743107,2.1923485544380625
2023-11,9,2024-08,2023-12-10T22:59:00+00:00,CORE_LEVELPHASE_PANEL_R29B,0.010116184064552485,0.263157894736854,2.213279678068404,1.1908625352245497,1.7983022204397348,2.7945930390559464,0.15266798030091266,0.2,2.51274973395769,2.3921488207053683
2023-11,10,2024-09,2023-12-10T22:59:00+00:00,CORE_LEVELPHASE_PANEL_R29B,-0.366069081327575,-0.3937007874015741,2.567567567567563,1.5697751384205532,1.4315614665592509,2.400115209954312,-0.5205530079622447,-0.7,1.9908371284886752,1.6896873270089223
2023-11,11,2024-10,2023-12-10T22:59:00+00:00,CORE_LEVELPHASE_PANEL_R29B,0.3315244025076862,0.3293807641633783,2.8359216745442346,1.837694475552586,1.7625375384852153,2.7289547039129753,0.4742049423175083,0.4,2.463921261063048,2.0888894539626675
2023-11,12,2024-11,2023-12-10T22:59:00+00:00,CORE_LEVELPHASE_PANEL_R29B,0.08680271194487726,0.0656598818122189,2.834008097166013,1.866508096090868,1.8493025986630156,2.7945930390559584,0.040783259566838335,0.0,2.5046962065190153,2.0888894539626675
2023-12,1,2024-01,2024-01-10T22:59:00+00:00,CORE_LEVELPHASE_FIXED040_R29B,0.8953107625467436,1.4905149051490652,2.3224043715847307,1.999914487402183,0.8913266183952625,1.4795158916747118,0.4783026733566856,0.2,0.4771624405172448,0.19980026626730563
2023-12,2,2024-02,2024-01-10T22:59:00+00:00,CORE_LEVELPHASE_FIXED040_R29B,0.1828362000763965,0.26702269692922,1.9687712152070571,1.5620503879928087,1.0739958765472406,1.7461827163662194,0.32249849873158415,0.5,0.7991420281946655,0.698554417371213
2023-12,3,2024-03,2024-01-10T22:59:00+00:00,CORE_LEVELPHASE_FIXED040_R29B,-0.05168284769348526,0.1331557922769732,1.9661016949152728,1.3719201465110904,1.022299668666545,1.8792499349367366,-0.09812021846069391,0.1,0.7009736403357608,0.7985044506795663
2023-12,4,2024-04,2024-01-10T22:59:00+00:00,CORE_LEVELPHASE_FIXED040_R29B,0.1735320931224905,0.6648936170212671,2.853260869565235,1.7547918600782635,1.1956813688138996,2.5419428836976223,0.3422734144382938,0.1,1.0426626324912942,0.8984544839879196
2023-12,5,2024-05,2024-01-10T22:59:00+00:00,CORE_LEVELPHASE_FIXED040_R29B,0.282105739854422,0.0,2.574525745257463,1.7653117951361097,1.4773899372130044,2.5419428836976223,0.19906880922691503,0.1,1.241533562331415,0.9984045172962729
2023-12,6,2024-06,2024-01-10T22:59:00+00:00,CORE_LEVELPHASE_FIXED040_R29B,0.2209756264586628,-0.264200792602387,1.958136394328148,1.645859537920382,1.6981217716155141,2.277392464855206,0.3356265957439679,0.1,1.5765981890770857,1.0983545506046262
2023-12,7,2024-07,2024-01-10T22:59:00+00:00,CORE_LEVELPHASE_FIXED040_R29B,0.35415783305243015,0.6622516556291425,2.150537634408578,1.5259800989607317,2.051653942600044,2.9374608679904153,0.7494064769366329,1.1,2.3232105664344207,2.1923485544380625
2023-12,8,2024-08,2024-01-10T22:59:00+00:00,CORE_LEVELPHASE_FIXED040_R29B,0.013387115109106298,0.263157894736854,2.213279678068404,1.3352665259476615,2.0650401617148604,3.2002731086173783,0.14874824607595255,0.2,2.4718482918915665,2.3921488207053683
2023-12,9,2024-09,2024-01-10T22:59:00+00:00,CORE_LEVELPHASE_FIXED040_R29B,-0.36705140221068383,-0.3937007874015741,2.567567567567563,1.7137170187583008,1.6973134729058017,2.8057952795157446,-0.5297818564738822,-0.7,1.9406581151213196,1.6896873270089223
2023-12,10,2024-10,2024-01-10T22:59:00+00:00,CORE_LEVELPHASE_FIXED040_R29B,0.32663244898932275,0.3293807641633783,2.8359216745442346,1.9770436157662563,2.0234136368735833,3.1346347734744073,0.4595615753570803,0.4,2.399166930425597,2.0888894539626675
2023-12,11,2024-11,2024-01-10T22:59:00+00:00,CORE_LEVELPHASE_FIXED040_R29B,0.0920947674851064,0.0656598818122189,2.834008097166013,2.0020853453819885,2.115466023146289,3.200273108617391,0.017789830843919354,0.0,2.416955179066754,2.0888894539626675
2023-12,12,2024-12,2024-01-10T22:59:00+00:00,CORE_LEVELPHASE_FIXED040_R29B,0.04228944232543292,-0.2624671916010568,2.981029810298109,2.181194219943051,2.157746526007272,2.9374608679904326,0.15122165237659652,0.0,2.5680626066432,2.0888894539626675
2023-12,1,2024-01,2024-01-10T22:59:00+00:00,CORE_LEVELPHASE_FIXED060_R29B,0.9069087195775855,1.4905149051490652,2.3224043715847307,2.011639419080708,0.9028209984604315,1.4795158916747118,0.49932090080208297,0.2,0.4980784282259631,0.19980026626730563
2023-12,2,2024-02,2024-01-10T22:59:00+00:00,CORE_LEVELPHASE_FIXED060_R29B,0.1944161730243623,0.26702269692922,1.9687712152070571,1.5854657305612974,1.0970484278356536,1.7461827163662194,0.3434841347866806,0.5,0.8409740036121021,0.698554417371213
2023-12,3,2024-03,2024-01-10T22:59:00+00:00,CORE_LEVELPHASE_FIXED060_R29B,-0.0394861482383506,0.1331557922769732,1.9661016949152728,1.4076649280007971,1.0575544817650129,1.8792499349367366,-0.07601692884257681,0.1,0.7649281672515053,0.7985044506795663
2023-12,4,2024-04,2024-01-10T22:59:00+00:00,CORE_LEVELPHASE_FIXED060_R29B,0.1864507770653444,0.6648936170212671,2.853260869565235,1.8037988812586634,1.2438316551258248,2.5419428836976223,0.36568510985017083,0.1,1.129946274694936,0.8984544839879196
2023-12,5,2024-05,2024-01-10T22:59:00+00:00,CORE_LEVELPHASE_FIXED060_R29B,0.2956732593922119,0.0,2.574525745257463,1.8280987016458423,1.5390686608485211,2.5419428836976223,0.2236563474249628,0.1,1.353352883612544,0.9984045172962729
2023-12,6,2024-06,2024-01-10T22:59:00+00:00,CORE_LEVELPHASE_FIXED060_R29B,0.23480470960758903,-0.264200792602387,1.958136394328148,1.722607095676781,1.7735981349575844,2.277392464855206,0.3606881487582186,0.1,1.71339211258389,1.0983545506046262
2023-12,7,2024-07,2024-01-10T22:59:00+00:00,CORE_LEVELPHASE_FIXED060_R29B,0.368288023165182,0.6622516556291425,2.150537634408578,1.6169431219606882,2.141209638301601,2.9374608679904153,0.7750137066277543,1.1,2.485418015315089,2.1923485544380625
2023-12,8,2024-08,2024-01-10T22:59:00+00:00,CORE_LEVELPHASE_FIXED060_R29B,0.02767568470777544,0.263157894736854,2.213279678068404,1.4405490707191317,2.16888149399821,3.2002731086173783,0.1746424966664309,0.2,2.6599081892942866,2.3921488207053683
2023-12,9,2024-09,2024-01-10T22:59:00+00:00,CORE_LEVELPHASE_FIXED060_R29B,-0.3527113893046862,-0.3937007874015741,2.567567567567563,1.834047460036003,1.8155466115535195,2.8057952795157446,-0.5037943785045562,-0.7,2.1548404884929457,1.6896873270089223
2023-12,10,2024-10,2024-01-10T22:59:00+00:00,CORE_LEVELPHASE_FIXED060_R29B,0.34126481597202807,0.3293807641633783,2.8359216745442346,2.112576250744164,2.1562304405799115,3.1346347734744073,0.486078867712034,0.4,2.6397418072129835,2.0888894539626675
2023-12,11,2024-11,2024-01-10T22:59:00+00:00,CORE_LEVELPHASE_FIXED060_R29B,0.10681185697908446,0.0656598818122189,2.834008097166013,2.152669120962802,2.2629852942822675,3.200273108617391,0.04446066032674311,0.0,2.684192586716754,2.0888894539626675
2023-12,12,2024-12,2024-01-10T22:59:00+00:00,CORE_LEVELPHASE_FIXED060_R29B,0.057026165607181774,-0.2624671916010568,2.981029810298109,2.347116425815461,2.319995206150592,2.9374608679904326,0.1779280629032096,0.0,2.861962545155814,2.0888894539626675
2023-12,1,2024-01,2024-01-10T22:59:00+00:00,CORE_LEVELPHASE_FIXED080_R29B,0.9185091026894049,1.4905149051490652,2.3224043715847307,2.023366803400991,0.9143164614697635,1.4795158916747118,0.5203435248771328,0.2,0.5189944159346815,0.19980026626730563
2023-12,2,2024-02,2024-01-10T22:59:00+00:00,CORE_LEVELPHASE_FIXED080_R29B,0.2059985682913637,0.26702269692922,1.9687712152070571,1.6088886709353374,1.1201031436487774,1.7461827163662194,0.36447416065390525,0.5,0.882805979029539,0.698554417371213
2023-12,3,2024-03,2024-01-10T22:59:00+00:00,CORE_LEVELPHASE_FIXED080_R29B,-0.027286750263618195,0.1331557922769732,1.9661016949152728,1.443425737194362,1.092812669874094,1.8792499349367366,-0.05390874887191566,0.1,0.8288826941672501,0.7985044506795663
2023-12,4,2024-04,2024-01-10T22:59:00+00:00,CORE_LEVELPHASE_FIXED080_R29B,0.19937247517444462,0.6648936170212671,2.853260869565235,1.8528343130657865,1.2919866618993132,2.5419428836976223,0.3891022676405991,0.1,1.2172299168985785,0.8984544839879196
2023-12,5,2024-05,2024-01-10T22:59:00+00:00,CORE_LEVELPHASE_FIXED080_R29B,0.30924410822146975,0.0,2.574525745257463,1.8909306732321614,1.6007535940346218,2.5419428836976223,0.24824991908262073,0.1,1.4651722048936737,0.9984045172962729
2023-12,6,2024-06,2024-01-10T22:59:00+00:00,CORE_LEVELPHASE_FIXED080_R29B,0.24863724694634023,-0.264200792602387,1.958136394328148,1.7994204927370794,1.8490822499870398,2.277392464855206,0.3857559615772942,0.1,1.8501860360906952,1.0983545506046262
2023-12,7,2024-07,2024-01-10T22:59:00+00:00,CORE_LEVELPHASE_FIXED080_R29B,0.3824218047137194,0.6622516556291425,2.150537634408578,1.7079971511146126,2.2307746814473335,2.9374608679904153,0.8006274448456788,1.1,2.647625464195758,2.1923485544380625
2023-12,8,2024-08,2024-01-10T22:59:00+00:00,CORE_LEVELPHASE_FIXED080_R29B,0.04196794872907338,0.263157894736854,2.213279678068404,1.5459521689362845,2.2727338260959797,3.2002731086173783,0.2005434424201078,0.2,2.8479680866970076,2.3921488207053683
2023-12,9,2024-09,2024-01-10T22:59:00+00:00,CORE_LEVELPHASE_FIXED080_R29B,-0.33836762994295105,-0.3937007874015741,2.567567567567563,1.95453319194822,1.9337924382484364,2.8057952795157446,-0.4778001110757938,-0.7,2.369022861864573,1.6896873270089223
2023-12,10,2024-10,2024-01-10T22:59:00+00:00,CORE_LEVELPHASE_FIXED080_R29B,0.3559010453123532,0.3293807641633783,2.8359216745442346,2.248303749598999,2.289061654470966,3.1346347734744073,0.5126031595679096,0.4,2.88031668400037,2.0888894539626675
2023-12,11,2024-11,2024-01-10T22:59:00+00:00,CORE_LEVELPHASE_FIXED080_R29B,0.12153287094474945,0.0656598818122189,2.834008097166013,2.303491741587838,2.4105207340032786,3.200273108617391,0.07113860187579535,0.0,2.951429994366755,2.0888894539626675
2023-12,12,2024-12,2024-01-10T22:59:00+00:00,CORE_LEVELPHASE_FIXED080_R29B,0.0717668185961802,-0.2624671916010568,2.981029810298109,2.513326433569215,2.4822618125326836,2.9374608679904326,0.20464159498412277,0.0,3.1558624836684284,2.0888894539626675
2023-12,1,2024-01,2024-01-10T22:59:00+00:00,CORE_LEVELPHASE_PANEL_R29B,0.8982531158298646,1.4905149051490652,2.3224043715847307,2.0028890536233668,0.894242819711874,1.4795158916747118,0.48363490991911573,0.2,0.4824691534478682,0.19980026626730563
2023-12,2,2024-02,2024-01-10T22:59:00+00:00,CORE_LEVELPHASE_PANEL_R29B,0.18577399087276636,0.26702269692922,1.9687712152070571,1.56799050715847,1.0798444641231377,1.7461827163662194,0.32782246699434764,0.5,0.8097554540559124,0.698554417371213
2023-12,3,2024-03,2024-01-10T22:59:00+00:00,CORE_LEVELPHASE_PANEL_R29B,-0.04994010948217398,0.1331557922769732,1.9661016949152728,1.3796168095118884,1.0298918804150208,1.8792499349367366,-0.09496196670948297,0.1,0.714748369905622,0.7985044506795663
2023-12,4,2024-04,2024-01-10T22:59:00+00:00,CORE_LEVELPHASE_PANEL_R29B,0.1740945900490139,0.6648936170212671,2.853260869565235,1.763089012051477,1.203835101490611,2.5419428836976223,0.3432927912395327,0.1,1.0574532565477601,0.8984544839879196
2023-12,5,2024-05,2024-01-10T22:59:00+00:00,CORE_LEVELPHASE_PANEL_R29B,0.2814812310840891,0.0,2.574525745257463,1.7729760077706744,1.4849209159992747,2.5419428836976223,0.19793705237166914,0.1,1.2551946716524764,0.9984045172962729
2023-12,6,2024-06,2024-01-10T22:59:00+00:00,CORE_LEVELPHASE_PANEL_R29B,0.2239936150068047,-0.264200792602387,1.958136394328148,1.6565758813813538,1.7086640392954802,2.277392464855206,0.34109590120559086,0.1,1.5957101602568864,1.0983545506046262
2023-12,7,2024-07,2024-01-10T22:59:00+00:00,CORE_LEVELPHASE_PANEL_R29B,0.3608468818548046,0.6622516556291425,2.150537634408578,1.5434516731365255,2.0688614307644992,2.9374608679904153,0.7615286074763306,1.1,2.3543537760671045,2.1923485544380625
2023-12,8,2024-08,2024-01-10T22:59:00+00:00,CORE_LEVELPHASE_PANEL_R29B,0.023673325664289417,0.263157894736854,2.213279678068404,1.3631292374856523,2.0925319547392087,3.2002731086173783,0.1673892802188764,0.2,2.521603116571277,2.3921488207053683
2023-12,9,2024-09,2024-01-10T22:59:00+00:00,CORE_LEVELPHASE_PANEL_R29B,-0.35290995973884093,-0.3937007874015741,2.567567567567563,1.7561245340711402,1.738997798802211,2.8057952795157446,-0.5041542348601106,-0.7,2.0161737366445163,1.6896873270089223
2023-12,10,2024-10,2024-01-10T22:59:00+00:00,CORE_LEVELPHASE_PANEL_R29B,0.3448787885190603,0.3293807641633783,2.8359216745442346,2.038115151208732,2.0832832442456737,3.1346347734744073,0.492628236430417,0.4,2.5075925305887403,2.0888894539626675
2023-12,11,2024-11,2024-01-10T22:59:00+00:00,CORE_LEVELPHASE_PANEL_R29B,0.11420796243843587,0.0656598818122189,2.834008097166013,2.085720539733497,2.197426039003755,3.200273108617391,0.05786414391798294,0.0,2.5654399396663035,2.0888894539626675
2023-12,12,2024-12,2024-01-10T22:59:00+00:00,CORE_LEVELPHASE_PANEL_R29B,0.06443213806944696,-0.2624671916010568,2.981029810298109,2.2876109226118486,2.2618374284831497,2.9374608679904326,0.1913494278256955,0.0,2.7566065276791556,2.0888894539626675
2024-01,1,2024-02,2024-02-14T22:59:00+00:00,CORE_LEVELPHASE_FIXED040_R29B,0.27019127893887845,0.26702269692922,1.9687712152070571,1.4107451745637705,0.2698269184687189,0.2666668246915076,0.29392811583764716,0.5,0.2934969917412693,0.49875415110390736
2024-01,2,2024-03,2024-02-14T22:59:00+00:00,CORE_LEVELPHASE_FIXED040_R29B,-0.0586883494603874,0.1331557922769732,1.9661016949152728,1.2138034869510534,0.21112134065549923,0.3997340432620249,-0.12053244499487495,0.1,0.17289184797196722,0.5987041844122607
2024-01,3,2024-04,2024-02-14T22:59:00+00:00,CORE_LEVELPHASE_FIXED040_R29B,0.17485842357018788,0.6648936170212671,2.853260869565235,1.5974231749603014,0.38582706486343765,1.0624269920229108,0.3212550934986908,0.1,0.4936320198084778,0.698654217720614
2024-01,4,2024-05,2024-02-14T22:59:00+00:00,CORE_LEVELPHASE_FIXED040_R29B,0.2748003814560205,0.0,2.574525745257463,1.6005248985181644,0.6602505603693519,1.0624269920229108,0.17918220112834357,0.1,0.672653881135833,0.7986042510289673
2024-01,5,2024-06,2024-02-14T22:59:00+00:00,CORE_LEVELPHASE_FIXED040_R29B,0.21519802145036918,-0.264200792602387,1.958136394328148,1.4754158093148158,0.8752173625376676,0.7978765731804942,0.3141944002334014,0.1,0.9863557222226973,0.8985542843373205
2024-01,6,2024-07,2024-02-14T22:59:00+00:00,CORE_LEVELPHASE_FIXED040_R29B,0.3419617480126965,0.6622516556291425,2.150537634408578,1.3434195814138796,1.2165957508977956,1.4579449763157035,0.7287208977823603,1.1,1.7124342783692739,1.9925482881707568
2024-01,7,2024-08,2024-02-14T22:59:00+00:00,CORE_LEVELPHASE_FIXED040_R29B,-0.0012954994205930694,0.263157894736854,2.213279678068404,1.1381990186885267,1.2153002430855362,1.7207572169426664,0.12881701653173486,0.2,1.841168396965729,2.1923485544380625
2024-01,8,2024-09,2024-02-14T22:59:00+00:00,CORE_LEVELPHASE_FIXED040_R29B,-0.3802307304364256,-0.3937007874015741,2.567567567567563,1.5024851311905396,0.8343447979653741,1.3262793878410322,-0.5496133253684343,-0.7,1.2900391405024725,1.4898870607416166
2024-01,9,2024-10,2024-02-14T22:59:00+00:00,CORE_LEVELPHASE_FIXED040_R29B,0.31419880941212436,0.3293807641633783,2.8359216745442346,1.7526529384704714,1.1480510344208623,1.6551188817996954,0.439942074899448,0.4,1.729016299268505,1.889089187695362
2024-01,10,2024-11,2024-02-14T22:59:00+00:00,CORE_LEVELPHASE_FIXED040_R29B,0.08049568562608664,0.0656598818122189,2.834008097166013,1.7658451564751851,1.2285143396453126,1.7207572169426786,-0.001437734456988205,0.0,1.7275785544760158,1.889089187695362
2024-01,11,2024-12,2024-02-14T22:59:00+00:00,CORE_LEVELPHASE_FIXED040_R29B,-0.0031420453645841367,-0.2624671916010568,2.981029810298109,2.1763169267533047,1.2253722449174491,1.4579449763157206,0.09893437401165701,0.0,1.8264640206909577,1.889089187695362
2024-01,12,2025-01,2024-02-14T22:59:00+00:00,CORE_LEVELPHASE_FIXED040_R29B,1.0084243278618685,1.3157894736842035,2.8037383177569937,2.253767989687868,2.2287459010740944,2.7651531330509904,0.4762469337598462,0.5,2.3015804865329037,2.3878433387992692
2024-01,1,2024-02,2024-02-14T22:59:00+00:00,CORE_LEVELPHASE_FIXED060_R29B,0.2753742773658067,0.26702269692922,1.9687712152070571,1.415987128588284,0.2749958170317012,0.2666668246915076,0.30332117354308125,0.5,0.3028620829831226,0.49875415110390736
2024-01,2,2024-03,2024-02-14T22:59:00+00:00,CORE_LEVELPHASE_FIXED060_R29B,-0.05352676956272777,0.1331557922769732,1.9661016949152728,1.224262830347218,0.22145471677960943,0.3997340432620249,-0.11117820371669287,0.1,0.19162203045567383,0.5987041844122607
2024-01,3,2024-04,2024-02-14T22:59:00+00:00,CORE_LEVELPHASE_FIXED060_R29B,0.18079440367613941,0.6648936170212671,2.853260869565235,1.6139430592681434,0.4020858840922718,1.0624269920229108,0.3320127667759632,0.1,0.5230848517683651,0.698654217720614
2024-01,4,2024-05,2024-02-14T22:59:00+00:00,CORE_LEVELPHASE_FIXED060_R29B,0.2814784704538712,0.0,2.574525745257463,1.623812766831971,0.6831689457195239,1.0624269920229108,0.19128478541487048,0.1,0.7141869208062284,0.7986042510289673
2024-01,5,2024-06,2024-02-14T22:59:00+00:00,CORE_LEVELPHASE_FIXED060_R29B,0.22263664753825688,-0.264200792602387,1.958136394328148,1.5062088954859205,0.9055581251087741,0.7978765731804942,0.3276752926314502,0.1,1.0413265278379282,0.8985542843373205
2024-01,6,2024-07,2024-02-14T22:59:00+00:00,CORE_LEVELPHASE_FIXED060_R29B,0.3497056386118916,0.6622516556291425,2.150537634408578,1.3819961643163405,1.2546537153875246,1.4579449763157035,0.7427550157332539,1.1,1.7813367017581463,1.9925482881707568
2024-01,7,2024-08,2024-02-14T22:59:00+00:00,CORE_LEVELPHASE_FIXED060_R29B,0.0066751637467228515,0.263157894736854,2.213279678068404,1.1847620421946181,1.261328656355106,1.7207572169426664,0.1432621104550119,0.2,1.924496289957049,2.1923485544380625
2024-01,8,2024-09,2024-02-14T22:59:00+00:00,CORE_LEVELPHASE_FIXED060_R29B,-0.37204302837848374,-0.3937007874015741,2.567567567567563,1.557562150776889,0.8885918265406358,1.3262793878410322,-0.5347748956468323,-0.7,1.3882863549250457,1.4898870607416166
2024-01,9,2024-10,2024-02-14T22:59:00+00:00,CORE_LEVELPHASE_FIXED060_R29B,0.32263638884013246,0.3293807641633783,2.8359216745442346,1.8164289174905257,1.2107088609681365,1.6551188817996954,0.4552333530232644,0.4,1.8424866549345404,1.889089187695362
2024-01,10,2024-11,2024-02-14T22:59:00+00:00,CORE_LEVELPHASE_FIXED060_R29B,0.08906385460842926,0.0656598818122189,2.834008097166013,1.8383473212167198,1.29973307725944,1.7207572169426786,0.01409020883987129,0.0,1.8565758711977223,1.889089187695362
2024-01,11,2024-12,2024-02-14T22:59:00+00:00,CORE_LEVELPHASE_FIXED060_R29B,0.005602560799478507,-0.2624671916010568,2.981029810298109,2.258053091487862,1.3053354811213427,1.4579449763157206,0.1147820713375106,0.0,1.9712921182805438,1.889089187695362
2024-01,12,2025-01,2024-02-14T22:59:00+00:00,CORE_LEVELPHASE_FIXED060_R29B,1.0172018959126525,1.3157894736842035,2.8037383177569937,2.3444590073975804,2.3173986963407422,2.7651531330509904,0.49215436733845336,0.5,2.4622393649903698,2.3878433387992692
2024-01,1,2024-02,2024-02-14T22:59:00+00:00,CORE_LEVELPHASE_FIXED080_R29B,0.2805577612079962,0.26702269692922,1.9687712152070571,1.421229573549563,0.2801649324905715,0.2666668246915076,0.312715110958132,0.5,0.31222717422497587,0.49875415110390736
2024-01,2,2024-03,2024-02-14T22:59:00+00:00,CORE_LEVELPHASE_FIXED080_R29B,-0.0483647062557657,0.1331557922769732,1.9661016949152728,1.2347236937937696,0.23178852673831296,0.3997340432620249,-0.10182308636425819,0.1,0.2103522129393804,0.5987041844122607
2024-01,3,2024-04,2024-02-14T22:59:00+00:00,CORE_LEVELPHASE_FIXED080_R29B,0.1867310203105564,0.6648936170212671,2.853260869565235,1.6304663595293902,0.4183454214098295,1.0624269920229108,0.3427715936226784,0.1,0.5525376837282524,0.698654217720614
2024-01,4,2024-05,2024-02-14T22:59:00+00:00,CORE_LEVELPHASE_FIXED080_R29B,0.28815736622747307,0.0,2.574525745257463,1.6471070698120815,0.7060884101473937,1.0624269920229108,0.20338883180702846,0.1,0.7557199604766239,0.7986042510289673
2024-01,5,2024-06,2024-02-14T22:59:00+00:00,CORE_LEVELPHASE_FIXED080_R29B,0.23007627327847174,-0.264200792602387,1.958136394328148,1.5370128749391097,0.935900413239279,0.7978765731804942,0.34115799668198676,0.1,1.0962973334531594,0.8985542843373205
2024-01,6,2024-07,2024-02-14T22:59:00+00:00,CORE_LEVELPHASE_FIXED080_R29B,0.35745060813548,0.6622516556291425,2.150537634408578,1.4205894650946382,1.2927136850120677,1.4579449763157035,0.756791089000019,1.1,1.8502391251470192,1.9925482881707568
2024-01,7,2024-08,2024-02-14T22:59:00+00:00,CORE_LEVELPHASE_FIXED080_R29B,0.014646976802567522,0.263157894736854,2.213279678068404,1.231349053505202,1.307359589249719,1.7207572169426664,0.15770928830122613,0.2,2.0078241829483696,2.1923485544380625
2024-01,8,2024-09,2024-02-14T22:59:00+00:00,CORE_LEVELPHASE_FIXED080_R29B,-0.36385410467982604,-0.3937007874015741,2.567567567567563,1.6126721759554943,0.9428419254420188,1.3262793878410322,-0.5199342519670552,-0.7,1.4865335693476198,1.4898870607416166
2024-01,9,2024-10,2024-02-14T22:59:00+00:00,CORE_LEVELPHASE_FIXED080_R29B,0.3310752528305473,0.3293807641633783,2.8359216745442346,1.8802485814716288,1.273370330809381,1.6551188817996954,0.4705269591371396,0.4,1.9559570106005768,1.889089187695362
2024-01,10,2024-11,2024-02-14T22:59:00+00:00,CORE_LEVELPHASE_FIXED080_R29B,0.09763335407032181,0.0656598818122189,2.834008097166013,1.9109054601381383,1.3709560545201247,1.7207572169426786,0.029620563341627833,0.0,1.9855731879194296,1.889089187695362
2024-01,11,2024-12,2024-02-14T22:59:00+00:00,CORE_LEVELPHASE_FIXED080_R29B,0.014348551412562395,-0.2624671916010568,2.981029810298109,2.3398596142453756,1.3853035766265083,1.4579449763157206,0.13063227767619337,0.0,2.116120215870131,1.889089187695362
2024-01,12,2025-01,2024-02-14T22:59:00+00:00,CORE_LEVELPHASE_FIXED080_R29B,1.0259808536309947,1.3157894736842035,2.8037383177569937,2.435236074162531,2.4060569714445434,2.7651531330509904,0.5080643193873536,0.5,2.6228982434478367,2.3878433387992692
2024-01,1,2024-02,2024-02-14T22:59:00+00:00,CORE_LEVELPHASE_PANEL_R29B,0.27111120829514396,0.26702269692922,1.9687712152070571,1.4116755679372839,0.27074436474523395,0.2666668246915076,0.295595287774924,0.5,0.2951592639367724,0.49875415110390736
2024-01,2,2024-03,2024-02-14T22:59:00+00:00,CORE_LEVELPHASE_PANEL_R29B,-0.057772221674606626,0.1331557922769732,1.9661016949152728,1.2156598742769,0.2129554484924458,0.3997340432620249,-0.11887216257752328,0.1,0.1762163923629734,0.5987041844122607
2024-01,3,2024-04,2024-02-14T22:59:00+00:00,CORE_LEVELPHASE_PANEL_R29B,0.1749844263105172,0.6648936170212671,2.853260869565235,1.5994143927753848,0.38778695541978847,1.0624269920229108,0.321483446068664,0.1,0.49718418526530017,0.698654217720614
2024-01,4,2024-05,2024-02-14T22:59:00+00:00,CORE_LEVELPHASE_PANEL_R29B,0.27413316456070247,0.0,2.574525745257463,1.601840125761951,0.6615450603065426,1.0624269920229108,0.1779730155790674,0.1,0.6749990165287847,0.7986042510289673
2024-01,5,2024-06,2024-02-14T22:59:00+00:00,CORE_LEVELPHASE_PANEL_R29B,0.21373580675426024,-0.264200792602387,1.958136394328148,1.4752487956282931,0.8750527770342419,0.7978765731804942,0.31154445402718095,0.1,0.9860591764220914,0.8985542843373205
2024-01,6,2024-07,2024-02-14T22:59:00+00:00,CORE_LEVELPHASE_PANEL_R29B,0.34235108874722214,0.6622516556291425,2.150537634408578,1.343646010856517,1.2168191785170923,1.4579449763157035,0.7294264932090296,1.1,1.7128382209190376,1.9925482881707568
2024-01,7,2024-08,2024-02-14T22:59:00+00:00,CORE_LEVELPHASE_PANEL_R29B,0.0009381187889004917,0.263157894736854,2.213279678068404,1.1406840651549084,1.2177572929056861,1.7207572169426664,0.13286496387909985,0.2,1.8456149974097895,2.1923485544380625
2024-01,8,2024-09,2024-02-14T22:59:00+00:00,CORE_LEVELPHASE_PANEL_R29B,-0.37617810048032785,-0.3937007874015741,2.567567567567563,1.5091084506009917,0.8408698631559328,1.3262793878410322,-0.5422688147394861,-0.7,1.3018705683847567,1.4898870607416166
2024-01,9,2024-10,2024-02-14T22:59:00+00:00,CORE_LEVELPHASE_PANEL_R29B,0.3214050495923475,0.3293807641633783,2.8359216745442346,1.7666026329621571,1.1617595107754597,1.6551188817996954,0.4530018183677032,0.4,1.7538494217186096,1.889089187695362
2024-01,10,2024-11,2024-02-14T22:59:00+00:00,CORE_LEVELPHASE_PANEL_R29B,0.09077003669307868,0.0656598818122189,2.834008097166013,1.7902454623315456,1.2524883763828547,1.7207572169426786,0.017182292891802554,0.0,1.7710302386235368,1.889089187695362
2024-01,11,2024-12,2024-02-14T22:59:00+00:00,CORE_LEVELPHASE_PANEL_R29B,0.01024568253826872,-0.2624671916010568,2.981029810298109,2.214498448093186,1.2627335340869184,1.4579449763157206,0.12319671993150201,0.0,1.8941511336654913,1.889089187695362
2024-01,12,2025-01,2024-02-14T22:59:00+00:00,CORE_LEVELPHASE_PANEL_R29B,1.0218625194176647,1.3157894736842035,2.8037383177569937,2.3055874091373734,2.2794103358118054,2.7651531330509904,0.5006007340782995,0.5,2.3935030283344503,2.3878433387992692
2024-02,1,2024-03,2024-03-10T22:59:00+00:00,CORE_LEVELPHASE_FIXED040_R29B,0.008385697657327563,0.1331557922769732,1.9661016949152728,1.8427013773862484,0.00838534607735638,0.13306721857051723,-0.16515238668590487,0.1,-0.16528891357903286,0.09995003330835331
2024-02,2,2024-04,2024-03-10T22:59:00+00:00,CORE_LEVELPHASE_FIXED040_R29B,0.17731238136365896,0.6648936170212671,2.853260869565235,2.231208979112962,0.18554071461281552,0.7957601673314031,0.28435515932060107,0.1,0.11866272123924165,0.19990006661670662
2024-02,3,2024-05,2024-03-10T22:59:00+00:00,CORE_LEVELPHASE_FIXED040_R29B,0.27846250377928805,0.0,2.574525745257463,2.238063737905287,0.46361622980765427,0.7957601673314031,0.14435568033326318,0.1,0.26291430892400824,0.29985009992505995
2024-02,4,2024-06,2024-03-10T22:59:00+00:00,CORE_LEVELPHASE_FIXED040_R29B,0.21041653716730138,-0.264200792602387,1.958136394328148,2.1072976017442713,0.6738117014307151,0.5312097484889866,0.28073153656959016,0.1,0.5432525304497694,0.39980013323341324
2024-02,5,2024-07,2024-03-10T22:59:00+00:00,CORE_LEVELPHASE_FIXED040_R29B,0.3374858827921608,0.6622516556291425,2.150537634408578,1.9699307551502103,1.010729378667587,1.191278151624196,0.6934343830928108,1.1,1.2342937144648345,1.4937941370668497
2024-02,6,2024-08,2024-03-10T22:59:00+00:00,CORE_LEVELPHASE_FIXED040_R29B,-0.004648778362977557,0.263157894736854,2.213279678068404,1.760029050181033,1.006080492245559,1.454090392251159,0.09492924381572086,0.2,1.3291779289689682,1.6935944033341555
2024-02,7,2024-09,2024-03-10T22:59:00+00:00,CORE_LEVELPHASE_FIXED040_R29B,-0.398572166819557,-0.3937007874015741,2.567567567567563,2.1077519385691357,0.6067119096664413,1.0596125631495248,-0.5824022607303874,-0.7,0.7450730924939694,0.9911329096377095
2024-02,8,2024-10,2024-03-10T22:59:00+00:00,CORE_LEVELPHASE_FIXED040_R29B,0.2961240706331454,0.3293807641633783,2.8359216745442346,2.340968267158412,0.9023983966211069,1.3884520571081878,0.40688081309713453,0.4,1.1511283841121585,1.3903350365914549
2024-02,9,2024-11,2024-03-10T22:59:00+00:00,CORE_LEVELPHASE_FIXED040_R29B,0.06365252903144275,0.0656598818122189,2.834008097166013,2.3370109418295404,0.9660306760227678,1.4540903922511712,-0.03378495714271271,0.0,1.117337718567043,1.3903350365914549
2024-02,10,2024-12,2024-03-10T22:59:00+00:00,CORE_LEVELPHASE_FIXED040_R29B,-0.01777505666824762,-0.2624671916010568,2.981029810298109,2.7347506446954553,0.9482540394040948,1.1912781516242132,0.06696357274703316,0.0,1.1842788807177669,1.3903350365914549
2024-02,11,2025-01,2024-03-10T22:59:00+00:00,CORE_LEVELPHASE_FIXED040_R29B,0.970415373307794,1.3157894736842035,2.8037383177569937,2.2082748871916866,1.9139911242654732,2.498486308359483,0.41596881232168437,0.5,1.5993849344854871,1.8890891876953622
2024-02,12,2025-02,2024-03-10T22:59:00+00:00,CORE_LEVELPHASE_FIXED040_R29B,0.22405485922495827,0.1948051948051921,2.729693741677764,2.1608099085510992,2.1377953548846182,2.69310200390808,0.28142331111876356,0.5,1.8804129915883556,2.3878433387992697
2024-02,1,2024-03,2024-03-10T22:59:00+00:00,CORE_LEVELPHASE_FIXED060_R29B,0.0033184065274005463,0.1331557922769732,1.9661016949152728,1.8375411439344496,0.0033183514695091674,0.13306721857051723,-0.17434744464945806,0.1,-0.1744996066928799,0.09995003330835331
2024-02,2,2024-04,2024-03-10T22:59:00+00:00,CORE_LEVELPHASE_FIXED060_R29B,0.1722222746973219,0.6648936170212671,2.853260869565235,2.2208348565474427,0.1753924936610485,0.7957601673314031,0.27511870050314374,0.1,0.10024133501154764,0.19990006661670662
2024-02,3,2024-05,2024-03-10T22:59:00+00:00,CORE_LEVELPHASE_FIXED060_R29B,0.2743199191004787,0.0,2.574525745257463,2.223465810934819,0.44933684235761995,0.7957601673314031,0.13683858584157013,0.1,0.23698638218184873,0.29985009992505995
2024-02,4,2024-06,2024-03-10T22:59:00+00:00,CORE_LEVELPHASE_FIXED060_R29B,0.20721002391738014,-0.264200792602387,1.958136394328148,2.089451603269988,0.6563324824037735,0.5312097484889866,0.27491302832959646,0.1,0.5115222157925259,0.39980013323341324
2024-02,5,2024-07,2024-03-10T22:59:00+00:00,CORE_LEVELPHASE_FIXED060_R29B,0.3352117776974444,0.6622516556291425,2.150537634408578,1.9497980654156633,0.9909836778308865,1.191278151624196,0.6893078137631679,1.1,1.1984651644918887,1.4937941370668497
2024-02,6,2024-08,2024-03-10T22:59:00+00:00,CORE_LEVELPHASE_FIXED060_R29B,-0.006567415701441984,0.263157894736854,2.213279678068404,1.7379856917333736,0.9844160464652572,1.454090392251159,0.0914477028728637,0.2,1.289871079427081,1.6935944033341555
2024-02,7,2024-09,2024-03-10T22:59:00+00:00,CORE_LEVELPHASE_FIXED060_R29B,-0.40013818193517775,-0.3937007874015741,2.567567567567563,2.0840281822192313,0.5834751697324271,1.0596125631495248,-0.5852439367641346,-0.7,0.7029078791299013,0.9911329096377095
2024-02,8,2024-10,2024-03-10T22:59:00+00:00,CORE_LEVELPHASE_FIXED060_R29B,0.29488549325247193,0.3293807641633783,2.8359216745442346,2.31592678929063,0.8779267285780193,1.3884520571081878,0.40463330244190954,0.4,1.1067247426726707,1.3903350365914549
2024-02,9,2024-11,2024-03-10T22:59:00+00:00,CORE_LEVELPHASE_FIXED060_R29B,0.06262949032210627,0.0656598818122189,2.834008097166013,2.3109244070265036,0.940536614819699,1.4540903922511712,-0.03564135338877625,0.0,1.071077036243953,1.3903350365914549
2024-02,10,2024-12,2024-03-10T22:59:00+00:00,CORE_LEVELPHASE_FIXED060_R29B,-0.018588811070953868,-0.2624671916010568,2.981029810298109,2.7077267787728916,0.9219460758151218,1.1912781516242132,0.06548694179982166,0.0,1.1365425447028923,1.3903350365914549
2024-02,11,2025-01,2024-03-10T22:59:00+00:00,CORE_LEVELPHASE_FIXED060_R29B,0.9698098304368561,1.3157894736842035,2.8037383177569937,2.1807767027402316,1.8870834358120467,2.498486308359483,0.4148700000263325,0.5,1.5505543319706458,1.8890891876953622
2024-02,12,2025-02,2024-03-10T22:59:00+00:00,CORE_LEVELPHASE_FIXED060_R29B,0.2234501277097243,0.1948051948051921,2.729693741677764,2.132708242451102,2.1102842849969603,2.69310200390808,0.28032597110170326,0.5,1.8304881225735476,2.3878433387992697
2024-02,1,2024-03,2024-03-10T22:59:00+00:00,CORE_LEVELPHASE_FIXED080_R29B,-0.0017484178913853062,0.1331557922769732,1.9661016949152728,1.83238138575403,-0.0017484331763890852,0.13306721857051723,-0.1835416557234434,0.1,-0.1837102998067269,0.09995003330835331
2024-02,2,2024-04,2024-03-10T22:59:00+00:00,CORE_LEVELPHASE_FIXED080_R29B,0.16713263684349827,0.6648936170212671,2.853260869565235,2.210462215787194,0.16524469249978221,0.7957601673314031,0.26588309238838426,0.1,0.08181994878385365,0.19990006661670662
2024-02,3,2024-05,2024-03-10T22:59:00+00:00,CORE_LEVELPHASE_FIXED080_R29B,0.27017764537479555,0.0,2.574525745257463,2.2088705398961697,0.43505801414093365,0.7957601673314031,0.12932205560244245,0.1,0.21105845543968932,0.29985009992505995
2024-02,4,2024-06,2024-03-10T22:59:00+00:00,CORE_LEVELPHASE_FIXED080_R29B,0.20400369671639845,-0.264200792602387,1.958136394328148,2.0716093796855963,0.6388539058878481,0.5312097484889866,0.2690948576922271,0.1,0.4797919011352826,0.39980013323341324
2024-02,5,2024-07,2024-03-10T22:59:00+00:00,CORE_LEVELPHASE_FIXED080_R29B,0.33293776579899625,0.6622516556291425,2.150537634408578,1.9296700478562852,0.9712386610216523,1.191278151624196,0.6851814135465808,1.1,1.1626366145189428,1.4937941370668497
2024-02,6,2024-08,2024-03-10T22:59:00+00:00,CORE_LEVELPHASE_FIXED080_R29B,-0.008485986305112752,0.263157894736854,2.213279678068404,1.7159478345423165,0.9627523146363507,1.454090392251159,0.08796628302632412,0.2,1.2505642298851936,1.6935944033341555
2024-02,7,2024-09,2024-03-10T22:59:00+00:00,CORE_LEVELPHASE_FIXED080_R29B,-0.40170415228902867,-0.3937007874015741,2.567567567567563,2.0603106871549124,0.5602391639706354,1.0596125631495248,-0.5880855315736028,-0.7,0.6607426657658333,0.9911329096377095
2024-02,8,2024-10,2024-03-10T22:59:00+00:00,CORE_LEVELPHASE_FIXED080_R29B,0.2936469435961519,0.3293807641633783,2.8359216745442346,2.2908922024081564,0.8534558070996718,1.3884520571081878,0.40238584209503075,0.4,1.0623211012331828,1.3903350365914549
2024-02,9,2024-11,2024-03-10T22:59:00+00:00,CORE_LEVELPHASE_FIXED080_R29B,0.06160647061084048,0.0656598818122189,2.834008097166013,2.284845294243894,0.9150433087147594,1.4540903922511712,-0.03749771516112262,0.0,1.024816353920863,1.3903350365914549
2024-02,10,2024-12,2024-03-10T22:59:00+00:00,CORE_LEVELPHASE_FIXED080_R29B,-0.019402553465551822,-0.2624671916010568,2.981029810298109,2.680710802214566,0.8956388727102917,1.1912781516242132,0.06401033264240849,0.0,1.088806208688018,1.3903350365914549
2024-02,11,2025-01,2024-03-10T22:59:00+00:00,CORE_LEVELPHASE_FIXED080_R29B,0.9692042941921346,1.3157894736842035,2.8037383177569937,2.1532866963085007,1.8601765108086543,2.498486308359483,0.41377119975484977,0.5,1.5017237294558048,1.8890891876953622
2024-02,12,2025-02,2024-03-10T22:59:00+00:00,CORE_LEVELPHASE_FIXED080_R29B,0.2228454028118285,0.1948051948051921,2.729693741677764,2.1046150888987167,2.0827739815212474,2.69310200390808,0.2792286430924014,0.5,1.7805632535587397,2.3878433387992697
2024-02,1,2024-03,2024-03-10T22:59:00+00:00,CORE_LEVELPHASE_PANEL_R29B,0.007681729242902235,0.1331557922769732,1.9661016949152728,1.8419844970515717,0.007681434213190254,0.13306721857051723,-0.16642980103001515,0.1,-0.1665684492793945,0.09995003330835331
2024-02,2,2024-04,2024-03-10T22:59:00+00:00,CORE_LEVELPHASE_PANEL_R29B,0.17660524332337654,0.6648936170212671,2.853260869565235,2.229767732899104,0.18413091384099148,0.7957601673314031,0.2830719934037606,0.1,0.11610364983851837,0.19990006661670662
2024-02,3,2024-05,2024-03-10T22:59:00+00:00,CORE_LEVELPHASE_PANEL_R29B,0.27814904993187384,0.0,2.574525745257463,2.2363028203231003,0.4618938451274902,0.7957601673314031,0.1437868899831587,0.1,0.2597872654578329,0.29985009992505995
2024-02,4,2024-06,2024-03-10T22:59:00+00:00,CORE_LEVELPHASE_PANEL_R29B,0.21049589104115568,-0.264200792602387,1.958136394328148,2.105619791007765,0.6721685039699813,0.5312097484889866,0.2808755313492493,0.1,0.5402690785530517,0.39980013323341324
2024-02,5,2024-07,2024-03-10T22:59:00+00:00,CORE_LEVELPHASE_PANEL_R29B,0.33796041898207907,0.6622516556291425,2.150537634408578,1.9687374503553963,1.0095591201723961,1.191278151624196,0.694295471919212,1.1,1.2321654177724843,1.4937941370668497
2024-02,6,2024-08,2024-03-10T22:59:00+00:00,CORE_LEVELPHASE_PANEL_R29B,-0.0046107499011216625,0.263157894736854,2.213279678068404,1.758876900884388,1.0049482639729337,1.454090392251159,0.09499824989847079,0.2,1.3271185728907777,1.6935944033341555
2024-02,7,2024-09,2024-03-10T22:59:00+00:00,CORE_LEVELPHASE_PANEL_R29B,-0.39896514475499956,-0.3937007874015741,2.567567567567563,2.106192990189439,0.6051851301115281,1.0596125631495248,-0.5831153547291614,-0.7,0.7422964624397308,0.9911329096377095
2024-02,8,2024-10,2024-03-10T22:59:00+00:00,CORE_LEVELPHASE_PANEL_R29B,0.2952921503254619,0.3293807641633783,2.8359216745442346,2.338556889511646,0.9000421495611916,1.3884520571081878,0.40537121847269525,0.4,1.146848265491664,1.3903350365914549
2024-02,9,2024-11,2024-03-10T22:59:00+00:00,CORE_LEVELPHASE_PANEL_R29B,0.0627761238043814,0.0656598818122189,2.834008097166013,2.333703362160153,0.9627985773994518,1.4540903922511712,-0.03537527367589879,0.0,1.1114667332898032,1.3903350365914549
2024-02,10,2024-12,2024-03-10T22:59:00+00:00,CORE_LEVELPHASE_PANEL_R29B,-0.0187005296814059,-0.2624671916010568,2.981029810298109,2.730479289205038,0.9440962989509716,1.1912781516242132,0.06528421827903416,0.0,1.1767296506932916,1.3903350365914549
2024-02,11,2025-01,2024-03-10T22:59:00+00:00,CORE_LEVELPHASE_PANEL_R29B,0.9694383199727435,1.3157894736842035,2.8037383177569937,2.2030364302189125,1.9088657161457763,2.498486308359483,0.41419586069547665,0.5,1.590070081623287,1.8890891876953622
2024-02,12,2025-02,2024-03-10T22:59:00+00:00,CORE_LEVELPHASE_PANEL_R29B,0.22307911502561817,0.1948051948051921,2.729693741677764,2.1545793355381777,2.1316963791413768,2.69310200390808,0.2796527350376805,0.5,1.8693325158884302,2.3878433387992697
2024-03,1,2024-04,2024-04-09T21:59:00+00:00,CORE_LEVELPHASE_FIXED040_R29B,0.26352859417589747,0.6648936170212671,2.853260869565235,2.4893359443098553,0.26318196641811287,0.6626929487608858,0.32590555011983363,0.1,0.32537562903117834,0.09995003330835331
2024-03,2,2024-05,2024-04-09T21:59:00+00:00,CORE_LEVELPHASE_FIXED040_R29B,0.32336194242147465,0.0,2.574525745257463,2.542100439729756,0.5860222184401628,0.6626929487608858,0.18668061670680808,0.1,0.5118822140300328,0.19990006661670662
2024-03,3,2024-06,2024-04-09T21:59:00+00:00,CORE_LEVELPHASE_FIXED040_R29B,0.25101825467304256,-0.264200792602387,1.958136394328148,2.452438723770793,0.83672594852511,0.39814252991846927,0.3227873147366832,0.1,0.8341496888650592,0.29985009992505995
2024-03,4,2024-07,2024-04-09T21:59:00+00:00,CORE_LEVELPHASE_FIXED040_R29B,0.3742488100856226,0.6622516556291425,2.150537634408578,2.352094882743223,1.2102761901318033,1.0582109330536784,0.7360251733168932,1.1,1.5674794149360807,1.3938441037584963
2024-03,5,2024-08,2024-04-09T21:59:00+00:00,CORE_LEVELPHASE_FIXED040_R29B,0.029043448975437286,0.263157894736854,2.213279678068404,2.175821820428796,1.2393154223140472,1.3210231736806415,0.13491835398029145,0.2,1.7023068358862108,1.5936443700258018
2024-03,6,2024-09,2024-04-09T21:59:00+00:00,CORE_LEVELPHASE_FIXED040_R29B,-0.35654524786822084,-0.3937007874015741,2.567567567567563,2.568226017457646,0.8821330369705113,0.9265453445790073,-0.5433065309452579,-0.7,1.1575190273198657,0.8911828763293559
2024-03,7,2024-10,2024-04-09T21:59:00+00:00,CORE_LEVELPHASE_FIXED040_R29B,0.3208178453499907,0.3293807641633783,2.8359216745442346,2.8278049435970574,1.2024373598922888,1.2553848385376702,0.44608890519285516,0.4,1.602615905078141,1.2903850032831012
2024-03,8,2024-11,2024-04-09T21:59:00+00:00,CORE_LEVELPHASE_FIXED040_R29B,0.08744950381580724,0.0656598818122189,2.834008097166013,2.8482821886505367,1.2898486489069878,1.321023173680654,0.004540525655339599,0.0,1.6071563276547347,1.2903850032831012
2024-03,9,2024-12,2024-04-09T21:59:00+00:00,CORE_LEVELPHASE_FIXED040_R29B,0.0055672669315049855,-0.2624671916010568,2.981029810298109,3.2721137507416516,1.295415760871939,1.0582109330536957,0.1051232261270272,0.0,1.7122243380114166,1.2903850032831012
2024-03,10,2025-01,2024-04-09T21:59:00+00:00,CORE_LEVELPHASE_FIXED040_R29B,0.993585194748543,1.3157894736842035,2.8037383177569937,2.7664607680312234,2.2840973521574606,2.3654190897889658,0.4542367810493104,0.5,2.1654325772949563,1.7891391543870085
2024-03,11,2025-02,2024-04-09T21:59:00+00:00,CORE_LEVELPHASE_FIXED040_R29B,0.22447659300291448,0.1948051948051921,2.729693741677764,2.7228540825790066,2.5083223728666115,2.5600347853375625,0.3227418877264633,0.5,2.487654771270349,2.287893305490916
2024-03,12,2025-03,2024-04-09T21:59:00+00:00,CORE_LEVELPHASE_FIXED040_R29B,-0.010263143131158451,0.0648088139987068,2.659574468085101,2.529521630635282,2.4980587030388812,2.6248226074936296,-0.10389303176934471,0.0,2.383707733281714,2.287893305490916
2024-03,1,2024-04,2024-04-09T21:59:00+00:00,CORE_LEVELPHASE_FIXED060_R29B,0.2717238632366412,0.6648936170212671,2.853260869565235,2.4977131448302985,0.271355361334846,0.6626929487608858,0.34077660688533246,0.1,0.34019727917545844,0.09995003330835331
2024-03,2,2024-05,2024-04-09T21:59:00+00:00,CORE_LEVELPHASE_FIXED060_R29B,0.33154583868889026,0.0,2.574525745257463,2.5588475270592865,0.6023527986083836,0.6626929487608858,0.20153103651043147,0.1,0.541525514318593,0.19990006661670662
2024-03,3,2024-06,2024-04-09T21:59:00+00:00,CORE_LEVELPHASE_FIXED060_R29B,0.2595843062810418,-0.264200792602387,1.958136394328148,2.4779267515967076,0.861600766757357,0.39814252991846927,0.33833118996207906,0.1,0.879285651979699,0.29985009992505995
2024-03,4,2024-07,2024-04-09T21:59:00+00:00,CORE_LEVELPHASE_FIXED060_R29B,0.3832227140667369,0.6622516556291425,2.150537634408578,2.386710955838551,1.2440910532041864,1.0582109330536784,0.7523091335532365,1.1,1.6287790535585995,1.3938441037584963
2024-03,5,2024-08,2024-04-09T21:59:00+00:00,CORE_LEVELPHASE_FIXED060_R29B,0.03833415175302467,0.263157894736854,2.213279678068404,2.219871582220692,1.282417859298462,1.3210231736806415,0.15177717427927256,0.2,1.7804411626984085,1.5936443700258018
2024-03,6,2024-09,2024-04-09T21:59:00+00:00,CORE_LEVELPHASE_FIXED060_R29B,-0.34718365915274474,-0.3937007874015741,2.567567567567563,2.622085479388737,0.9346301190940657,0.9265453445790073,-0.5263190817021378,-0.7,1.2527321429663254,0.8911828763293559
2024-03,7,2024-10,2024-04-09T21:59:00+00:00,CORE_LEVELPHASE_FIXED060_R29B,0.3304077075705023,0.3293807641633783,2.8359216745442346,2.891635384222624,1.2644931797722536,1.2553848385376702,0.4634905773524264,0.4,1.7151519102034463,1.2903850032831012
2024-03,8,2024-11,2024-04-09T21:59:00+00:00,CORE_LEVELPHASE_FIXED060_R29B,0.09713176085522642,0.0656598818122189,2.834008097166013,2.9220808509977463,1.3615777982569859,1.321023173680654,0.02210985656859273,0.0,1.7372593229034687,1.2903850032831012
2024-03,9,2024-12,2024-04-09T21:59:00+00:00,CORE_LEVELPHASE_FIXED060_R29B,0.015342121771287524,-0.2624671916010568,2.981029810298109,3.3563179131989673,1.376918743245132,1.0582109330536957,0.12286058412216835,0.0,1.8600444951712929,1.2903850032831012
2024-03,10,2025-01,2024-04-09T21:59:00+00:00,CORE_LEVELPHASE_FIXED060_R29B,1.0034772877575597,1.3157894736842035,2.8037383177569937,2.8603265896171672,2.3753946284628054,2.3654190897889658,0.47218687830375367,0.5,2.3311200681536888,1.7891391543870085
2024-03,11,2025-02,2024-04-09T21:59:00+00:00,CORE_LEVELPHASE_FIXED060_R29B,0.23443877717776046,0.1948051948051921,2.729693741677764,2.8268999201394505,2.60955902668944,2.5600347853375625,0.3408191717392768,0.5,2.6713597676156504,2.287893305490916
2024-03,12,2025-03,2024-04-09T21:59:00+00:00,CORE_LEVELPHASE_FIXED060_R29B,-0.0003433243817729213,0.0648088139987068,2.659574468085101,2.6435537352313796,2.6092157017183073,2.6248226074936296,-0.0858926236519103,0.0,2.5854302351135843,2.287893305490916
2024-03,1,2024-04,2024-04-09T21:59:00+00:00,CORE_LEVELPHASE_FIXED080_R29B,0.27992034706151536,0.6648936170212671,2.853260869565235,2.506091587082115,0.2795292996355891,0.6626929487608858,0.35564986795019043,0.1,0.35501892931973844,0.09995003330835331
2024-03,2,2024-05,2024-04-09T21:59:00+00:00,CORE_LEVELPHASE_FIXED080_R29B,0.33973094803467574,0.0,2.574525745257463,2.5755984645184378,0.6186844657893033,0.6626929487608858,0.2163836575544491,0.1,0.571168814607153,0.19990006661670662
2024-03,3,2024-06,2024-04-09T21:59:00+00:00,CORE_LEVELPHASE_FIXED080_R29B,0.26815168510134174,-0.264200792602387,1.958136394328148,2.5034228430846985,0.8864772656875174,0.39814252991846927,0.3538774735342074,0.1,0.9244216150943387,0.29985009992505995
2024-03,4,2024-07,2024-04-09T21:59:00+00:00,CORE_LEVELPHASE_FIXED080_R29B,0.3921980686778054,0.6622516556291425,2.150537634408578,2.421341119111276,1.2779082427647594,1.0582109330536784,0.7685957260888044,1.1,1.6900786921811184,1.3938441037584963
2024-03,5,2024-08,2024-04-09T21:59:00+00:00,CORE_LEVELPHASE_FIXED080_R29B,0.047626418723115065,0.263157894736854,2.213279678068404,2.26394343059089,1.3255233237087818,1.3210231736806415,0.16863883294699206,0.2,1.8585754895106064,1.5936443700258018
2024-03,6,2024-09,2024-04-09T21:59:00+00:00,CORE_LEVELPHASE_FIXED080_R29B,-0.33782047145476085,-0.3937007874015741,2.567567567567563,2.6759770730373433,0.9871309505353809,0.9265453445790073,-0.5093287309606698,-0.7,1.3479452586127856,0.8911828763293559
2024-03,7,2024-10,2024-04-09T21:59:00+00:00,CORE_LEVELPHASE_FIXED080_R29B,0.3399992311761433,0.3293807641633783,2.8359216745442346,2.9555100718559353,1.3265534911182197,1.2553848385376702,0.4808952642455451,0.4,1.827687915328752,1.2903850032831012
2024-03,8,2024-11,2024-04-09T21:59:00+00:00,CORE_LEVELPHASE_FIXED080_R29B,0.10681571892518897,0.0656598818122189,2.834008097166013,2.995937879963767,1.4333122026459908,1.321023173680654,0.03968227415558203,0.0,1.8673623181522034,1.2903850032831012
2024-03,9,2024-12,2024-04-09T21:59:00+00:00,CORE_LEVELPHASE_FIXED080_R29B,0.025118708591352987,-0.2624671916010568,2.981029810298109,3.440596971450436,1.4584277570179256,1.0582109330536957,0.14060108495214668,0.0,2.00786465233117,1.2903850032831012
2024-03,10,2025-01,2024-04-09T21:59:00+00:00,CORE_LEVELPHASE_FIXED080_R29B,1.0133711483777519,1.3157894736842035,2.8037383177569937,2.9542851709067857,2.4666987268581866,2.3654190897889658,0.4901401830485106,0.5,2.4968075590124217,1.7891391543870085
2024-03,11,2025-02,2024-04-09T21:59:00+00:00,CORE_LEVELPHASE_FIXED080_R29B,0.2444027564513979,0.1948051948051921,2.729693741677764,2.9310589920509336,2.710803305510465,2.5600347853375625,0.3588997131211686,0.5,2.8550647639609523,2.287893305490916
2024-03,12,2025-03,2024-04-09T21:59:00+00:00,CORE_LEVELPHASE_FIXED080_R29B,0.009578281832523483,0.0648088139987068,2.659574468085101,2.757721325651537,2.720381128654864,2.6248226074936296,-0.06788897201776413,0.0,2.7871527369454556,2.287893305490916
2024-03,1,2024-04,2024-04-09T21:59:00+00:00,CORE_LEVELPHASE_PANEL_R29B,0.26488763099121665,0.6648936170212671,2.853260869565235,2.490725151159833,0.26453742200981706,0.6626929487608858,0.3283716453117321,0.1,0.3278336829799818,0.09995003330835331
2024-03,2,2024-05,2024-04-09T21:59:00+00:00,CORE_LEVELPHASE_PANEL_R29B,0.32471909326517884,0.0,2.574525745257463,2.5448775460026583,0.5887304413613322,0.6626929487608858,0.1891432896326727,0.1,0.5167983219276396,0.19990006661670662
2024-03,3,2024-06,2024-04-09T21:59:00+00:00,CORE_LEVELPHASE_PANEL_R29B,0.2513099068886029,-0.264200792602387,1.958136394328148,2.455511466474698,0.8397250929714655,0.39814252991846927,0.3233165440543827,0.1,0.8395933219002318,0.29985009992505995
2024-03,4,2024-07,2024-04-09T21:59:00+00:00,CORE_LEVELPHASE_PANEL_R29B,0.3734699454998952,0.6622516556291425,2.150537634408578,2.354370380234106,1.212499371005014,1.0582109330536784,0.7346118530974912,1.1,1.5715200442975816,1.3938441037584963
2024-03,5,2024-08,2024-04-09T21:59:00+00:00,CORE_LEVELPHASE_PANEL_R29B,0.02720392951689482,0.263157894736854,2.213279678068404,2.176214358834741,1.2396996009239452,1.3210231736806415,0.13158037958476357,0.2,1.7030139327628024,1.5936443700258018
2024-03,6,2024-09,2024-04-09T21:59:00+00:00,CORE_LEVELPHASE_PANEL_R29B,-0.3561395497757148,-0.3937007874015741,2.567567567567563,2.569037671295693,0.8829243645172039,0.9265453445790073,-0.5425703550712758,-0.7,1.1589663188718886,0.8911828763293559
2024-03,7,2024-10,2024-04-09T21:59:00+00:00,CORE_LEVELPHASE_PANEL_R29B,0.3234826409584761,0.3293807641633783,2.8359216745442346,2.8313500612272384,1.2058849259687414,1.2553848385376702,0.4509244177878061,0.4,1.6088771184659363,1.2903850032831012
2024-03,8,2024-11,2024-04-09T21:59:00+00:00,CORE_LEVELPHASE_PANEL_R29B,0.09234782544378764,0.0656598818122189,2.834008097166013,2.856861623727487,1.29819013704182,1.321023173680654,0.013428973178593432,0.0,1.6223051900386434,1.2903850032831012
2024-03,9,2024-12,2024-04-09T21:59:00+00:00,CORE_LEVELPHASE_PANEL_R29B,0.013916903554336366,-0.2624671916010568,2.981029810298109,3.289351626617039,1.312106072284972,1.0582109330536957,0.12027439679257504,0.0,1.7425073151223693,1.2903850032831012
2024-03,10,2025-01,2024-04-09T21:59:00+00:00,CORE_LEVELPHASE_PANEL_R29B,1.0054225740369922,1.3157894736842035,2.8037383177569937,2.7956614290016533,2.3125078986674388,2.3654190897889658,0.47571677615971997,0.5,2.2170961348638842,1.7891391543870085
2024-03,11,2025-02,2024-04-09T21:59:00+00:00,CORE_LEVELPHASE_PANEL_R29B,0.23975278910734515,0.1948051948051921,2.729693741677764,2.767703800099769,2.551973739328445,2.5600347853375625,0.3504619269034641,0.5,2.5669453750281828,2.287893305490916
2024-03,12,2025-03,2024-04-09T21:59:00+00:00,CORE_LEVELPHASE_PANEL_R29B,0.004948089052105623,0.0648088139987068,2.659574468085101,2.5898913519268674,2.5569217059666625,2.6248226074936296,-0.07629087550164407,0.0,2.4906253832284535,2.287893305490916
2024-04,1,2024-05,2024-05-12T21:59:00+00:00,CORE_LEVELPHASE_FIXED040_R29B,0.41446010551466994,0.0,2.574525745257463,2.8672757324584617,0.4136035854264711,0.0,0.21699576806629028,0.1,0.21676067228666315,0.09995003330835331
2024-04,2,2024-06,2024-05-12T21:59:00+00:00,CORE_LEVELPHASE_FIXED040_R29B,0.29978925628417485,-0.264200792602387,1.958136394328148,2.82732971063119,0.7129443698098824,-0.26455041884241653,0.3522916060715432,0.1,0.568433185062744,0.19990006661670662
2024-04,3,2024-07,2024-05-12T21:59:00+00:00,CORE_LEVELPHASE_FIXED040_R29B,0.41915144499816637,0.6622516556291425,2.150537634408578,2.7725736669483236,1.1312198221097625,0.39551798429279267,0.765148511094932,1.1,1.3306692817005608,1.293894070450143
2024-04,4,2024-08,2024-05-12T21:59:00+00:00,CORE_LEVELPHASE_FIXED040_R29B,0.06527011501569496,0.263157894736854,2.213279678068404,2.6327326121060897,1.196468645450117,0.6583302249197557,0.16382710834545935,0.2,1.4943623398259716,1.4936943367174487
2024-04,5,2024-09,2024-05-12T21:59:00+00:00,CORE_LEVELPHASE_FIXED040_R29B,-0.3241507684992755,-0.3937007874015741,2.567567567567563,3.0603860138734498,0.8717913702557055,0.2638523958181216,-0.5155437815540693,-0.7,0.9774850461179394,0.7912328430210027
2024-04,6,2024-10,2024-05-12T21:59:00+00:00,CORE_LEVELPHASE_FIXED040_R29B,0.3629050007842924,0.3293807641633783,2.8359216745442346,3.3645563920642734,1.234039459671785,0.5926918897767846,0.4736045896563119,0.4,1.4499716577115198,1.190434969974748
2024-04,7,2024-11,2024-05-12T21:59:00+00:00,CORE_LEVELPHASE_FIXED040_R29B,0.10438948629282185,0.0656598818122189,2.834008097166013,3.40263864907415,1.3383744980290169,0.6583302249197681,0.031648844778484474,0.0,1.481615495299576,1.190434969974748
2024-04,8,2024-12,2024-05-12T21:59:00+00:00,CORE_LEVELPHASE_FIXED040_R29B,0.022272191415783307,-0.2624671916010568,2.981029810298109,3.8460982301736166,1.3606442095604572,0.39551798429281004,0.1318777720895918,0.0,1.6134063850326,1.190434969974748
2024-04,9,2025-01,2024-05-12T21:59:00+00:00,CORE_LEVELPHASE_FIXED040_R29B,1.0099953560088641,1.3157894736842035,2.8037383177569937,3.3544258768688016,2.365573197304674,1.70272614102808,0.4808842744621121,0.5,2.0931381045609494,1.6891891210786554
2024-04,10,2025-02,2024-05-12T21:59:00+00:00,CORE_LEVELPHASE_FIXED040_R29B,0.24064044890574127,0.1948051948051921,2.729693741677764,3.3272312716589743,2.6059245707442877,1.897341836576677,0.34927486780907224,0.5,2.4418044242955914,2.187943272182563
2024-04,11,2025-03,2024-05-12T21:59:00+00:00,CORE_LEVELPHASE_FIXED040_R29B,-0.017201438093732042,0.0648088139987068,2.659574468085101,3.1720779041958638,2.588721653033514,1.962129658732744,-0.09117800441231338,0.0,2.350584827456817,2.187943272182563
2024-04,12,2025-04,2024-05-12T21:59:00+00:00,CORE_LEVELPHASE_FIXED040_R29B,0.2241805083494064,-0.1295336787564882,1.8494055482166376,2.8525797579310077,2.812651251804908,1.8325120125880643,0.3614656606668188,0.2,2.711398771021294,2.3877435384498686
2024-04,1,2024-05,2024-05-12T21:59:00+00:00,CORE_LEVELPHASE_FIXED060_R29B,0.4311662886942515,0.0,2.574525745257463,2.884389996178699,0.43023943009786103,0.0,0.2473106480973103,0.1,0.2470053385856816,0.09995003330835331
2024-04,2,2024-06,2024-05-12T21:59:00+00:00,CORE_LEVELPHASE_FIXED060_R29B,0.31651799329343194,-0.264200792602387,1.958136394328148,2.8615904805825854,0.7462575596855375,-0.26455041884241653,0.3826474120659329,0.1,0.6289225176607809,0.19990006661670662
2024-04,3,2024-07,2024-05-12T21:59:00+00:00,CORE_LEVELPHASE_FIXED060_R29B,0.4359901168984775,0.6622516556291425,2.150537634408578,2.824055237640894,1.1812999932126034,0.39551798429279267,0.7957038038899692,1.1,1.4214772924329275,1.293894070450143
2024-04,4,2024-08,2024-05-12T21:59:00+00:00,CORE_LEVELPHASE_FIXED060_R29B,0.08204916754097225,0.263157894736854,2.213279678068404,2.701362320767899,1.2633155188247953,0.6583302249197557,0.19427421639343334,0.2,1.6155630405279804,1.4936943367174487
2024-04,5,2024-09,2024-05-12T21:59:00+00:00,CORE_LEVELPHASE_FIXED060_R29B,-0.3074449323792992,-0.3937007874015741,2.567567567567563,3.1465863314600275,0.9553970035931826,0.2638523958181216,-0.48522953129408575,-0.7,1.129152448624902,0.7912328430210027
2024-04,6,2024-10,2024-05-12T21:59:00+00:00,CORE_LEVELPHASE_FIXED060_R29B,0.37979185105436597,0.3293807641633783,2.8359216745442346,3.4684175680362994,1.33446946627388,0.5926918897767846,0.504247306459798,0.4,1.6321326860104137,1.190434969974748
2024-04,7,2024-11,2024-05-12T21:59:00+00:00,CORE_LEVELPHASE_FIXED060_R29B,0.12121690267973408,0.0656598818122189,2.834008097166013,3.5239374033696382,1.4556129605823853,0.6583302249197681,0.062183713426682954,0.0,1.6942970733773783,1.190434969974748
2024-04,8,2024-12,2024-05-12T21:59:00+00:00,CORE_LEVELPHASE_FIXED060_R29B,0.039131330010820115,-0.2624671916010568,2.981029810298109,3.9854413867801606,1.49473663628502,0.39551798429281004,0.16247020355290362,0.0,1.856635436876288,1.190434969974748
2024-04,9,2025-01,2024-05-12T21:59:00+00:00,CORE_LEVELPHASE_FIXED060_R29B,1.0269224313940424,1.3157894736842035,2.8037383177569937,3.5104524870582647,2.516422042222664,1.70272614102808,0.5115999833742998,0.5,2.3669311939254603,1.6891891210786554
2024-04,10,2025-02,2024-05-12T21:59:00+00:00,CORE_LEVELPHASE_FIXED060_R29B,0.25755451606295116,0.1948051948051921,2.729693741677764,3.5006780302195577,2.7736454550342917,1.897341836576677,0.3799669721153461,0.5,2.7461781149358613,2.187943272182563
2024-04,11,2025-03,2024-05-12T21:59:00+00:00,CORE_LEVELPHASE_FIXED060_R29B,-0.00035248756938888876,0.0648088139987068,2.659574468085101,3.362679807978244,2.773292966843664,1.962129658732744,-0.06060406012452851,0.0,2.6855556831277823,2.187943272182563
2024-04,12,2025-04,2024-05-12T21:59:00+00:00,CORE_LEVELPHASE_FIXED060_R29B,0.2411057941819409,-0.1295336787564882,1.8494055482166376,3.0599926581733756,3.0141085673612245,1.8325120125880643,0.3921781222739146,0.2,3.076966791722955,2.3877435384498686
2024-04,1,2024-05,2024-05-12T21:59:00+00:00,CORE_LEVELPHASE_FIXED080_R29B,0.44787752536735453,0.0,2.574525745257463,2.901509436833721,0.4468775386773925,0.0,0.27763469814928576,0.1,0.2772500048846999,0.09995003330835331
2024-04,2,2024-06,2024-05-12T21:59:00+00:00,CORE_LEVELPHASE_FIXED080_R29B,0.3332517906185728,-0.264200792602387,1.958136394328148,2.895867323415068,0.7795752761031024,-0.26455041884241653,0.4130124004610712,0.1,0.6894118502588176,0.19990006661670662
2024-04,3,2024-07,2024-05-12T21:59:00+00:00,CORE_LEVELPHASE_FIXED080_R29B,0.45283389483552666,0.6622516556291425,2.150537634408578,2.8755695910664847,1.2313869630312801,0.39551798429279267,0.8262683620503795,1.1,1.512285303165295,1.293894070450143
2024-04,4,2024-08,2024-05-12T21:59:00+00:00,CORE_LEVELPHASE_FIXED080_R29B,0.09883332044669552,0.263157894736854,2.213279678068404,2.770047256501427,1.3301714755082006,0.6583302249197557,0.224730579542927,0.2,1.7367637412299899,1.4936943367174487
2024-04,5,2024-09,2024-05-12T21:59:00+00:00,CORE_LEVELPHASE_FIXED080_R29B,-0.290734005766635,-0.3937007874015741,2.567567567567563,3.2328704959757077,1.0390140174853908,0.2638523958181216,-0.45490604387481365,-0.7,1.2808198511318654,0.7912328430210027
2024-04,6,2024-10,2024-05-12T21:59:00+00:00,CORE_LEVELPHASE_FIXED080_R29B,0.39668385152257013,0.3293807641633783,2.8359216745442346,3.572397273187547,1.434913153160472,0.5926918897767846,0.5348993687634971,0.4,1.8142937143093083,1.190434969974748
2024-04,7,2024-11,2024-05-12T21:59:00+00:00,CORE_LEVELPHASE_FIXED080_R29B,0.13804945567046117,0.0656598818122189,2.834008097166013,3.645395017610622,1.5728674081757974,0.6583302249197681,0.09272790290697941,0.0,1.9069786514551814,1.190434969974748
2024-04,8,2024-12,2024-05-12T21:59:00+00:00,CORE_LEVELPHASE_FIXED080_R29B,0.055995619433480234,-0.2624671916010568,2.981029810298109,4.124990564819333,1.6288473559123353,0.39551798429281004,0.1930719816587,0.0,2.099864488719977,1.190434969974748
2024-04,9,2025-01,2024-05-12T21:59:00+00:00,CORE_LEVELPHASE_FIXED080_R29B,1.0438546811676033,1.3157894736842035,2.8037383177569937,3.6667360013144017,2.6672914936717094,1.70272614102808,0.5423250816821,0.5,2.6407242832899716,1.6891891210786554
2024-04,10,2025-02,2024-05-12T21:59:00+00:00,CORE_LEVELPHASE_FIXED080_R29B,0.27447375643455774,0.1948051948051921,2.729693741677764,3.6744397008747716,2.941389258732707,1.897341836576677,0.4106684636869291,0.5,3.050551805576132,2.187943272182563
2024-04,11,2025-03,2024-05-12T21:59:00+00:00,CORE_LEVELPHASE_FIXED080_R29B,0.016501619044920583,0.0648088139987068,2.659574468085101,3.553659965602165,2.9578895164102352,1.962129658732744,-0.030020759645261817,0.0,3.020526538798749,2.187943272182563
2024-04,12,2025-04,2024-05-12T21:59:00+00:00,CORE_LEVELPHASE_FIXED080_R29B,0.2580362594644556,-0.1295336787564882,1.8494055482166376,3.2678522793611693,3.2155934339044587,1.8325120125880643,0.4228999824613495,0.2,3.4425348124246176,2.3877435384498686
2024-04,1,2024-05,2024-05-12T21:59:00+00:00,CORE_LEVELPHASE_PANEL_R29B,0.4169603885297639,0.0,2.574525745257463,2.8698370896778562,0.4160935175387595,0.0,0.22153275768452985,0.1,0.22128773567351248,0.09995003330835331
2024-04,2,2024-06,2024-05-12T21:59:00+00:00,CORE_LEVELPHASE_PANEL_R29B,0.3022929147535337,-0.264200792602387,1.958136394328148,2.8324568874279707,0.7179304459725144,-0.26455041884241653,0.3568347207567708,0.1,0.5774873118364426,0.19990006661670662
2024-04,3,2024-07,2024-05-12T21:59:00+00:00,CORE_LEVELPHASE_PANEL_R29B,0.4202149578808909,0.6622516556291425,2.150537634408578,2.778786605130599,1.137264966424005,0.39551798429279267,0.7670783513884732,1.1,1.3416385764090801,1.293894070450143
2024-04,4,2024-08,2024-05-12T21:59:00+00:00,CORE_LEVELPHASE_PANEL_R29B,0.06488552877235623,0.263157894736854,2.213279678068404,2.6385426186829726,1.2021294536385996,0.6583302249197557,0.16312924183082403,0.2,1.5046349070172833,1.4936943367174487
2024-04,5,2024-09,2024-05-12T21:59:00+00:00,CORE_LEVELPHASE_PANEL_R29B,-0.3259646825772435,-0.3937007874015741,2.567567567567563,3.064344617283652,0.8756323488695461,0.2638523958181216,-0.5188352926711859,-0.7,0.9844489903400149,0.7912328430210027
2024-04,6,2024-10,2024-05-12T21:59:00+00:00,CORE_LEVELPHASE_PANEL_R29B,0.3647131984018682,0.3293807641633783,2.8359216745442346,3.370389027498265,1.239682081361797,0.5926918897767846,0.4768857277391377,0.4,1.4602012203234134,1.190434969974748
2024-04,7,2024-11,2024-05-12T21:59:00+00:00,CORE_LEVELPHASE_PANEL_R29B,0.1098141033855284,0.0656598818122189,2.834008097166013,3.4140770974954817,1.3494359331666015,0.6583302249197681,0.04149230301259555,0.0,1.5016849176603422,1.190434969974748
2024-04,8,2024-12,2024-05-12T21:59:00+00:00,CORE_LEVELPHASE_PANEL_R29B,0.0313304871055023,-0.2624671916010568,2.981029810298109,3.866991366673527,1.3807615132998847,0.39551798429281004,0.1483148687122936,0.0,1.6498899085012932,1.190434969974748
2024-04,9,2025-01,2024-05-12T21:59:00+00:00,CORE_LEVELPHASE_PANEL_R29B,1.0242896998163455,1.3157894736842035,2.8037383177569937,3.389849148777829,2.3998409149972413,1.70272614102808,0.5068226538625952,0.5,2.1554325394937304,1.6891891210786554
2024-04,10,2025-02,2024-05-12T21:59:00+00:00,CORE_LEVELPHASE_PANEL_R29B,0.260114217398703,0.1948051948051921,2.729693741677764,3.382725503961262,2.659617420862523,1.897341836576677,0.3846117816493035,0.5,2.5393065810486206,2.187943272182563
2024-04,11,2025-03,2024-05-12T21:59:00+00:00,CORE_LEVELPHASE_PANEL_R29B,0.007362674157916971,0.0648088139987068,2.659574468085101,3.2528500865943326,2.6669798239888896,1.962129658732744,-0.04660420152911635,0.0,2.492691516386255,2.187943272182563
2024-04,12,2025-04,2024-05-12T21:59:00+00:00,CORE_LEVELPHASE_PANEL_R29B,0.24885590997047155,-0.1295336787564882,1.8494055482166376,2.958444152740184,2.9155266003982656,1.8325120125880643,0.40624140817412974,0.2,2.8981099921271407,2.3877435384498686
2024-05,1,2024-06,2024-06-10T21:59:00+00:00,CORE_LEVELPHASE_FIXED040_R29B,0.10455128431568136,-0.264200792602387,1.958136394328148,2.5479427135757096,0.10449666752547658,-0.26455041884241653,0.3038585493141234,0.1,0.3033978322736374,0.09995003330835331
2024-05,2,2024-07,2024-06-10T21:59:00+00:00,CORE_LEVELPHASE_FIXED040_R29B,0.32683992030135856,0.6622516556291425,2.150537634408578,2.3991172012693003,0.43080362712912335,0.39551798429279267,0.7214357266335456,1.1,1.0222436602118432,1.1939440371417898
2024-05,3,2024-08,2024-06-10T21:59:00+00:00,CORE_LEVELPHASE_FIXED040_R29B,-0.00944797326882191,0.263157894736854,2.213279678068404,2.183427585078704,0.4213552075111929,0.6583302249197557,0.12188960986683495,0.2,1.144059045002692,1.3937443034090955
2024-05,4,2024-09,2024-06-10T21:59:00+00:00,CORE_LEVELPHASE_FIXED040_R29B,-0.3609939107758852,-0.3937007874015741,2.567567567567563,2.5712814093301732,0.05970814134263962,0.2638523958181216,-0.5564344883500758,-0.7,0.5860706931176426,0.6912828097126495
2024-05,5,2024-10,2024-06-10T21:59:00+00:00,CORE_LEVELPHASE_FIXED040_R29B,0.2952382019202732,0.3293807641633783,2.8359216745442346,2.80464841596861,0.35451137120902215,0.5926918897767846,0.43233600802523325,0.4,1.0174748139807448,1.090484936666395
2024-05,6,2024-11,2024-06-10T21:59:00+00:00,CORE_LEVELPHASE_FIXED040_R29B,0.07446159979084609,0.0656598818122189,2.834008097166013,2.8117778900963715,0.428945262104789,0.6583302249197681,-0.00833520671849798,0.0,1.0091392598645872,1.090484936666395
2024-05,7,2024-12,2024-06-10T21:59:00+00:00,CORE_LEVELPHASE_FIXED040_R29B,-0.014694661738824388,-0.2624671916010568,2.981029810298109,3.21454268957566,0.4142495205947661,0.39551798429281004,0.09257547985813046,0.0,1.1016719150534202,1.090484936666395
2024-05,8,2025-01,2024-06-10T21:59:00+00:00,CORE_LEVELPHASE_FIXED040_R29B,0.9727518703101344,1.3157894736842035,2.8037383177569937,2.687984371171111,1.3823006198735035,1.70272614102808,0.44183121650132573,0.5,1.5425299230084861,1.5892390877703022
2024-05,9,2025-02,2024-06-10T21:59:00+00:00,CORE_LEVELPHASE_FIXED040_R29B,0.20572605349279727,0.1948051948051921,2.729693741677764,2.625207711468844,1.5878153471066871,1.897341836576677,0.3107559975994011,0.5,1.8528040721482435,2.0879932388742097
2024-05,10,2025-03,2024-06-10T21:59:00+00:00,CORE_LEVELPHASE_FIXED040_R29B,-0.041302765574342176,0.0648088139987068,2.659574468085101,2.446407337158506,1.5465040495907585,1.962129658732744,-0.12924219094126846,0.0,1.7234782914574671,2.0879932388742097
2024-05,11,2025-04,2024-06-10T21:59:00+00:00,CORE_LEVELPHASE_FIXED040_R29B,0.21229709964288454,-0.1295336787564882,1.8494055482166376,1.9858010074570351,1.7585761173755161,1.8325120125880643,0.2724487850391127,0.2,1.9955566075338065,2.2877935051415155
2024-05,12,2025-05,2024-06-10T21:59:00+00:00,CORE_LEVELPHASE_FIXED040_R29B,0.29173552551593934,0.5188067444876765,2.377807133421391,2.071041402984428,2.0498869206504797,2.3499775915898127,0.18047140851237767,0.2,2.1758653620662813,2.487593771408821
2024-05,1,2024-06,2024-06-10T21:59:00+00:00,CORE_LEVELPHASE_FIXED060_R29B,0.10756269773823861,-0.264200792602387,1.958136394328148,2.5510276307665993,0.10750489051747222,-0.26455041884241653,0.30961658967767275,0.1,0.3091382645762443,0.09995003330835331
2024-05,2,2024-07,2024-06-10T21:59:00+00:00,CORE_LEVELPHASE_FIXED060_R29B,0.3298638706046991,0.6622516556291425,2.150537634408578,2.405284145029738,0.4368259037225582,0.39551798429279267,0.7272177384202952,1.1,1.0337245248170572,1.1939440371417898
2024-05,3,2024-08,2024-06-10T21:59:00+00:00,CORE_LEVELPHASE_FIXED060_R29B,-0.0060162259792823376,0.263157894736854,2.213279678068404,2.1930887585785572,0.43080949676114183,0.6583302249197557,0.12845135899854,0.2,1.1620934556366478,1.3937443034090955
2024-05,4,2024-09,2024-06-10T21:59:00+00:00,CORE_LEVELPHASE_FIXED060_R29B,-0.35716249774164993,-0.3937007874015741,2.567567567567563,2.5849237939468743,0.07300765097559705,0.2638523958181216,-0.5491085493955294,-0.7,0.611471763506475,0.6912828097126495
2024-05,5,2024-10,2024-06-10T21:59:00+00:00,CORE_LEVELPHASE_FIXED060_R29B,0.2995348351266934,0.3293807641633783,2.8359216745442346,2.8227265610539694,0.37209477432736343,0.5926918897767846,0.4405514816113623,0.4,1.051055657850589,1.090484936666395
2024-05,6,2024-11,2024-06-10T21:59:00+00:00,CORE_LEVELPHASE_FIXED060_R29B,0.07889407863239142,0.0656598818122189,2.834008097166013,2.8344118091945703,0.4509577479404756,0.6583302249197681,0.00014001355149843885,0.0,1.0511956713040684,1.090484936666395
2024-05,7,2024-12,2024-06-10T21:59:00+00:00,CORE_LEVELPHASE_FIXED060_R29B,-0.010102854946923633,-0.2624671916010568,2.981029810298109,3.2420064294320623,0.4408543826207865,0.39551798429281004,0.10135534669784597,0.0,1.1524996881511642,1.090484936666395
2024-05,8,2025-01,2024-06-10T21:59:00+00:00,CORE_LEVELPHASE_FIXED060_R29B,0.977515094949074,1.3157894736842035,2.8037383177569937,2.7201534291545175,1.413622707295064,1.70272614102808,0.4509388466680188,0.5,1.6024248518531183,1.5892390877703022
2024-05,9,2025-02,2024-06-10T21:59:00+00:00,CORE_LEVELPHASE_FIXED060_R29B,0.2105785376726204,0.1948051948051921,2.729693741677764,2.6623283083613862,1.6239798391326732,1.897341836576677,0.32003429846689846,0.5,1.921948130561094,2.0879932388742097
2024-05,10,2025-03,2024-06-10T21:59:00+00:00,CORE_LEVELPHASE_FIXED060_R29B,-0.036376509225512076,0.0648088139987068,2.659574468085101,2.4885139442977433,1.5875967120500982,1.962129658732744,-0.11982283234862882,0.0,1.8020534532598658,2.0879932388742097
2024-05,11,2025-04,2024-06-10T21:59:00+00:00,CORE_LEVELPHASE_FIXED060_R29B,0.21733860929756996,-0.1295336787564882,1.8494055482166376,2.0328511406947363,1.8046994826427676,1.8325120125880643,0.2820885162920375,0.2,2.0837448465470834,2.2877935051415155
2024-05,12,2025-05,2024-06-10T21:59:00+00:00,CORE_LEVELPHASE_FIXED060_R29B,0.29677241072156235,0.5188067444876765,2.377807133421391,2.1232594720745923,2.1010323933739397,2.3499775915898127,0.1901022974840796,0.2,2.2736666782904367,2.487593771408821
2024-05,1,2024-06,2024-06-10T21:59:00+00:00,CORE_LEVELPHASE_FIXED080_R29B,0.11057428403390655,-0.264200792602387,1.958136394328148,2.554112725050155,0.11051319570030312,-0.26455041884241653,0.3153749605871185,0.1,0.31487869687885134,0.09995003330835331
2024-05,2,2024-07,2024-06-10T21:59:00+00:00,CORE_LEVELPHASE_FIXED080_R29B,0.3328879945008421,0.6622516556291425,2.150537634408578,2.41145162852059,0.4428483446812254,0.39551798429279267,0.733000082129044,1.1,1.0452053894222713,1.1939440371417898
2024-05,3,2024-08,2024-06-10T21:59:00+00:00,CORE_LEVELPHASE_FIXED080_R29B,-0.0025842537812348684,0.263157894736854,2.213279678068404,2.2027511229937544,0.4402640575075772,0.6583302249197557,0.13501353817158604,0.2,1.1801278662706036,1.3937443034090955
2024-05,4,2024-09,2024-06-10T21:59:00+00:00,CORE_LEVELPHASE_FIXED080_R29B,-0.3533308024498561,-0.3937007874015741,2.567567567567563,2.598568410531522,0.08630756751192627,0.2638523958181216,-0.5417820707441077,-0.7,0.6368728338953077,0.6912828097126495
2024-05,5,2024-10,2024-06-10T21:59:00+00:00,CORE_LEVELPHASE_FIXED080_R29B,0.3038318198023515,0.3293807641633783,2.8359216745442346,2.840808475270846,0.3896787512441017,0.5926918897767846,0.4487676272321061,0.4,1.0846365017204331,1.090484936666395
2024-05,6,2024-11,2024-06-10T21:59:00+00:00,CORE_LEVELPHASE_FIXED080_R29B,0.08332693316759683,0.0656598818122189,2.834008097166013,2.857051485663795,0.4729709867963776,0.6583302249197681,0.00861595217495735,0.0,1.0932520827435497,1.090484936666395
2024-05,7,2024-12,2024-06-10T21:59:00+00:00,CORE_LEVELPHASE_FIXED080_R29B,-0.005510645373378044,-0.2624671916010568,2.981029810298109,3.2694784527795937,0.46746018958135904,0.39551798429281004,0.11013598368521085,0.0,1.203327461248908,1.090484936666395
2024-05,8,2025-01,2024-06-10T21:59:00+00:00,CORE_LEVELPHASE_FIXED080_R29B,0.9822787514965907,1.3157894736842035,2.8037383177569937,2.752333746522173,1.4449459448468187,1.70272614102808,0.46004730267516336,0.5,1.66231978069775,1.5892390877703022
2024-05,9,2025-02,2024-06-10T21:59:00+00:00,CORE_LEVELPHASE_FIXED080_R29B,0.21543147068574875,0.1948051948051921,2.729693741677764,2.699463732485905,1.6601456946798412,1.897341836576677,0.3293134575361521,0.5,1.991092188973944,2.0879932388742097
2024-05,10,2025-03,2024-06-10T21:59:00+00:00,CORE_LEVELPHASE_FIXED080_R29B,-0.031449788254443334,0.0648088139987068,2.659574468085101,2.5306394832729886,1.6286909599423587,1.962129658732744,-0.11040258536464981,0.0,1.880628615062264,2.0879932388742097
2024-05,11,2025-04,2024-06-10T21:59:00+00:00,CORE_LEVELPHASE_FIXED080_R29B,0.22238060361976644,-0.1295336787564882,1.8494055482166376,2.079924833771246,1.8508246638680608,1.8325120125880643,0.291729174264313,0.2,2.17193308556036,2.2877935051415155
2024-05,12,2025-05,2024-06-10T21:59:00+00:00,CORE_LEVELPHASE_FIXED080_R29B,0.30180978015012316,0.5188067444876765,2.377807133421391,2.1755063462171114,2.1521799126183785,2.3499775915898127,0.19973411232507599,0.2,2.371467994514591,2.487593771408821
2024-05,1,2024-06,2024-06-10T21:59:00+00:00,CORE_LEVELPHASE_PANEL_R29B,0.10503827592104416,-0.264200792602387,1.958136394328148,2.5484415918645387,0.10498314932330997,-0.26455041884241653,0.30478971250127807,0.1,0.30432617030415543,0.09995003330835331
2024-05,2,2024-07,2024-06-10T21:59:00+00:00,CORE_LEVELPHASE_PANEL_R29B,0.3273289393120764,0.6622516556291425,2.150537634408578,2.4001144778025507,0.4317775336473083,0.39551798429279267,0.7223707663664379,1.1,1.0241003362728796,1.1939440371417898
2024-05,3,2024-08,2024-06-10T21:59:00+00:00,CORE_LEVELPHASE_PANEL_R29B,-0.009279459057057866,0.263157894736854,2.213279678068404,2.1845949725315554,0.422497644021812,0.6583302249197557,0.12221182123306612,0.2,1.1462375396480748,1.3937443034090955
2024-05,4,2024-09,2024-06-10T21:59:00+00:00,CORE_LEVELPHASE_PANEL_R29B,-0.36114197854322194,-0.3937007874015741,2.567567567567563,2.57230080079847,0.060701973523322184,0.2638523958181216,-0.5567176046350997,-0.7,0.5879644869012003,0.6912828097126495
2024-05,5,2024-10,2024-06-10T21:59:00+00:00,CORE_LEVELPHASE_PANEL_R29B,0.29477008711171776,0.3293807641633783,2.8359216745442346,2.805190294806074,0.3550384654773339,0.5926918897767846,0.4314409386394601,0.4,1.0184773874563056,1.090484936666395
2024-05,6,2024-11,2024-06-10T21:59:00+00:00,CORE_LEVELPHASE_PANEL_R29B,0.07497482605814731,0.0656598818122189,2.834008097166013,2.812847073732644,0.4299851994532186,0.6583302249197681,-0.007353880959431398,0.0,1.0111232360857911,1.090484936666395
2024-05,7,2024-12,2024-06-10T21:59:00+00:00,CORE_LEVELPHASE_PANEL_R29B,-0.013200623774762754,-0.2624671916010568,2.981029810298109,3.217158368860907,0.41678370431943157,0.39551798429281004,0.09543218855089994,0.0,1.106509917073907,1.090484936666395
2024-05,8,2025-01,2024-06-10T21:59:00+00:00,CORE_LEVELPHASE_PANEL_R29B,0.9752348542017973,1.3157894736842035,2.8037383177569937,2.6931119328698667,1.3872938366710517,1.70272614102808,0.44657886136574193,0.5,1.5520945738818956,1.5892390877703022
2024-05,9,2025-02,2024-06-10T21:59:00+00:00,CORE_LEVELPHASE_PANEL_R29B,0.20982368408210303,0.1948051948051921,2.729693741677764,2.634528916532447,1.5968976983004854,1.897341836576677,0.3185909637821915,0.5,1.870179111985618,2.0879932388742097
2024-05,10,2025-03,2024-06-10T21:59:00+00:00,CORE_LEVELPHASE_PANEL_R29B,-0.03561226862026572,0.0648088139987068,2.659574468085101,2.4615449504395612,1.5612790870059468,1.962129658732744,-0.1183615490125351,0.0,1.7517474603698486,2.0879932388742097
2024-05,11,2025-04,2024-06-10T21:59:00+00:00,CORE_LEVELPHASE_PANEL_R29B,0.21962785324856363,-0.1295336787564882,1.8494055482166376,2.0083321527063274,1.7806661108394184,1.8325120125880643,0.28646571637127444,0.2,2.0378036456322373,2.2877935051415155
2024-05,12,2025-05,2024-06-10T21:59:00+00:00,CORE_LEVELPHASE_PANEL_R29B,0.2990595548070855,0.5188067444876765,2.377807133421391,2.1010469937741667,2.079279372127441,2.3499775915898127,0.19447548246859508,0.2,2.232090269350761,2.487593771408821
2024-06,1,2024-07,2024-07-09T21:59:00+00:00,CORE_LEVELPHASE_FIXED040_R29B,0.3755461534893595,0.6622516556291425,2.150537634408578,2.180041832975239,0.3748427394685123,0.6600684031352093,0.7049689708545209,1.1,0.7024956817491411,1.0939940038334364
2024-06,2,2024-08,2024-07-09T21:59:00+00:00,CORE_LEVELPHASE_FIXED040_R29B,-0.007202016815466847,0.263157894736854,2.213279678068404,1.96710397053012,0.3676404632953617,0.9228806437621723,0.10920518078505334,0.2,0.8116412770529857,1.2937942701007419
2024-06,3,2024-09,2024-07-09T21:59:00+00:00,CORE_LEVELPHASE_FIXED040_R29B,-0.357896961406541,-0.3937007874015741,2.567567567567563,2.35731804354321,0.009101518496814655,0.5284028146605382,-0.568159311086894,-0.7,0.24186180129354629,0.5913327764042959
2024-06,4,2024-10,2024-07-09T21:59:00+00:00,CORE_LEVELPHASE_FIXED040_R29B,0.2936023503802123,0.3293807641633783,2.8359216745442346,2.588524964183463,0.3022736989632475,0.8572423086192011,0.42117757025577734,0.4,0.6621549014110875,0.9905349033580413
2024-06,5,2024-11,2024-07-09T21:59:00+00:00,CORE_LEVELPHASE_FIXED040_R29B,0.072486039993724,0.0656598818122189,2.834008097166013,2.5936141200958343,0.37473348051537175,0.9228806437621846,-0.02047518418043634,0.0,0.6416776207786419,0.9905349033580413
2024-06,6,2024-12,2024-07-09T21:59:00+00:00,CORE_LEVELPHASE_FIXED040_R29B,-0.011612803460568788,-0.2624671916010568,2.981029810298109,2.998698906322222,0.363120002716575,0.6600684031352265,0.08089042303565715,0.0,0.7225353451438117,0.9905349033580413
2024-06,7,2025-01,2024-07-09T21:59:00+00:00,CORE_LEVELPHASE_FIXED040_R29B,0.9641105891597718,1.3157894736842035,2.8037383177569937,2.4644720409226166,1.322612703047848,1.9672765598704967,0.4304720895148718,0.5,1.1520835539761412,1.4892890544619486
2024-06,8,2025-02,2024-07-09T21:59:00+00:00,CORE_LEVELPHASE_FIXED040_R29B,0.1976746198431012,0.1948051948051921,2.729693741677764,2.3936041332640796,1.5200922037060571,2.1618922554190934,0.29935386119932605,0.5,1.4509902436988447,1.988043205565856
2024-06,9,2025-03,2024-07-09T21:59:00+00:00,CORE_LEVELPHASE_FIXED040_R29B,-0.048970153822495074,0.0648088139987068,2.659574468085101,2.2073667987892636,1.4711100555878254,2.2266800775751605,-0.1403599293796996,0.0,1.3105317174991837,1.988043205565856
2024-06,10,2025-04,2024-07-09T21:59:00+00:00,CORE_LEVELPHASE_FIXED040_R29B,0.20501389502470105,-0.1295336787564882,1.8494055482166376,1.7404404082617861,1.6759140839150695,2.097062431430481,0.2614694692381139,0.2,1.5716599500110584,2.1878434718331614
2024-06,11,2025-05,2024-07-09T21:59:00+00:00,CORE_LEVELPHASE_FIXED040_R29B,0.2922252923504006,0.5188067444876765,2.377807133421391,2.0377517076834146,1.967713228164521,2.6145280104322293,0.16998400672248049,0.2,1.7414996474328417,2.387643738100467
2024-06,12,2025-06,2024-07-09T21:59:00+00:00,CORE_LEVELPHASE_FIXED040_R29B,0.21383579153079463,0.2580645161290418,2.913907284768222,2.2052854487293985,2.1813207163715003,2.8722601118622832,0.30443556689728757,0.3,2.045472747629182,2.687194636080315
2024-06,1,2024-07,2024-07-09T21:59:00+00:00,CORE_LEVELPHASE_FIXED060_R29B,0.3756486919279285,0.6622516556291425,2.150537634408578,2.180146214792763,0.37494489421648075,0.6600684031352093,0.7051649912389486,1.1,0.7026903297348921,1.0939940038334364
2024-06,2,2024-08,2024-07-09T21:59:00+00:00,CORE_LEVELPHASE_FIXED060_R29B,-0.007100084987370038,0.263157894736854,2.213279678068404,1.9673120793468095,0.3678445571611451,0.9228806437621723,0.10940004152613536,0.2,0.8120305730244879,1.2937942701007419
2024-06,3,2024-09,2024-07-09T21:59:00+00:00,CORE_LEVELPHASE_FIXED060_R29B,-0.3573530022741577,-0.3937007874015741,2.567567567567563,2.3580857317465345,0.00985152381069985,0.5284028146605382,-0.5671194368725919,-0.7,0.24329690791237157,0.5913327764042959
2024-06,4,2024-10,2024-07-09T21:59:00+00:00,CORE_LEVELPHASE_FIXED060_R29B,0.2945988476484152,0.3293807641633783,2.8359216745442346,2.5903136932647666,0.30401727943485324,0.8572423086192011,0.4230825512591966,0.4,0.6654869813388077,0.9905349033580413
2024-06,5,2024-11,2024-07-09T21:59:00+00:00,CORE_LEVELPHASE_FIXED060_R29B,0.07392331778755559,0.0656598818122189,2.834008097166013,2.596876450764244,0.377913287395903,0.9228806437621846,-0.017727573142000318,0.0,0.6477578366768288,0.9905349033580413
2024-06,6,2024-12,2024-07-09T21:59:00+00:00,CORE_LEVELPHASE_FIXED060_R29B,-0.01001196212572504,-0.2624671916010568,2.981029810298109,3.003623207792264,0.36790082403979435,0.6600684031352265,0.08395071474911604,0.0,0.7316733325230459,0.9905349033580413
2024-06,7,2025-01,2024-07-09T21:59:00+00:00,CORE_LEVELPHASE_FIXED060_R29B,0.9658796952962432,1.3157894736842035,2.8037383177569937,2.471166282849818,1.329145721886676,1.9672765598704967,0.43385404919559256,0.5,1.1645889483470033,1.4892890544619486
2024-06,8,2025-02,2024-07-09T21:59:00+00:00,CORE_LEVELPHASE_FIXED060_R29B,0.19960387750166655,0.1948051948051921,2.729693741677764,2.4022654132484926,1.5285506555378792,2.1618922554190934,0.30304197887665413,0.5,1.4671726805719147,1.988043205565856
2024-06,9,2025-03,2024-07-09T21:59:00+00:00,CORE_LEVELPHASE_FIXED060_R29B,-0.046949845133150286,0.0648088139987068,2.659574468085101,2.2180784160589337,1.4815897855140243,2.2266800775751605,-0.13649775153230267,0.0,1.3305816859993176,1.988043205565856
2024-06,10,2025-04,2024-07-09T21:59:00+00:00,CORE_LEVELPHASE_FIXED060_R29B,0.20714224285119404,-0.1295336787564882,1.8494055482166376,1.7532642770007905,1.6885177846298556,2.097062431430481,0.265538183029422,0.2,1.5957679392631121,2.1878434718331614
2024-06,11,2025-05,2024-07-09T21:59:00+00:00,CORE_LEVELPHASE_FIXED060_R29B,0.2944515166839074,0.5188067444876765,2.377807133421391,2.052878306939804,1.982536641942022,2.6145280104322293,0.17423982879044098,0.2,1.7698561465616711,2.387643738100467
2024-06,12,2025-06,2024-07-09T21:59:00+00:00,CORE_LEVELPHASE_FIXED060_R29B,0.21606500397833486,0.2580645161290418,2.913907284768222,2.2227107324473936,2.1983685611732993,2.8722601118622832,0.30869710127440475,0.3,2.0780777566347868,2.687194636080315
2024-06,1,2024-07,2024-07-09T21:59:00+00:00,CORE_LEVELPHASE_FIXED080_R29B,0.3757512305660868,0.6622516556291425,2.150537634408578,2.1802505968134644,0.37504704905893554,0.6600684031352093,0.7053610120049265,1.1,0.7028849777206432,1.0939940038334364
2024-06,2,2024-08,2024-07-09T21:59:00+00:00,CORE_LEVELPHASE_FIXED080_R29B,-0.006998152960864771,0.263157894736854,2.213279678068404,1.9675201887809486,0.36804865121592156,0.9228806437621723,0.10959490264651028,0.2,0.8124198689959901,1.2937942701007419
2024-06,3,2024-09,2024-07-09T21:59:00+00:00,CORE_LEVELPHASE_FIXED080_R29B,-0.35680903745296205,-0.3937007874015741,2.567567567567563,2.3588534286944136,0.010601532042584481,0.5284028146605382,-0.5660795517831176,-0.7,0.24473201453119686,0.5913327764042959
2024-06,4,2024-10,2024-07-09T21:59:00+00:00,CORE_LEVELPHASE_FIXED080_R29B,0.29559536382008456,0.3293807641633783,2.8359216745442346,2.5921024657365117,0.30576087180039396,0.8572423086192011,0.42498756839993973,0.4,0.6688190612665278,0.9905349033580413
2024-06,5,2024-11,2024-07-09T21:59:00+00:00,CORE_LEVELPHASE_FIXED080_R29B,0.07536063508027799,0.0656598818122189,2.834008097166013,2.600138916705209,0.38109312501234915,0.9228806437621846,-0.014979886594439468,0.0,0.6538380525750158,0.9905349033580413
2024-06,6,2024-12,2024-07-09T21:59:00+00:00,CORE_LEVELPHASE_FIXED080_R29B,-0.008411071840063102,-0.2624671916010568,2.981029810298109,3.00854780037516,0.37268169942180224,0.6600684031352265,0.08701110004073288,0.0,0.7408113199022801,0.9905349033580413
2024-06,7,2025-01,2024-07-09T21:59:00+00:00,CORE_LEVELPHASE_FIXED080_R29B,0.9676488610067214,1.3157894736842035,2.8037383177569937,2.4778610465285977,1.335678823085934,1.9672765598704967,0.4372361227625777,0.5,1.177094342717865,1.4892890544619486
2024-06,8,2025-02,2024-07-09T21:59:00+00:00,CORE_LEVELPHASE_FIXED080_R29B,0.20153320610116032,0.1948051948051921,2.729693741677764,2.4109275447593137,1.5370092234561692,2.1618922554190934,0.3067302321701301,0.5,1.4833551174449846,1.988043205565856
2024-06,9,2025-03,2024-07-09T21:59:00+00:00,CORE_LEVELPHASE_FIXED080_R29B,-0.044929458306216974,0.0648088139987068,2.659574468085101,2.2287913127594026,1.492069668844577,2.2266800775751605,-0.13263542431106745,0.0,1.3506316544994514,1.988043205565856
2024-06,10,2025-04,2024-07-09T21:59:00+00:00,CORE_LEVELPHASE_FIXED080_R29B,0.20927067704823593,-0.1295336787564882,1.8494055482166376,1.7660899600414064,1.7011216798276128,2.097062431430481,0.2696070619333301,0.2,1.6198759285151656,2.1878434718331614
2024-06,11,2025-05,2024-07-09T21:59:00+00:00,CORE_LEVELPHASE_FIXED080_R29B,0.2966778356007841,0.5188067444876765,2.377807133421391,2.0680073931104044,1.9973602952359195,2.6145280104322293,0.1784958316712633,0.2,1.7982126456905,2.387643738100467
2024-06,12,2025-06,2024-07-09T21:59:00+00:00,CORE_LEVELPHASE_FIXED080_R29B,0.21829431113619796,0.2580645161290418,2.913907284768222,2.2401392779686358,2.2154166905156867,2.8722601118622832,0.31295881670707687,0.3,2.1106827656403913,2.687194636080315
2024-06,1,2024-07,2024-07-09T21:59:00+00:00,CORE_LEVELPHASE_PANEL_R29B,0.3756002554510775,0.6622516556291425,2.150537634408578,2.1800969075519006,0.37489663899804004,0.6600684031352093,0.7050723963355625,1.1,0.702598383163966,1.0939940038334364
2024-06,2,2024-08,2024-07-09T21:59:00+00:00,CORE_LEVELPHASE_PANEL_R29B,-0.00714823491729763,0.263157894736854,2.213279678068404,1.9672137741576883,0.3677481485822544,0.9228806437621723,0.10930799440793959,0.2,0.8118466798826356,1.2937942701007419
2024-06,3,2024-09,2024-07-09T21:59:00+00:00,CORE_LEVELPHASE_PANEL_R29B,-0.3579136299192408,-0.3937007874015741,2.567567567567563,2.3574111446314423,0.009192475399233705,0.5284028146605382,-0.5681911759008393,-0.7,0.24203515722671876,0.5913327764042959
2024-06,4,2024-10,2024-07-09T21:59:00+00:00,CORE_LEVELPHASE_PANEL_R29B,0.29351473225030794,0.3293807641633783,2.8359216745442346,2.588528652477125,0.30227729419341287,0.8572423086192011,0.4210100726836826,0.4,0.6621614621364795,0.9905349033580413
2024-06,5,2024-11,2024-07-09T21:59:00+00:00,CORE_LEVELPHASE_PANEL_R29B,0.07232833484381024,0.0656598818122189,2.834008097166013,2.5934561303478385,0.37457948470286495,0.9228806437621846,-0.020776665503379546,0.0,0.6413826379849509,0.9905349033580413
2024-06,6,2024-12,2024-07-09T21:59:00+00:00,CORE_LEVELPHASE_PANEL_R29B,-0.011400270823872967,-0.2624671916010568,2.981029810298109,2.9987592236985607,0.36317856399872517,0.6600684031352265,0.08129671680928917,0.0,0.7226463269125969,0.9905349033580413
2024-06,7,2025-01,2024-07-09T21:59:00+00:00,CORE_LEVELPHASE_PANEL_R29B,0.9646955582747967,1.3157894736842035,2.8037383177569937,2.4651257077539346,1.3232506458716284,1.9672765598704967,0.4315903615736794,0.5,1.153308008388962,1.4892890544619486
2024-06,8,2025-02,2024-07-09T21:59:00+00:00,CORE_LEVELPHASE_PANEL_R29B,0.19863003670483512,0.1948051948051921,2.729693741677764,2.395233709977541,1.5216836739547859,2.1618922554190934,0.301180309730622,0.5,1.4540356788372601,1.988043205565856
2024-06,9,2025-03,2024-07-09T21:59:00+00:00,CORE_LEVELPHASE_PANEL_R29B,-0.047264244122904295,0.0648088139987068,2.659574468085101,2.210737858958403,1.4744082567673038,2.2266800775751605,-0.13709878087988506,0.0,1.3168428315930591,1.988043205565856
2024-06,10,2025-04,2024-07-09T21:59:00+00:00,CORE_LEVELPHASE_PANEL_R29B,0.20748439834588572,-0.1295336787564882,1.8494055482166376,1.7463045092131728,1.681677703511411,2.097062431430481,0.2661922738517467,0.2,1.5826814412902588,2.1878434718331614
2024-06,11,2025-05,2024-07-09T21:59:00+00:00,CORE_LEVELPHASE_PANEL_R29B,0.2954505900871076,0.5188067444876765,2.377807133421391,2.0469145662774686,1.9766926961152502,2.6145280104322293,0.17614973453212973,0.2,1.758676214127232,2.387643738100467
2024-06,12,2025-06,2024-07-09T21:59:00+00:00,CORE_LEVELPHASE_PANEL_R29B,0.2170654183718439,0.2580645161290418,2.913907284768222,2.2177574534127107,2.193522867872354,2.8722601118622832,0.3106095705565523,0.3,2.0688043897387622,2.687194636080315
2024-07,1,2024-08,2024-08-11T21:59:00+00:00,CORE_LEVELPHASE_FIXED040_R29B,-0.04412135420744625,0.263157894736854,2.213279678068404,1.442195422334034,-0.04413109054090518,0.262812240626963,0.08210242381430165,0.2,0.08206873821085772,0.19980026626730563
2024-07,2,2024-09,2024-08-11T21:59:00+00:00,CORE_LEVELPHASE_FIXED040_R29B,-0.36991659555127065,-0.3937007874015741,2.567567567567563,1.8181171383133299,-0.41473356951735607,-0.13166558847467108,-0.5901521364839697,-0.7,-0.5098316777265355,-0.5026612274291403
2024-07,3,2024-10,2024-08-11T21:59:00+00:00,CORE_LEVELPHASE_FIXED040_R29B,0.2820175904016037,0.3293807641633783,2.8359216745442346,2.036318680291325,-0.13311290263458903,0.1971739054839919,0.40023820784481295,0.4,-0.11039229224467373,-0.10345910047539497
2024-07,4,2024-11,2024-08-11T21:59:00+00:00,CORE_LEVELPHASE_FIXED040_R29B,0.06024449229070583,0.0656598818122189,2.834008097166013,2.0288980463848754,-0.0728865500530552,0.26281224062697534,-0.04043997918994083,0.0,-0.15084045059937498,-0.10345910047539497
2024-07,5,2024-12,2024-08-11T21:59:00+00:00,CORE_LEVELPHASE_FIXED040_R29B,-0.023381512337033596,-0.2624671916010568,2.981029810298109,2.4196967898747994,-0.09627079629184465,1.730386667286865e-14,0.059855497458265974,0.0,-0.09100285939909199,-0.10345910047539497
2024-07,6,2025-01,2024-08-11T21:59:00+00:00,CORE_LEVELPHASE_FIXED040_R29B,0.9616746789542616,1.3157894736842035,2.8037383177569937,1.8860148426723364,0.8608092253392872,1.3072081567352873,0.4101126072705229,0.5,0.31827107832929197,0.3952950506285124
2024-07,7,2025-02,2024-08-11T21:59:00+00:00,CORE_LEVELPHASE_FIXED040_R29B,0.18425293401661288,0.1948051948051921,2.729693741677764,1.8019086124701242,1.044892621857364,1.5018238522838843,0.27957154809869944,0.5,0.5974525520310194,0.8940492017324198
2024-07,8,2025-03,2024-08-11T21:59:00+00:00,CORE_LEVELPHASE_FIXED040_R29B,-0.06166621874436909,0.0648088139987068,2.659574468085101,1.6038398269138616,0.983207381680056,1.5666116744399514,-0.16002140088125366,0.0,0.4373029801538011,0.8940492017324198
2024-07,9,2025-04,2024-08-11T21:59:00+00:00,CORE_LEVELPHASE_FIXED040_R29B,0.19290119052753968,-0.1295336787564882,1.8494055482166376,1.1274449172501786,1.1759227567827983,1.4369940282952718,0.24208704634925415,0.2,0.6790974678822228,1.0938494679997253
2024-07,10,2025-05,2024-08-11T21:59:00+00:00,CORE_LEVELPHASE_FIXED040_R29B,0.2806534778014035,0.5188067444876765,2.377807133421391,1.4112626084221398,1.4561831380321961,1.9544596072970204,0.15087619213289508,0.2,0.8298599562419362,1.293649734267031
2024-07,11,2025-06,2024-08-11T21:59:00+00:00,CORE_LEVELPHASE_FIXED040_R29B,0.17496452358550332,0.2580645161290418,2.913907284768222,1.8578054702869051,1.6309947769983857,2.2121917087270746,0.25239754481639454,0.3,1.081939513404815,1.5932006322468788
2024-07,12,2025-07,2024-08-11T21:59:00+00:00,CORE_LEVELPHASE_FIXED040_R29B,0.3124952121666778,0.4504504504504458,2.697368421052633,1.9620018877348318,1.9430027377046817,2.6616306675110013,0.6980550423632876,0.9,1.7775694308211472,2.489174769394069
2024-07,1,2024-08,2024-08-11T21:59:00+00:00,CORE_LEVELPHASE_FIXED060_R29B,-0.05020032743521771,0.263157894736854,2.213279678068404,1.4360260564248617,-0.05021293201812851,0.262812240626963,0.07047881679264079,0.2,0.07045399213795546,0.19980026626730563
2024-07,2,2024-09,2024-08-11T21:59:00+00:00,CORE_LEVELPHASE_FIXED060_R29B,-0.3759547361288945,-0.3937007874015741,2.567567567567563,1.8057545377542357,-0.4268761542472558,-0.13166558847467108,-0.601697667379748,-0.7,-0.5330611698723401,-0.5026612274291403
2024-07,3,2024-10,2024-08-11T21:59:00+00:00,CORE_LEVELPHASE_FIXED060_R29B,0.27648075112878095,0.3293807641633783,2.8359216745442346,2.0182965711255707,-0.15077690811705208,0.1971739054839919,0.38965121536467284,0.4,-0.14416712860114894,-0.10345910047539497
2024-07,4,2024-11,2024-08-11T21:59:00+00:00,CORE_LEVELPHASE_FIXED060_R29B,0.05529095449299863,0.0656598818122189,2.834008097166013,2.0058271429323806,-0.0955012334403191,0.26281224062697534,-0.049911640697586544,0.0,-0.19409122930428907,-0.10345910047539497
2024-07,5,2024-12,2024-08-11T21:59:00+00:00,CORE_LEVELPHASE_FIXED060_R29B,-0.02778045435783915,-0.2624671916010568,2.981029810298109,2.3920321007646628,-0.1232855472811844,1.730386667286865e-14,0.05144427874663839,0.0,-0.1426601785902133,-0.10345910047539497
2024-07,6,2025-01,2024-08-11T21:59:00+00:00,CORE_LEVELPHASE_FIXED060_R29B,0.9574646111991431,1.3157894736842035,2.8037383177569937,1.8542468421082068,0.8296244211588245,1.3072081567352873,0.40206253511417545,0.5,0.25859624510551626,0.3952950506285124
2024-07,7,2025-02,2024-08-11T21:59:00+00:00,CORE_LEVELPHASE_FIXED060_R29B,0.1802523475605294,0.1948051948051921,2.729693741677764,1.7661029205529768,1.0097145091305666,1.5018238522838843,0.27192202521393743,0.5,0.530149231228142,0.8940492017324198
2024-07,8,2025-03,2024-08-11T21:59:00+00:00,CORE_LEVELPHASE_FIXED060_R29B,-0.06544615356836692,0.0648088139987068,2.659574468085101,1.5642622225223872,0.9442469302185629,1.5666116744399514,-0.16724901569635436,0.0,0.3627601982253744,0.8940492017324198
2024-07,9,2025-04,2024-08-11T21:59:00+00:00,CORE_LEVELPHASE_FIXED060_R29B,0.18923149241537962,-0.1295336787564882,1.8494055482166376,1.0843503980824738,1.1332996053954825,1.4369940282952718,0.23507021519279972,0.2,0.5975545556096037,1.0938494679997253
2024-07,10,2025-05,2024-08-11T21:59:00+00:00,CORE_LEVELPHASE_FIXED060_R29B,0.27711246542190976,0.5188067444876765,2.377807133421391,1.3644677336263222,1.410028822081685,1.9544596072970204,0.1441054210148324,0.2,0.7415562444064814,1.293649734267031
2024-07,11,2025-06,2024-08-11T21:59:00+00:00,CORE_LEVELPHASE_FIXED060_R29B,0.17154539575335517,0.2580645161290418,2.913907284768222,1.8073295826379072,1.5814272467784003,2.2121917087270746,0.24585982918768423,0.3,0.9871143327878815,1.5932006322468788
2024-07,12,2025-07,2024-08-11T21:59:00+00:00,CORE_LEVELPHASE_FIXED060_R29B,0.3090608850974961,0.4504504504504458,2.697368421052633,1.907985295119742,1.8900115204828347,2.6616306675110013,0.6914882642676626,0.9,1.6762227814227346,2.489174769394069
2024-07,1,2024-08,2024-08-11T21:59:00+00:00,CORE_LEVELPHASE_FIXED080_R29B,-0.056278594646686705,0.263157894736854,2.213279678068404,1.4298574070302625,-0.05629443699194209,0.262812240626963,0.0588565597450205,0.2,0.05883924606505323,0.19980026626730563
2024-07,2,2024-09,2024-08-11T21:59:00+00:00,CORE_LEVELPHASE_FIXED080_R29B,-0.3819921754325493,-0.3937007874015741,2.567567567567563,1.793394123433025,-0.4390180658590423,-0.13166558847467108,-0.6132418573693031,-0.7,-0.5562906620181447,-0.5026612274291403
2024-07,3,2024-10,2024-08-11T21:59:00+00:00,CORE_LEVELPHASE_FIXED080_R29B,0.27094449570393303,0.3293807641633783,2.8359216745442346,2.0002786146286375,-0.16843996308875986,0.1971739054839919,0.3790653392604674,0.4,-0.1779419649576241,-0.10345910047539497
2024-07,4,2024-11,2024-08-11T21:59:00+00:00,CORE_LEVELPHASE_FIXED080_R29B,0.05033788606743828,0.0656598818122189,2.834008097166013,1.9827626541326329,-0.1181147422850845,0.26281224062697534,-0.0593824047185717,0.0,-0.2373420080092031,-0.10345910047539497
2024-07,5,2024-12,2024-08-11T21:59:00+00:00,CORE_LEVELPHASE_FIXED080_R29B,-0.032179026595345966,-0.2624671916010568,2.981029810298109,2.364376266961075,-0.15029894744016348,1.730386667286865e-14,0.04303376709779702,0.0,-0.19431749778133456,-0.10345910047539497
2024-07,6,2025-01,2024-08-11T21:59:00+00:00,CORE_LEVELPHASE_FIXED080_R29B,0.9532548809732665,1.3157894736842035,2.8037383177569937,1.8224902856028518,0.7984411282501442,1.3072081567352873,0.39401310834762027,0.5,0.1989214118817405,0.3952950506285124
2024-07,7,2025-02,2024-08-11T21:59:00+00:00,CORE_LEVELPHASE_FIXED080_R29B,0.17625206627704662,0.1948051948051921,2.729693741677764,1.7303115072847235,0.9745380528397265,1.5018238522838843,0.26427308584982134,0.5,0.4628459104252643,0.8940492017324198
2024-07,8,2025-03,2024-08-11T21:59:00+00:00,CORE_LEVELPHASE_FIXED080_R29B,-0.06922581475535765,0.0648088139987068,2.659574468085101,1.5247018491865232,0.905288265953319,1.5666116744399514,-0.17447610729002969,0.0,0.28821741629694764,0.8940492017324198
2024-07,9,2025-04,2024-08-11T21:59:00+00:00,CORE_LEVELPHASE_FIXED080_R29B,0.18556205117787977,-0.1295336787564882,1.8494055482166376,1.041276172561906,1.0906783634446757,1.4369940282952718,0.2280538752064808,0.2,0.5160116433369846,1.0938494679997253
2024-07,10,2025-05,2024-08-11T21:59:00+00:00,CORE_LEVELPHASE_FIXED080_R29B,0.27357169243507307,0.5188067444876765,2.377807133421391,1.3176965018451798,1.3638765296115813,1.9544596072970204,0.13733510763956025,0.2,0.6532525325710268,1.293649734267031
2024-07,11,2025-06,2024-08-11T21:59:00+00:00,CORE_LEVELPHASE_FIXED080_R29B,0.1681264908912907,0.2580645161290418,2.913907284768222,1.7568808754259626,1.531861846130371,2.2121917087270746,0.23932253990015567,0.3,0.8922891521709482,1.5932006322468788
2024-07,12,2025-07,2024-08-11T21:59:00+00:00,CORE_LEVELPHASE_FIXED080_R29B,0.3056267819895792,0.4504504504504458,2.697368421052633,1.8539995960508395,1.8370225388914685,2.6616306675110013,0.6849219144084573,0.9,1.5748761320243228,2.489174769394069
2024-07,1,2024-08,2024-08-11T21:59:00+00:00,CORE_LEVELPHASE_PANEL_R29B,-0.04508404455206484,0.263157894736854,2.213279678068404,1.4412184170453701,-0.04509421046301474,0.262812240626963,0.08026166324008606,0.2,0.08022947079146724,0.19980026626730563
2024-07,2,2024-09,2024-08-11T21:59:00+00:00,CORE_LEVELPHASE_PANEL_R29B,-0.3708728194752341,-0.3937007874015741,2.567567567567563,1.8161592977677963,-0.4166564683336644,-0.13166558847467108,-0.5919805326127904,-0.7,-0.5135102125653166,-0.5026612274291403
2024-07,3,2024-10,2024-08-11T21:59:00+00:00,CORE_LEVELPHASE_PANEL_R29B,0.28158388413115143,0.3293807641633783,2.8359216745442346,2.0339153590895305,-0.13546828896833754,0.1971739054839919,0.399408917920071,0.4,-0.11489681451582051,-0.10345910047539497
2024-07,4,2024-11,2024-08-11T21:59:00+00:00,CORE_LEVELPHASE_PANEL_R29B,0.06034240398552235,0.0656598818122189,2.834008097166013,2.0265947356904115,-0.07514408369075173,0.26281224062697534,-0.04025276220103015,0.0,-0.15515768031586263,-0.10345910047539497
2024-07,5,2024-12,2024-08-11T21:59:00+00:00,CORE_LEVELPHASE_PANEL_R29B,-0.02275325119873845,-0.2624671916010568,2.981029810298109,2.4180282559766924,-0.09789992383441096,1.730386667286865e-14,0.061056795819831755,0.0,-0.09411951657389572,-0.10345910047539497
2024-07,6,2025-01,2024-08-11T21:59:00+00:00,CORE_LEVELPHASE_PANEL_R29B,0.961396049224867,1.3157894736842035,2.8037383177569937,1.8840738269597475,0.8589041216753296,1.3072081567352873,0.4095798392589384,0.5,0.3146238277598912,0.3952950506285124
2024-07,7,2025-02,2024-08-11T21:59:00+00:00,CORE_LEVELPHASE_PANEL_R29B,0.18306677405318533,0.1948051948051921,2.729693741677764,1.7987639093573533,1.0418035327359279,1.5018238522838843,0.27730349118133674,0.5,0.5915435421307403,0.8940492017324198
2024-07,8,2025-03,2024-08-11T21:59:00+00:00,CORE_LEVELPHASE_PANEL_R29B,-0.06375107589114896,0.0648088139987068,2.659574468085101,1.5985817057088427,0.978032127205691,1.5666116744399514,-0.16400785702482748,0.0,0.42740104498636255,0.8940492017324198
2024-07,9,2025-04,2024-08-11T21:59:00+00:00,CORE_LEVELPHASE_PANEL_R29B,0.1899628643195467,-0.1295336787564882,1.8494055482166376,1.119245870253684,1.167814790250381,1.4369940282952718,0.2364686716890193,0.2,0.6635905694890838,1.0938494679997253
2024-07,10,2025-05,2024-08-11T21:59:00+00:00,CORE_LEVELPHASE_PANEL_R29B,0.2768735355020986,0.5188067444876765,2.377807133421391,1.3992183013677155,1.4443057370077972,1.9544596072970204,0.14364856302425685,0.2,0.8071360566645557,1.293649734267031
2024-07,11,2025-06,2024-08-11T21:59:00+00:00,CORE_LEVELPHASE_PANEL_R29B,0.17033561770831807,0.2580645161290418,2.913907284768222,1.8410020207457787,1.614496448131163,2.2121917087270746,0.24354661212749007,0.3,1.0503865746846521,1.5932006322468788
2024-07,12,2025-07,2024-08-11T21:59:00+00:00,CORE_LEVELPHASE_PANEL_R29B,0.30784572915956715,0.4504504504504458,2.697368421052633,1.9404560909578323,1.9218693025604707,2.6616306675110013,0.6891647641364239,0.9,1.7371874529582016,2.489174769394069
2024-08,1,2024-09,2024-09-09T21:59:00+00:00,CORE_LEVELPHASE_FIXED040_R29B,-0.39685197896903235,-0.3937007874015741,2.567567567567563,2.3696116750770613,-0.3976415260160936,-0.3944778291016341,-0.5334867487443765,-0.7,-0.5349148707922576,-0.702461493696446
2024-08,2,2024-10,2024-09-09T21:59:00+00:00,CORE_LEVELPHASE_FIXED040_R29B,0.33119316248887887,0.3293807641633783,2.8359216745442346,2.6393019497155867,-0.06699560014100212,-0.06563833514297109,0.4547251303482644,0.4,-0.08122049162296163,-0.3032593667427006
2024-08,3,2024-11,2024-09-09T21:59:00+00:00,CORE_LEVELPHASE_FIXED040_R29B,0.10141327590767749,0.0656598818122189,2.834008097166013,2.674064303341241,0.03436628724427847,1.235990476633475e-14,0.012579145363168802,0.0,-0.06864213736794077,-0.3032593667427006
2024-08,4,2024-12,2024-09-09T21:59:00+00:00,CORE_LEVELPHASE_FIXED040_R29B,0.01796818062495141,-0.2624671916010568,2.981029810298109,3.1099622043640176,0.05233285378499985,-0.2628122406269457,0.11264922548958356,0.0,0.043943686491455594,-0.3032593667427006
2024-08,5,2025-01,2024-09-09T21:59:00+00:00,CORE_LEVELPHASE_FIXED040_R29B,0.9984245965701373,1.3157894736842035,2.8037383177569937,2.610019789389307,1.0458061215606158,1.0443959161083243,0.4615246846837496,0.5,0.5044066116039901,0.19549478436120676
2024-08,6,2025-02,2024-09-09T21:59:00+00:00,CORE_LEVELPHASE_FIXED040_R29B,0.2267266652923393,0.1948051948051921,2.729693741677764,2.5687821372432755,1.2722761497857558,1.2390116116569212,0.3297618905148729,0.5,0.8336259799570642,0.6942489354651141
2024-08,7,2025-03,2024-09-09T21:59:00+00:00,CORE_LEVELPHASE_FIXED040_R29B,-0.02917005365594193,0.0648088139987068,2.659574468085101,2.402507897756847,1.2431018408421293,1.3037994338129884,-0.11071493272499029,0.0,0.7228497129754659,0.6942489354651141
2024-08,8,2025-04,2024-09-09T21:59:00+00:00,CORE_LEVELPHASE_FIXED040_R29B,0.22394466892258016,-0.1295336787564882,1.8494055482166376,1.9539475653735199,1.4667961274332595,1.1741817876683087,0.2908655134859375,0.2,1.0132930312088546,0.8940492017324198
2024-08,9,2025-05,2024-09-09T21:59:00+00:00,CORE_LEVELPHASE_FIXED040_R29B,0.31009722240236004,0.5188067444876765,2.377807133421391,2.2701039249033017,1.7764135400608647,1.6916473666700576,0.1991522529767178,0.2,1.21224723898364,1.0938494679997253
2024-08,10,2025-06,2024-09-09T21:59:00+00:00,CORE_LEVELPHASE_FIXED040_R29B,0.20354585044415094,0.2580645161290418,2.913907284768222,2.749736094846809,1.9797525166134335,1.9493794681001115,0.3005138954200575,0.3,1.5123104939959595,1.393400365979573
2024-08,11,2025-07,2024-09-09T21:59:00+00:00,CORE_LEVELPHASE_FIXED040_R29B,0.3709312226395061,0.4504504504504458,2.697368421052633,2.4523744014970097,2.34999748588843,2.3988184268840382,0.8223840199819655,0.9,2.3313313626942023,2.2893745031267634
2024-08,12,2025-08,2024-09-09T21:59:00+00:00,CORE_LEVELPHASE_FIXED040_R29B,0.012963270698473674,0.0640614990390808,2.493438320209967,2.3910990156842273,2.362959916427575,2.4628594153039627,0.1443073843941893,0.3,2.475534724045701,2.588925401106611
2024-08,1,2024-09,2024-09-09T21:59:00+00:00,CORE_LEVELPHASE_FIXED060_R29B,-0.3859265678521347,-0.3937007874015741,2.567567567567563,2.380840537975965,-0.38667318598187767,-0.3944778291016341,-0.5126494852363381,-0.7,-0.5139680410199705,-0.702461493696446
2024-08,2,2024-10,2024-09-09T21:59:00+00:00,CORE_LEVELPHASE_FIXED060_R29B,0.34222711889098645,0.3293807641633783,2.8359216745442346,2.661849424369537,-0.04503033146745195,-0.06563833514297109,0.47576941459779015,0.4,-0.039326832078387275,-0.3032593667427006
2024-08,3,2024-11,2024-09-09T21:59:00+00:00,CORE_LEVELPHASE_FIXED060_R29B,0.11234371390183807,0.0656598818122189,2.834008097166013,2.7078332324852217,0.06725032410774506,1.235990476633475e-14,0.033425996278493714,0.0,-0.005906421041449186,-0.3032593667427006
2024-08,4,2024-12,2024-09-09T21:59:00+00:00,CORE_LEVELPHASE_FIXED060_R29B,0.028854547362802123,-0.2624671916010568,2.981029810298109,3.1551011011342918,0.09610070934665171,-0.2628122406269457,0.13341202241636438,0.0,0.12741668660949446,-0.3032593667427006
2024-08,5,2025-01,2024-09-09T21:59:00+00:00,CORE_LEVELPHASE_FIXED060_R29B,1.0092937008198704,1.3157894736842035,2.8037383177569937,2.665987196933681,1.100335055314558,1.0443959161083243,0.48225455808848966,0.5,0.6085121225232062,0.19549478436120676
2024-08,6,2025-02,2024-09-09T21:59:00+00:00,CORE_LEVELPHASE_FIXED060_R29B,0.23756145976435067,0.1948051948051921,2.729693741677764,2.635821077344025,1.3376147839445927,1.2390116116569212,0.3504263273084282,0.5,0.9583258874134832,0.6942489354651141
2024-08,7,2025-03,2024-09-09T21:59:00+00:00,CORE_LEVELPHASE_FIXED060_R29B,-0.018402793166100075,0.0648088139987068,2.659574468085101,2.4804745316849655,1.3192102972567377,1.3037994338129884,-0.0901792987167175,0.0,0.8681059027051136,0.6942489354651141
2024-08,8,2025-04,2024-09-09T21:59:00+00:00,CORE_LEVELPHASE_FIXED060_R29B,0.23473517020487417,-0.1295336787564882,1.8494055482166376,2.042557794582265,1.5536703948383181,1.1741817876683087,0.3114454730130653,0.2,1.1790673889477568,0.8940492017324198
2024-08,9,2025-05,2024-09-09T21:59:00+00:00,CORE_LEVELPHASE_FIXED060_R29B,0.3208655347474455,0.5188067444876765,2.377807133421391,2.369977193319822,1.8740222546394236,1.6916473666700576,0.21968989311406426,0.2,1.398516316669346,1.0938494679997253
2024-08,10,2025-06,2024-09-09T21:59:00+00:00,CORE_LEVELPHASE_FIXED060_R29B,0.21431272225381826,0.2580645161290418,2.913907284768222,2.861128996301431,2.0881056547645254,1.9493794681001115,0.3210487881261376,0.3,1.7190508435660188,1.393400365979573
2024-08,11,2025-07,2024-09-09T21:59:00+00:00,CORE_LEVELPHASE_FIXED060_R29B,0.3817417172363114,0.4504504504504458,2.697368421052633,2.5744915678393783,2.4691205873470516,2.3988184268840382,0.8430021113430731,0.9,2.5585195360861643,2.2893745031267634
2024-08,12,2025-08,2024-09-09T21:59:00+00:00,CORE_LEVELPHASE_FIXED060_R29B,0.023701059775800244,0.0640614990390808,2.493438320209967,2.5241493637150865,2.492818838865395,2.4628594153039627,0.16478680966285822,0.3,2.7231707212595655,2.588925401106611
2024-08,1,2024-09,2024-09-09T21:59:00+00:00,CORE_LEVELPHASE_FIXED080_R29B,-0.37499886796826476,-0.3937007874015741,2.567567567567563,2.3920717532120275,-0.3757037514783988,-0.3944778291016341,-0.4918078565250136,-0.7,-0.4930212112476834,-0.702461493696446
2024-08,2,2024-10,2024-09-09T21:59:00+00:00,CORE_LEVELPHASE_FIXED080_R29B,0.3532633867992438,0.3293807641633783,2.8359216745442346,2.684404099580005,-0.023062874146844964,-0.06563833514297109,0.4968181074194262,0.4,0.002566827466186916,-0.3032593667427006
2024-08,3,2024-11,2024-09-09T21:59:00+00:00,CORE_LEVELPHASE_FIXED080_R29B,0.1232764302615128,0.0656598818122189,2.834008097166013,2.741616629894416,0.10013763311374875,1.235990476633475e-14,0.054277192559139674,0.0,0.05682929528504224,-0.3032593667427006
2024-08,4,2024-12,2024-09-09T21:59:00+00:00,CORE_LEVELPHASE_FIXED080_R29B,0.03974317187150996,-0.2624671916010568,2.981029810298109,3.200264242163712,0.13987290947858724,-0.2628122406269457,0.15417912542973428,0.0,0.21088968672753314,-0.3032593667427006
2024-08,5,2025-01,2024-09-09T21:59:00+00:00,CORE_LEVELPHASE_FIXED080_R29B,1.0201650478700768,1.3157894736842035,2.8037383177569937,2.7219906852424534,1.1548693959066356,1.0443959161083243,0.5029887090278654,0.5,0.7126176334424222,0.19549478436120676
2024-08,6,2025-02,2024-09-09T21:59:00+00:00,CORE_LEVELPHASE_FIXED080_R29B,0.248398485826683,0.1948051948051921,2.729693741677764,2.7029104733448945,1.4029598826324767,1.2390116116569212,0.37109502025628865,0.5,1.0830257948699025,0.6942489354651141
2024-08,7,2025-03,2024-09-09T21:59:00+00:00,CORE_LEVELPHASE_FIXED080_R29B,-0.007633319100292149,0.0648088139987068,2.659574468085101,2.558508238271062,1.3953262721795554,1.3037994338129884,-0.06963944291164395,0.0,1.0133620924347615,0.6942489354651141
2024-08,8,2025-04,2024-09-09T21:59:00+00:00,CORE_LEVELPHASE_FIXED080_R29B,0.24552788572750334,-0.1295336787564882,1.8494055482166376,2.131253787763525,1.6405532306665849,1.1741817876683087,0.33202965560409803,0.2,1.344841746686659,0.8940492017324198
2024-08,9,2025-05,2024-09-09T21:59:00+00:00,CORE_LEVELPHASE_FIXED080_R29B,0.3316360542541572,0.5188067444876765,2.377807133421391,2.469957847985564,1.9716405853474075,1.6916473666700576,0.24023174281459503,0.2,1.584785394355052,1.0938494679997253
2024-08,10,2025-06,2024-09-09T21:59:00+00:00,CORE_LEVELPHASE_FIXED080_R29B,0.2250817984047077,0.2580645161290418,2.913907284768222,2.9726536390123366,2.1964694541335033,1.9493794681001115,0.3415878850162448,0.3,1.925791193136078,1.393400365979573
2024-08,11,2025-07,2024-09-09T21:59:00+00:00,CORE_LEVELPHASE_FIXED080_R29B,0.39255442257002204,0.4504504504504458,2.697368421052633,2.6967663097461054,2.5882553923198888,2.3988184268840382,0.8636244190862419,0.9,2.785707709478126,2.2893745031267634
2024-08,12,2025-08,2024-09-09T21:59:00+00:00,CORE_LEVELPHASE_FIXED080_R29B,0.034441044721815764,0.0640614990390808,2.493438320209967,2.6573856866126664,2.6226905074753275,2.4628594153039627,0.18527042295649124,0.3,2.9708067184734297,2.588925401106611
2024-08,1,2024-09,2024-09-09T21:59:00+00:00,CORE_LEVELPHASE_PANEL_R29B,-0.39502518240530576,-0.3937007874015741,2.567567567567563,2.371489210662569,-0.3958074677078813,-0.3944778291016341,-0.5300026289280452,-0.7,-0.5314121253125181,-0.702461493696446
2024-08,2,2024-10,2024-09-09T21:59:00+00:00,CORE_LEVELPHASE_PANEL_R29B,0.333038108498142,0.3293807641633783,2.8359216745442346,2.6430718550420633,-0.06332270289509832,-0.06563833514297109,0.45824386531775785,0.4,-0.07421500066348252,-0.3032593667427006
2024-08,3,2024-11,2024-09-09T21:59:00+00:00,CORE_LEVELPHASE_PANEL_R29B,0.10212724393635506,0.0656598818122189,2.834008097166013,2.67856782970033,0.038752426650462475,1.235990476633475e-14,0.013940846061722814,0.0,-0.06027512624740159,-0.3032593667427006
2024-08,4,2024-12,2024-09-09T21:59:00+00:00,CORE_LEVELPHASE_PANEL_R29B,0.017558906044217372,-0.2624671916010568,2.981029810298109,3.114062904672409,0.056309791299204645,-0.2628122406269457,0.11186864504325994,0.0,0.051530992454375375,-0.3032593667427006
2024-08,5,2025-01,2024-09-09T21:59:00+00:00,CORE_LEVELPHASE_PANEL_R29B,0.9968860461017649,1.3157894736842035,2.8037383177569937,2.6125374441805085,1.0482597064152892,1.0443959161083243,0.4585903162479196,0.5,0.5090729870906109,0.19549478436120676
2024-08,6,2025-02,2024-09-09T21:59:00+00:00,CORE_LEVELPHASE_PANEL_R29B,0.22759447814953543,0.1948051948051921,2.729693741677764,2.5721868935501506,1.2755955806369148,1.2390116116569212,0.3314170085683337,0.5,0.839942019880602,0.6942489354651141
2024-08,7,2025-03,2024-09-09T21:59:00+00:00,CORE_LEVELPHASE_PANEL_R29B,-0.025912151710180503,0.0648088139987068,2.659574468085101,2.4092443921346356,1.249680071148642,1.3037994338129884,-0.10450136688286037,0.0,0.7353860122491367,0.6942489354651141
2024-08,8,2025-04,2024-09-09T21:59:00+00:00,CORE_LEVELPHASE_PANEL_R29B,0.22961930144937445,-0.1295336787564882,1.8494055482166376,1.9664275156711228,1.479036150342421,1.1741817876683087,0.30168833855008703,0.2,1.0366201847458745,0.8940492017324198
2024-08,9,2025-05,2024-09-09T21:59:00+00:00,CORE_LEVELPHASE_PANEL_R29B,0.31870314584818626,0.5188067444876765,2.377807133421391,2.2913977278725772,1.7972325141827221,1.6916473666700576,0.2155657217837028,0.2,1.2519538969897361,1.0938494679997253
2024-08,10,2025-06,2024-09-09T21:59:00+00:00,CORE_LEVELPHASE_PANEL_R29B,0.21510009470214053,0.2580645161290418,2.913907284768222,2.7829800692607156,2.0121015998389646,1.9493794681001115,0.3225504878799606,0.3,1.573985306676859,1.393400365979573
2024-08,11,2025-07,2024-09-09T21:59:00+00:00,CORE_LEVELPHASE_PANEL_R29B,0.38550065958280566,0.4504504504504458,2.697368421052633,2.5003985489496903,2.3968611097762746,2.3988184268840382,0.8501712760863827,0.9,2.420562980255632,2.2893745031267634
2024-08,12,2025-08,2024-09-09T21:59:00+00:00,CORE_LEVELPHASE_PANEL_R29B,0.02743472151616271,0.0640614990390808,2.493438320209967,2.4539169422298968,2.424292068660877,2.4628594153039627,0.17190775849502496,0.3,2.592323146487661,2.588925401106611
2024-09,1,2024-10,2024-10-09T21:59:00+00:00,CORE_LEVELPHASE_FIXED040_R29B,0.2801265620844943,0.3293807641633783,2.8359216745442346,2.711682531403743,0.2797349388206183,0.32883949395866297,0.4538082377828624,0.4,0.4527816329060715,0.39920212695374535
2024-09,2,2024-11,2024-10-09T21:59:00+00:00,CORE_LEVELPHASE_FIXED040_R29B,0.11745554412457315,0.0656598818122189,2.834008097166013,2.7629355645463973,0.3971215578865525,0.3944778291016464,0.011475139720176344,0.0,0.4642561142824533,0.39920212695374535
2024-09,3,2024-12,2024-10-09T21:59:00+00:00,CORE_LEVELPHASE_FIXED040_R29B,0.026613008423378402,-0.2624671916010568,2.981029810298109,3.208130555655856,0.4237310256770096,0.13166558847468834,0.11152001799631572,0.0,0.5757139948994865,0.39920212695374535
2024-09,4,2025-01,2024-10-09T21:59:00+00:00,CORE_LEVELPHASE_FIXED040_R29B,1.0084601920082972,1.3157894736842035,2.8037383177569937,2.7179175952102534,1.4271401879216872,1.4388737452099585,0.46034755939983263,0.5,1.0350051956290225,0.8979562780576527
2024-09,5,2025-02,2024-10-09T21:59:00+00:00,CORE_LEVELPHASE_FIXED040_R29B,0.23283638006379734,0.1948051948051921,2.729693741677764,2.6828956389955936,1.6597059241096022,1.6334894407585554,0.3287271970566232,0.5,1.3631932660161208,1.39671042916156
2024-09,6,2025-03,2024-10-09T21:59:00+00:00,CORE_LEVELPHASE_FIXED040_R29B,-0.02015361826181656,0.0648088139987068,2.659574468085101,2.525682435454028,1.6395502747332404,1.6982772629146226,-0.11173923871303491,0.0,1.251391552472142,1.39671042916156
2024-09,7,2025-04,2024-10-09T21:59:00+00:00,CORE_LEVELPHASE_FIXED040_R29B,0.22847927706448368,-0.1295336787564882,1.8494055482166376,2.0812009839669345,1.8677689347925595,1.5686596167699427,0.2898328367214497,0.2,1.540805183628967,1.5965106954288655
2024-09,8,2025-05,2024-10-09T21:59:00+00:00,CORE_LEVELPHASE_FIXED040_R29B,0.3128803442631957,0.5188067444876765,2.377807133421391,2.4005929970335753,2.180160827088217,2.0861251957716918,0.19815226790176138,0.2,1.7387613888833537,1.7963109616961712
2024-09,9,2025-06,2024-10-09T21:59:00+00:00,CORE_LEVELPHASE_FIXED040_R29B,0.2051380154567095,0.2580645161290418,2.913907284768222,2.8824718473933326,2.385088721827243,2.3438572972017457,0.2995112861008897,0.3,2.0378250335334425,2.095861859676019
2024-09,10,2025-07,2024-10-09T21:59:00+00:00,CORE_LEVELPHASE_FIXED040_R29B,0.3715500463418115,0.4504504504504458,2.697368421052633,2.585358484225053,2.7559502259765676,2.7932962559856724,0.8213693634700786,0.9,2.8558395169657196,2.9918359968232093
2024-09,11,2025-08,2024-10-09T21:59:00+00:00,CORE_LEVELPHASE_FIXED040_R29B,0.05595591151840639,0.0640614990390808,2.493438320209967,2.37335748432215,2.811890488012406,2.857337244405597,0.1417230565428213,0.3,2.997462241169613,3.291386894803057
2024-09,12,2025-09,2024-10-09T21:59:00+00:00,CORE_LEVELPHASE_FIXED040_R29B,-0.3478911069367792,-0.5761843790012655,2.305665349143618,2.493985039604448,2.463392832803945,2.2794865193111913,-0.5359274410630427,-0.7,2.4600935573461933,2.588925401106611
2024-09,1,2024-10,2024-10-09T21:59:00+00:00,CORE_LEVELPHASE_FIXED060_R29B,0.29075973818842227,0.3293807641633783,2.8359216745442346,2.7225735368873765,0.2903378496518251,0.32883949395866297,0.47408418755877446,0.4,0.4729639476658507,0.39920212695374535
2024-09,2,2024-11,2024-10-09T21:59:00+00:00,CORE_LEVELPHASE_FIXED060_R29B,0.1280418986513921,0.0656598818122189,2.834008097166013,2.7846992426747748,0.41829784457077374,0.3944778291016464,0.0316618074286599,0.0,0.5046207438020116,0.39920212695374535
2024-09,3,2024-12,2024-10-09T21:59:00+00:00,CORE_LEVELPHASE_FIXED060_R29B,0.03717639899736391,-0.2624671916010568,2.981029810298109,3.240890205144901,0.45546733485714586,0.13166558847468834,0.13166289672305417,0.0,0.6361970409378808,0.39920212695374535
2024-09,4,2025-01,2024-10-09T21:59:00+00:00,CORE_LEVELPHASE_FIXED060_R29B,1.0190267188144961,1.3157894736842035,2.8037383177569937,2.7612704089118973,1.469336981442252,1.4388737452099585,0.4804964184739504,0.5,1.1155427599453096,0.8979562780576527
2024-09,5,2025-02,2024-10-09T21:59:00+00:00,CORE_LEVELPHASE_FIXED060_R29B,0.24335543629918258,0.1948051948051921,2.729693741677764,2.737014400265937,1.712396787923236,1.6334894407585554,0.3487855365249104,0.5,1.4637214503693574,1.39671042916156
2024-09,6,2025-03,2024-10-09T21:59:00+00:00,CORE_LEVELPHASE_FIXED060_R29B,-0.009692922086292353,0.0648088139987068,2.659574468085101,2.5904510536053875,1.7027033960428928,1.6982772629146226,-0.09179218355256842,0.0,1.3718871119934528,1.39671042916156
2024-09,7,2025-04,2024-10-09T21:59:00+00:00,CORE_LEVELPHASE_FIXED060_R29B,0.238969799549029,-0.1295336787564882,1.8494055482166376,2.1563799988522736,1.941388116844185,1.5686596167699427,0.3098367663978465,0.2,1.681244873449477,1.5965106954288655
2024-09,8,2025-05,2024-10-09T21:59:00+00:00,CORE_LEVELPHASE_FIXED060_R29B,0.32334906003623143,0.5188067444876765,2.377807133421391,2.486701693345603,2.264215528002631,2.0861251957716918,0.21811461529051204,0.2,1.8991219641341877,1.7963109616961712
2024-09,9,2025-06,2024-10-09T21:59:00+00:00,CORE_LEVELPHASE_FIXED060_R29B,0.21560979784206058,0.2580645161290418,2.913907284768222,2.9797463698105897,2.4795932214866796,2.3438572972017457,0.31947948108180657,0.3,2.2180921938692646,2.095861859676019
2024-09,10,2025-07,2024-10-09T21:59:00+00:00,CORE_LEVELPHASE_FIXED060_R29B,0.38206875084771624,0.4504504504504458,2.697368421052633,2.6931129595998153,2.8609339434738223,2.7932962559856724,0.8414270322404285,0.9,3.055998962041194,2.9918359968232093
2024-09,11,2025-08,2024-10-09T21:59:00+00:00,CORE_LEVELPHASE_FIXED060_R29B,0.0663961968975324,0.0640614990390808,2.493438320209967,2.491582590054206,2.9273081078485084,2.857337244405597,0.16163119122660133,0.3,3.217499670639405,3.291386894803057
2024-09,12,2025-09,2024-10-09T21:59:00+00:00,CORE_LEVELPHASE_FIXED060_R29B,-0.3375214700782337,-0.5761843790012655,2.305665349143618,2.623027125856734,2.589215749113301,2.2794865193111913,-0.5161540230284587,-0.7,2.700008971210303,2.588925401106611
2024-09,1,2024-10,2024-10-09T21:59:00+00:00,CORE_LEVELPHASE_FIXED080_R29B,0.30139506052999343,0.3293807641633783,2.8359216745442346,2.7334667406498423,0.3009417761734865,0.32883949395866297,0.4943642299036647,0.4,0.49314626242562987,0.39920212695374535
2024-09,2,2024-11,2024-10-09T21:59:00+00:00,CORE_LEVELPHASE_FIXED080_R29B,0.13863038996522253,0.0656598818122189,2.834008097166013,2.8064696187231304,0.4394761629297722,0.3944778291016464,0.05185254968511512,0.0,0.5449853733215699,0.39920212695374535
2024-09,3,2024-12,2024-10-09T21:59:00+00:00,CORE_LEVELPHASE_FIXED080_R29B,0.04774191497205496,-0.2624671916010568,2.981029810298109,3.2736633935791204,0.4872066850755592,0.13166558847468834,0.15180982828570336,0.0,0.696680086976275,0.39920212695374535
2024-09,4,2025-01,2024-10-09T21:59:00+00:00,CORE_LEVELPHASE_FIXED080_R29B,1.0295953648992433,1.3157894736842035,2.8037383177569937,2.804645678024418,1.5115378195791598,1.4388737452099585,0.5006493187098982,0.5,1.1960803242615965,0.8979562780576527
2024-09,5,2025-02,2024-10-09T21:59:00+00:00,CORE_LEVELPHASE_FIXED080_R29B,0.25387659556932907,0.1948051948051921,2.729693741677764,2.791166866586724,1.765092692922844,1.6334894407585554,0.36884788618044356,0.5,1.5642496347225938,1.39671042916156
2024-09,6,2025-03,2024-10-09T21:59:00+00:00,CORE_LEVELPHASE_FIXED080_R29B,0.0007698630242282071,0.0648088139987068,2.659574468085101,2.655266783972363,1.7658625529836423,1.6982772629146226,-0.07184114509109597,0.0,1.4923826715147634,1.39671042916156
2024-09,7,2025-04,2024-10-09T21:59:00+00:00,CORE_LEVELPHASE_FIXED080_R29B,0.2494624144857014,-0.1295336787564882,1.8494055482166376,2.231621564727191,2.0150143265025204,1.5686596167699427,0.3298446860819158,0.2,1.8216845632699865,1.5965106954288655
2024-09,8,2025-05,2024-10-09T21:59:00+00:00,CORE_LEVELPHASE_FIXED080_R29B,0.33381986147787734,0.5188067444876765,2.377807133421391,2.5728910222211505,2.348278246366265,2.0861251957716918,0.23808093975173622,0.2,2.059482539385021,1.7963109616961712
2024-09,9,2025-06,2024-10-09T21:59:00+00:00,CORE_LEVELPHASE_FIXED080_R29B,0.22608366500917967,0.2580645161290418,2.913907284768222,3.077122147254838,2.574106726805567,2.3438572972017457,0.33945165144411554,0.3,2.3983593542050867,2.095861859676019
2024-09,10,2025-07,2024-10-09T21:59:00+00:00,CORE_LEVELPHASE_FIXED080_R29B,0.39258954797240037,0.4504504504504458,2.697368421052633,2.800990890977045,2.965927653041052,2.7932962559856724,0.8614886913362328,0.9,3.2561584071166694,2.9918359968232093
2024-09,11,2025-08,2024-10-09T21:59:00+00:00,CORE_LEVELPHASE_FIXED080_R29B,0.07683855780123619,0.0640614990390808,2.493438320209967,2.609955491122192,3.042736705136002,2.857337244405597,0.18154328363963235,0.3,3.437537100109198,3.291386894803057
2024-09,12,2025-09,2024-10-09T21:59:00+00:00,CORE_LEVELPHASE_FIXED080_R29B,-0.327149771740008,-0.5761843790012655,2.305665349143618,2.7522439711751865,2.71505062853071,2.2794865193111913,-0.4963766740462396,-0.7,2.9399243850744137,2.588925401106611
2024-09,1,2024-10,2024-10-09T21:59:00+00:00,CORE_LEVELPHASE_PANEL_R29B,0.281906488011302,0.3293807641633783,2.8359216745442346,2.713505616325863,0.28150987687822143,0.32883949395866297,0.4572023025800649,0.4,0.45616030766202126,0.39920212695374535
2024-09,2,2024-11,2024-10-09T21:59:00+00:00,CORE_LEVELPHASE_PANEL_R29B,0.11922763241771281,0.0656598818122189,2.834008097166013,2.766578505007093,0.4006664895987385,0.3944778291016464,0.014854259268183144,0.0,0.47101346379435277,0.39920212695374535
2024-09,3,2024-12,2024-10-09T21:59:00+00:00,CORE_LEVELPHASE_PANEL_R29B,0.02730036632112597,-0.2624671916010568,2.981029810298109,3.2124985238881134,0.42796313004796044,0.13166558847468834,0.11283071144073802,0.0,0.5837805692281138,0.39920212695374535
2024-09,4,2025-01,2024-10-09T21:59:00+00:00,CORE_LEVELPHASE_PANEL_R29B,1.008059678615928,1.3157894736842035,2.8037383177569937,2.72185750779975,1.4309757768070468,1.4388737452099585,0.45958383750254783,0.5,1.0423115448351559,0.8979562780576527
2024-09,5,2025-02,2024-10-09T21:59:00+00:00,CORE_LEVELPHASE_PANEL_R29B,0.2313475760695491,0.1948051948051921,2.729693741677764,2.6853089539188058,1.662056156394202,1.6334894407585554,0.325888260249924,0.5,1.3676699401605383,1.39671042916156
2024-09,6,2025-03,2024-10-09T21:59:00+00:00,CORE_LEVELPHASE_PANEL_R29B,-0.019313623997609157,0.0648088139987068,2.659574468085101,2.5289534591548355,1.6427406670760554,1.6982772629146226,-0.11013748949467747,0.0,1.2574717547628447,1.39671042916156
2024-09,7,2025-04,2024-10-09T21:59:00+00:00,CORE_LEVELPHASE_PANEL_R29B,0.23165434970199078,-0.1295336787564882,1.8494055482166376,2.0876916937110623,1.874127111752025,1.5686596167699427,0.2958872472478761,0.2,1.5529221172739558,1.5965106954288655
2024-09,8,2025-05,2024-10-09T21:59:00+00:00,CORE_LEVELPHASE_PANEL_R29B,0.31838218754363,0.5188067444876765,2.377807133421391,2.4127207197382963,2.1920035364305073,2.0861251957716918,0.20864349807971516,0.2,1.7613482570906298,1.7963109616961712
2024-09,9,2025-06,2024-10-09T21:59:00+00:00,CORE_LEVELPHASE_PANEL_R29B,0.21350675941278963,0.2580645161290418,2.913907284768222,2.9032500030952733,2.4052826940675978,2.3438572972017457,0.31546928684144604,0.3,2.0763209836334457,2.095861859676019
2024-09,10,2025-07,2024-10-09T21:59:00+00:00,CORE_LEVELPHASE_PANEL_R29B,0.3828387119037211,0.4504504504504458,2.697368421052633,2.6176166149147506,2.787390443585338,2.7932962559856724,0.8428952381225069,0.9,2.91568369628889,2.9918359968232093
2024-09,11,2025-08,2024-10-09T21:59:00+00:00,CORE_LEVELPHASE_PANEL_R29B,0.07002562364046629,0.0640614990390808,2.493438320209967,2.4199490591796318,2.8573915607258584,2.857337244405597,0.16855199020856262,0.3,3.084093797046391,3.291386894803057
2024-09,12,2025-09,2024-10-09T21:59:00+00:00,CORE_LEVELPHASE_PANEL_R29B,-0.3339166033564708,-0.5761843790012655,2.305665349143618,2.5550110832480653,2.522916211702971,2.2794865193111913,-0.5092800565028482,-0.7,2.5735124897765784,2.588925401106611
2024-10,1,2024-11,2024-11-10T22:59:00+00:00,CORE_LEVELPHASE_FIXED040_R29B,0.08244171514328516,0.0656598818122189,2.834008097166013,2.7410107959239514,0.08240775062731076,0.06563833514298344,-0.020104849024025356,0.0,-0.020106870319720256,0.0
2024-10,2,2024-12,2024-11-10T22:59:00+00:00,CORE_LEVELPHASE_FIXED040_R29B,-0.022756315427398054,-0.2624671916010568,2.981029810298109,3.135182071854391,0.059648845557574645,-0.19717390548397462,0.08278341441486828,0.0,0.0626422975256535,0.0
2024-10,3,2025-01,2024-11-10T22:59:00+00:00,CORE_LEVELPHASE_FIXED040_R29B,0.9637180143969225,1.3157894736842035,2.8037383177569937,2.5998483680754125,1.0187527190831869,1.1100342512512955,0.43244145273151813,0.5,0.4941514091269209,0.49875415110390736
2024-10,4,2025-02,2024-11-10T22:59:00+00:00,CORE_LEVELPHASE_FIXED040_R29B,0.19590422360570053,0.1948051948051921,2.729693741677764,2.5270752430448873,1.2144653006138826,1.3046499467998924,0.30129529614322215,0.5,0.7949937206455776,0.9975083022078147
2024-10,5,2025-03,2024-11-10T22:59:00+00:00,CORE_LEVELPHASE_FIXED040_R29B,-0.05573980504244555,0.0648088139987068,2.659574468085101,2.333663650588698,1.158709955167044,1.3694377689559594,-0.13888488229906545,0.0,0.6560123039023376,0.9975083022078147
2024-10,6,2025-04,2024-11-10T22:59:00+00:00,CORE_LEVELPHASE_FIXED040_R29B,0.20063887773212205,-0.1295336787564882,1.8494055482166376,1.8617127386913062,1.3591478219287412,1.2398201228112797,0.26328034790962546,0.2,0.9189466762280876,1.1973085684751203
2024-10,7,2025-05,2024-11-10T22:59:00+00:00,CORE_LEVELPHASE_FIXED040_R29B,0.29167352765294086,0.5188067444876765,2.377807133421391,2.158816389563952,1.650396807665264,1.7572857018130286,0.17207423868142668,0.2,1.090873036807201,1.397108834742426
2024-10,8,2025-06,2024-11-10T22:59:00+00:00,CORE_LEVELPHASE_FIXED040_R29B,0.18543204863080526,0.2580645161290418,2.913907284768222,2.619372771879006,1.835657143313936,2.0150178032430826,0.27368305368284485,0.3,1.3641822603385296,1.6966597327222739
2024-10,9,2025-07,2024-11-10T22:59:00+00:00,CORE_LEVELPHASE_FIXED040_R29B,0.35337588548857407,0.4504504504504458,2.697368421052633,2.3044916990346187,2.1884101232542905,2.4644567620270097,0.7957105238318302,0.9,2.156743702003593,2.592633869869464
2024-10,10,2025-08,2024-11-10T22:59:00+00:00,CORE_LEVELPHASE_FIXED040_R29B,0.03829555777083363,0.0640614990390808,2.493438320209967,2.075051218916115,2.22669835014794,2.5284977504469337,0.11641023849965178,0.3,2.273086236323078,2.892184767849312
2024-10,11,2025-09,2024-11-10T22:59:00+00:00,CORE_LEVELPHASE_FIXED040_R29B,-0.36768797765046335,-0.5761843790012655,2.305665349143618,2.1017087587372187,1.8583327386909492,1.950647025352528,-0.590846254553358,-0.7,1.6804875792077554,2.189723274152866
2024-10,12,2025-10,2024-11-10T22:59:00+00:00,CORE_LEVELPHASE_FIXED040_R29B,0.29720621175885953,0.5151320025756467,2.4950755088640726,2.1784881298241654,2.1550981659316166,2.464456762027014,0.42792935533564674,0.4,2.1075039206538366,2.5889254011066116
2024-10,1,2024-11,2024-11-10T22:59:00+00:00,CORE_LEVELPHASE_FIXED060_R29B,0.08453411719089363,0.0656598818122189,2.834008097166013,2.7431587801025814,0.08449840722936418,0.06563833514298344,-0.016120791183642923,0.0,-0.01612209072285073,0.0
2024-10,2,2024-12,2024-11-10T22:59:00+00:00,CORE_LEVELPHASE_FIXED060_R29B,-0.02066176011074714,-0.2624671916010568,2.981029810298109,3.13949905719915,0.06383451228289452,-0.19717390548397462,0.08677157220746631,0.0,0.07061185671939259,0.0
2024-10,3,2025-01,2024-11-10T22:59:00+00:00,CORE_LEVELPHASE_FIXED060_R29B,0.9660542936304487,1.3157894736842035,2.8037383177569937,2.606517183988472,1.0252523380374694,1.1100342512512955,0.4368898672263765,0.5,0.506550130768062,0.49875415110390736
2024-10,4,2025-02,2024-11-10T22:59:00+00:00,CORE_LEVELPHASE_FIXED060_R29B,0.19847155323446106,0.1948051948051921,2.729693741677764,2.5363665610388018,1.2235271966969004,1.3046499467998924,0.30618364432085854,0.5,0.8122659875846532,0.9975083022078147
2024-10,5,2025-03,2024-11-10T22:59:00+00:00,CORE_LEVELPHASE_FIXED060_R29B,-0.052950667535804165,0.0648088139987068,2.659574468085101,2.345793518256383,1.1705625053444457,1.3694377689559594,-0.13357419874093188,0.0,0.67860249898988,0.9975083022078147
2024-10,6,2025-04,2024-11-10T22:59:00+00:00,CORE_LEVELPHASE_FIXED060_R29B,0.20352437733195994,-0.1295336787564882,1.8494055482166376,1.876720346425876,1.373880052401372,1.2398201228112797,0.2687745106195568,0.2,0.9470164568264673,1.1973085684751203
2024-10,7,2025-05,2024-11-10T22:59:00+00:00,CORE_LEVELPHASE_FIXED060_R29B,0.2946414546611972,0.5188067444876765,2.377807133421391,2.1768913972157047,1.6680882898782086,1.7572857018130286,0.17772534807526483,0.2,1.1245840602787884,1.397108834742426
2024-10,8,2025-06,2024-11-10T22:59:00+00:00,CORE_LEVELPHASE_FIXED060_R29B,0.188488124793646,0.2580645161290418,2.913907284768222,2.6406601414086808,1.856398998709611,2.0150178032430826,0.2795020043053066,0.3,1.4036961840456952,1.6966597327222739
2024-10,9,2025-07,2024-11-10T22:59:00+00:00,CORE_LEVELPHASE_FIXED060_R29B,0.35650052209067673,0.4504504504504458,2.697368421052633,2.3288997975934715,2.212265563948588,2.4644567620270097,0.801660017604875,0.9,2.202159978265054,2.592633869869464
2024-10,10,2025-08,2024-11-10T22:59:00+00:00,CORE_LEVELPHASE_FIXED060_R29B,0.04145143191527508,0.0640614990390808,2.493438320209967,2.102625472159132,2.2537084071311773,2.5284977504469337,0.12241921040961184,0.3,2.3245043174575515,2.892184767849312
2024-10,11,2025-09,2024-11-10T22:59:00+00:00,CORE_LEVELPHASE_FIXED060_R29B,-0.3645024714146295,-0.5761843790012655,2.305665349143618,2.132555554344694,1.8885400067473492,1.950647025352528,-0.5847808613804892,-0.7,1.7380069175339585,2.189723274152866
2024-10,12,2025-10,2024-11-10T22:59:00+00:00,CORE_LEVELPHASE_FIXED060_R29B,0.3004243640432306,0.5151320025756467,2.4950755088640726,2.2126376277834052,2.188513998591107,2.464456762027014,0.43405690852493334,0.4,2.1711245161717696,2.5889254011066116
2024-10,1,2024-11,2024-11-10T22:59:00+00:00,CORE_LEVELPHASE_FIXED080_R29B,0.08662660261777319,0.0656598818122189,2.834008097166013,2.745306849875352,0.08658910343098611,0.06563833514298344,-0.012136574584173457,0.0,-0.01213731112598121,0.0
2024-10,2,2024-12,2024-11-10T22:59:00+00:00,CORE_LEVELPHASE_FIXED080_R29B,-0.018567121329020407,-0.2624671916010568,2.981029810298109,3.143816304922299,0.06802025819860402,-0.19717390548397462,0.09075988892252865,0.0,0.07858141591313161,0.0
2024-10,3,2025-01,2024-11-10T22:59:00+00:00,CORE_LEVELPHASE_FIXED080_R29B,0.968390676343869,1.3157894736842035,2.8037383177569937,2.6131865648469517,1.031752085127047,1.1100342512512955,0.4413384787531024,0.5,0.518948852409203,0.49875415110390736
2024-10,4,2025-02,2024-11-10T22:59:00+00:00,CORE_LEVELPHASE_FIXED080_R29B,0.20103900798624294,0.1948051948051921,2.729693741677764,2.5456589131662177,1.2325892801362348,1.3046499467998924,0.31107223074016305,0.5,0.8295382545237286,0.9975083022078147
2024-10,5,2025-03,2024-11-10T22:59:00+00:00,CORE_LEVELPHASE_FIXED080_R29B,-0.05016138170089026,0.0648088139987068,2.659574468085101,2.35792508767233,1.182415313405548,1.3694377689559594,-0.12826323275695295,0.0,0.7011926940774225,0.9975083022078147
2024-10,6,2025-04,2024-11-10T22:59:00+00:00,CORE_LEVELPHASE_FIXED080_R29B,0.20641003504954794,-0.1295336787564882,1.8494055482166376,1.89173050432601,1.3886126156265566,1.2398201228112797,0.27426897439508063,0.2,0.9750862374248471,1.1973085684751203
2024-10,7,2025-05,2024-11-10T22:59:00+00:00,CORE_LEVELPHASE_FIXED080_R29B,0.29760954910214693,0.5188067444876765,2.377807133421391,2.1949700240523096,1.6857801842104665,1.7572857018130286,0.18337677627090104,0.2,1.1582950837503758,1.397108834742426
2024-10,8,2025-06,2024-11-10T22:59:00+00:00,CORE_LEVELPHASE_FIXED080_R29B,0.1915443783026831,0.2580645161290418,2.913907284768222,2.6619524360786997,1.8771413501868215,2.0150178032430826,0.28532129260546507,0.3,1.4432101077528605,1.6966597327222739
2024-10,9,2025-07,2024-11-10T22:59:00+00:00,CORE_LEVELPHASE_FIXED080_R29B,0.35962534312529065,0.4504504504504458,2.697368421052633,2.3533143161361574,2.2361215875549276,2.4644567620270097,0.8076098625483814,0.9,2.247576254526514,2.592633869869464
2024-10,10,2025-08,2024-11-10T22:59:00+00:00,CORE_LEVELPHASE_FIXED080_R29B,0.04460749547480887,0.0640614990390808,2.493438320209967,2.130207861289902,2.2807191368441933,2.5284977504469337,0.12842854297716377,0.3,2.3759223985920244,2.892184767849312
2024-10,11,2025-09,2024-11-10T22:59:00+00:00,CORE_LEVELPHASE_FIXED080_R29B,-0.36131677081693814,-0.5761843790012655,2.305665349143618,2.1634124514746356,1.9187480403818753,1.950647025352528,-0.5787150981310938,-0.7,1.795526255860161,2.189723274152866
2024-10,12,2025-10,2024-11-10T22:59:00+00:00,CORE_LEVELPHASE_FIXED080_R29B,0.3036427126813393,0.5151320025756467,2.4950755088640726,2.246799416666777,2.2219306896424884,2.464456762027014,0.44018483558340493,0.4,2.2347451116897017,2.5889254011066116
2024-10,1,2024-11,2024-11-10T22:59:00+00:00,CORE_LEVELPHASE_PANEL_R29B,0.08281178562929005,0.0656598818122189,2.834008097166013,2.7413906968850625,0.08277751558854454,0.06563833514298344,-0.01940021282710178,0.0,-0.01940209491181336,0.0
2024-10,2,2024-12,2024-11-10T22:59:00+00:00,CORE_LEVELPHASE_PANEL_R29B,-0.022385864105730166,-0.2624671916010568,2.981029810298109,3.135945584347473,0.06038914547425414,-0.19717390548397462,0.08348877574552549,0.0,0.06405184834146732,0.0
2024-10,3,2025-01,2024-11-10T22:59:00+00:00,CORE_LEVELPHASE_PANEL_R29B,0.963849825324328,1.3157894736842035,2.8037383177569937,2.600741865411327,1.0196235716815187,1.1100342512512955,0.43269242857020934,0.5,0.49581085481880577,0.49875415110390736
2024-10,4,2025-02,2024-11-10T22:59:00+00:00,CORE_LEVELPHASE_PANEL_R29B,0.19579624217695055,0.1948051948051921,2.729693741677764,2.5278576119303486,1.2152283828519663,1.3046499467998924,0.3010896930860473,0.5,0.7964481806816979,0.9975083022078147
2024-10,5,2025-03,2024-11-10T22:59:00+00:00,CORE_LEVELPHASE_PANEL_R29B,-0.05608588014407265,0.0648088139987068,2.659574468085101,2.3340901920312045,1.159126768694821,1.3694377689559594,-0.13954382985819946,0.0,0.6568068977508573,0.9975083022078147
2024-10,6,2025-04,2024-11-10T22:59:00+00:00,CORE_LEVELPHASE_PANEL_R29B,0.2009047759248406,-0.1295336787564882,1.8494055482166376,1.8624076202152333,1.359830000870248,1.2398201228112797,0.26378663386965623,0.2,0.920246225310484,1.1973085684751203
2024-10,7,2025-05,2024-11-10T22:59:00+00:00,CORE_LEVELPHASE_PANEL_R29B,0.2925520001698085,0.5188067444876765,2.377807133421391,2.160408131129296,1.651954900467456,1.7572857018130286,0.17374690255708441,0.2,1.0938423625449514,1.397108834742426
2024-10,8,2025-06,2024-11-10T22:59:00+00:00,CORE_LEVELPHASE_PANEL_R29B,0.1869248571737632,0.2580645161290418,2.913907284768222,2.6225007885883844,1.8387052705360833,2.0150178032430826,0.27652544985931543,0.3,1.369986184153111,1.6966597327222739
2024-10,9,2025-07,2024-11-10T22:59:00+00:00,CORE_LEVELPHASE_PANEL_R29B,0.35567149351124444,0.4504504504504458,2.697368421052633,2.3099504292308097,2.19374574877584,2.4644567620270097,0.8000814979243178,0.9,2.1668840001535083,2.592633869869464
2024-10,10,2025-08,2024-11-10T22:59:00+00:00,CORE_LEVELPHASE_PANEL_R29B,0.041365376570997626,0.0640614990390808,2.493438320209967,2.0836301934075347,2.235102572233547,2.5284977504469337,0.12225535592023813,0.3,2.289064685066831,2.892184767849312
2024-10,11,2025-09,2024-11-10T22:59:00+00:00,CORE_LEVELPHASE_PANEL_R29B,-0.36385573015866646,-0.5761843790012655,2.305665349143618,2.1142175338746596,1.8705832770110236,1.950647025352528,-0.5835494275963065,-0.7,1.7038059548038489,2.189723274152866
2024-10,12,2025-10,2024-11-10T22:59:00+00:00,CORE_LEVELPHASE_PANEL_R29B,0.3010777333026789,0.5151320025756467,2.4950755088640726,2.1949509345841736,2.171208678991415,2.464456762027014,0.4353009624216236,0.4,2.138162223102271,2.5889254011066116
2024-11,1,2024-12,2024-12-09T22:59:00+00:00,CORE_LEVELPHASE_FIXED040_R29B,0.02456933372251688,-0.2624671916010568,2.981029810298109,3.3448787586792372,0.024566315956005665,-0.26281224062695807,0.07439740485577835,0.0,0.0743697437051339,0.0
2024-11,2,2025-01,2024-12-09T22:59:00+00:00,CORE_LEVELPHASE_FIXED040_R29B,0.9651954425544971,1.3157894736842035,2.8037383177569937,2.8099610255083327,0.9851335045981189,1.044395916108312,0.4259482516004469,0.5,0.4994134035591366,0.49875415110390736
2024-11,3,2025-02,2024-12-09T22:59:00+00:00,CORE_LEVELPHASE_FIXED040_R29B,0.19736949019842215,0.1948051948051921,2.729693741677764,2.7385412976987196,1.1823084771218781,1.239011611656909,0.29526143209185474,0.5,0.7942397952119686,0.9975083022078147
2024-11,4,2025-03,2024-12-09T22:59:00+00:00,CORE_LEVELPHASE_FIXED040_R29B,-0.05511396717148599,0.0648088139987068,2.659574468085101,2.5453729080363705,1.1271793166208177,1.3037994338129761,-0.14453618224435247,0.0,0.6495990586697231,0.9975083022078147
2024-11,5,2025-04,2024-12-09T22:59:00+00:00,CORE_LEVELPHASE_FIXED040_R29B,0.20181375964187667,-0.1295336787564882,1.8494055482166376,2.073642447148658,1.3287897058684488,1.1741817876682963,0.2570389106976764,0.2,0.9063081893471041,1.1973085684751203
2024-11,6,2025-05,2024-12-09T22:59:00+00:00,CORE_LEVELPHASE_FIXED040_R29B,0.28756583169288524,0.5188067444876765,2.377807133421391,2.3671713659910236,1.6159428579845532,1.6916473666700453,0.16607126726020582,0.2,1.0722417107613573,1.397108834742426
2024-11,7,2025-06,2024-12-09T22:59:00+00:00,CORE_LEVELPHASE_FIXED040_R29B,0.18385136234392382,0.2580645161290418,2.913907284768222,2.8270446721738307,1.799625420573398,1.9493794681000993,0.2678593094757012,0.3,1.3397429165222485,1.6966597327222739
2024-11,8,2025-07,2024-12-09T22:59:00+00:00,CORE_LEVELPHASE_FIXED040_R29B,0.3515222835098646,0.4504504504504458,2.697368421052633,2.5096329065680614,2.1505313085935525,2.398818426884026,0.7898162876313286,0.9,2.1264564818090697,2.592633869869464
2024-11,9,2025-08,2024-12-09T22:59:00+00:00,CORE_LEVELPHASE_FIXED040_R29B,0.035807878987496766,0.0640614990390808,2.493438320209967,2.277188934673252,2.186332778090084,2.4628594153039503,0.11067427891296533,0.3,2.237069561892051,2.892184767849312
2024-11,10,2025-09,2024-12-09T22:59:00+00:00,CORE_LEVELPHASE_FIXED040_R29B,-0.3708244158537018,-0.5761843790012655,2.305665349143618,2.3006787239078426,1.8148191040132946,1.8850086902095446,-0.5964481938065017,-0.7,1.6388355111643507,2.189723274152866
2024-11,11,2025-10,2024-12-09T22:59:00+00:00,CORE_LEVELPHASE_FIXED040_R29B,0.3220506658851259,0.5151320025756467,2.4950755088640726,2.2932046019381187,2.1363522974594007,2.3988184268840307,0.43041732894557194,0.4,2.068329194131084,2.5889254011066116
2024-11,12,2025-11,2024-12-09T22:59:00+00:00,CORE_LEVELPHASE_FIXED040_R29B,0.0705531361007516,-0.3203074951953821,2.099737532808387,2.2314122951770177,2.2068805565354106,2.077996849174521,-0.019454496081319928,-0.1,2.048872805417203,2.4888753677482582
2024-11,1,2024-12,2024-12-09T22:59:00+00:00,CORE_LEVELPHASE_FIXED060_R29B,0.025372632792838114,-0.2624671916010568,2.981029810298109,3.345708723212774,0.02536941448473207,-0.26281224062695807,0.07592542570099728,0.0,0.07589661693085654,0.0
2024-11,2,2025-01,2024-12-09T22:59:00+00:00,CORE_LEVELPHASE_FIXED060_R29B,0.9660015635300776,1.3157894736842035,2.8037383177569937,2.8116075505558515,0.9867350146526883,1.044395916108312,0.4274816402223991,0.5,0.5024671500105821,0.49875415110390736
2024-11,3,2025-02,2024-12-09T22:59:00+00:00,CORE_LEVELPHASE_FIXED060_R29B,0.198411532205837,0.1948051948051921,2.729693741677764,2.7412551659792324,1.1849499711542615,1.239011611656909,0.2972435853990743,0.5,0.7992698401368901,0.9975083022078147
2024-11,4,2025-03,2024-12-09T22:59:00+00:00,CORE_LEVELPHASE_FIXED060_R29B,-0.05384056255113956,0.0648088139987068,2.659574468085101,2.5493882458318406,1.131094909367696,1.3037994338129761,-0.14211393519318966,0.0,0.6570548273158738,0.9975083022078147
2024-11,5,2025-04,2024-12-09T22:59:00+00:00,CORE_LEVELPHASE_FIXED060_R29B,0.20332916721713537,-0.1295336787564882,1.8494055482166376,2.0791830902637414,1.3342176426132462,1.1741817876682963,0.2599214913572955,0.2,0.9166391069622375,1.1973085684751203
2024-11,6,2025-05,2024-12-09T22:59:00+00:00,CORE_LEVELPHASE_FIXED060_R29B,0.289165959113539,0.5188067444876765,2.377807133421391,2.3743613391019673,1.6229663211958567,1.6916473666700453,0.1691150004650601,0.2,1.0856112690284838,1.397108834742426
2024-11,7,2025-06,2024-12-09T22:59:00+00:00,CORE_LEVELPHASE_FIXED060_R29B,0.18553929827411023,0.2580645161290418,2.913907284768222,2.835999536599423,1.8083337079234194,1.9493794681000993,0.2710700704263984,0.3,1.3563146071243783,1.6966597327222739
2024-11,8,2025-07,2024-12-09T22:59:00+00:00,CORE_LEVELPHASE_FIXED060_R29B,0.353305637450154,0.4504504504504458,2.697368421052633,2.5203819931832654,2.1610166871663514,2.398818426884026,0.7932085509811115,0.9,2.146393796429213,2.592633869869464
2024-11,9,2025-08,2024-12-09T22:59:00+00:00,CORE_LEVELPHASE_FIXED060_R29B,0.03763215320556551,0.0640614990390808,2.493438320209967,2.289778991476919,2.198641761253103,2.4628594153039503,0.11414438006905128,0.3,2.260473081331032,2.892184767849312
2024-11,10,2025-09,2024-12-09T22:59:00+00:00,CORE_LEVELPHASE_FIXED060_R29B,-0.36896046421488365,-0.5761843790012655,2.305665349143618,2.3151858403504306,1.8289989590287312,1.8850086902095446,-0.5929026189840945,-0.7,1.6658058162229934,2.189723274152866
2024-11,11,2025-10,2024-12-09T22:59:00+00:00,CORE_LEVELPHASE_FIXED060_R29B,0.323986978703718,0.5151320025756467,2.4950755088640726,2.3096852964670265,2.1524622307772874,2.3988184268840307,0.4341005478848024,0.4,2.098966865610213,2.5889254011066116
2024-11,12,2025-11,2024-12-09T22:59:00+00:00,CORE_LEVELPHASE_FIXED060_R29B,0.0724807753261766,-0.3203074951953821,2.099737532808387,2.2498526149042024,2.2249167514751105,2.077996849174521,-0.015787775892868613,-0.1,2.0831778433168187,2.4888753677482582
2024-11,1,2024-12,2024-12-09T22:59:00+00:00,CORE_LEVELPHASE_FIXED080_R29B,0.026175944128611406,-0.2624671916010568,2.981029810298109,3.346538700418914,0.026172518826080095,-0.26281224062695807,0.07745346987733548,0.0,0.07742349015657919,0.0
2024-11,2,2025-01,2024-12-09T22:59:00+00:00,CORE_LEVELPHASE_FIXED080_R29B,0.9668076968141975,1.3157894736842035,2.8037383177569937,2.8132541139287346,0.9883365363359996,1.044395916108312,0.42901505225743036,0.5,0.5055208964620274,0.49875415110390736
2024-11,3,2025-02,2024-12-09T22:59:00+00:00,CORE_LEVELPHASE_FIXED080_R29B,0.19945359480731553,0.1948051948051921,2.729693741677764,2.743969127899902,1.1875914865529027,1.239011611656909,0.29922577787994636,0.5,0.8042998850618114,0.9975083022078147
2024-11,4,2025-03,2024-12-09T22:59:00+00:00,CORE_LEVELPHASE_FIXED080_R29B,-0.05256712704114057,0.0648088139987068,2.659574468085101,2.5534037778139775,1.1350105381536624,1.3037994338129761,-0.13969162938429294,0.0,0.6645105959620246,0.9975083022078147
2024-11,5,2025-04,2024-12-09T22:59:00+00:00,CORE_LEVELPHASE_FIXED080_R29B,0.20484461836324572,-0.1295336787564882,1.8494055482166376,2.0847240919599455,1.3396456360074152,1.1741817876682963,0.2628041548965941,0.2,0.9269700245773711,1.1973085684751203
2024-11,6,2025-05,2024-12-09T22:59:00+00:00,CORE_LEVELPHASE_FIXED080_R29B,0.29076613515705374,0.5188067444876765,2.377807133421391,2.3815518987878788,1.629989864081783,1.6916473666700453,0.17215882615943406,0.2,1.0989808272956103,1.397108834742426
2024-11,7,2025-06,2024-12-09T22:59:00+00:00,CORE_LEVELPHASE_FIXED080_R29B,0.1872272882551042,0.2580645161290418,2.913907284768222,2.844955289106863,1.817042100512017,1.9493794681000993,0.27428093419155636,0.3,1.372886297726508,1.6966597327222739
2024-11,8,2025-07,2024-12-09T22:59:00+00:00,CORE_LEVELPHASE_FIXED080_R29B,0.35508905141244196,0.4504504504504458,2.697368421052633,2.5311323437864695,2.171502199207376,2.398818426884026,0.7966009285036459,0.9,2.166331111049356,2.592633869869464
2024-11,9,2025-08,2024-12-09T22:59:00+00:00,CORE_LEVELPHASE_FIXED080_R29B,0.03945649065781101,0.0640614990390808,2.493438320209967,2.30237076526927,2.2109509078388543,2.4628594153039503,0.11761460150803535,0.3,2.2838766007700126,2.892184767849312
2024-11,10,2025-09,2024-12-09T22:59:00+00:00,CORE_LEVELPHASE_FIXED080_R29B,-0.3670964460917208,-0.5761843790012655,2.305665349143618,2.329695213724455,1.8431790091952454,1.8850086902095446,-0.589356917696379,-0.7,1.6927761212816361,2.189723274152866
2024-11,11,2025-10,2024-12-09T22:59:00+00:00,CORE_LEVELPHASE_FIXED080_R29B,0.3259233625352984,0.5151320025756467,2.4950755088640726,2.3261688802403033,2.1685723927772402,2.3988184268840307,0.43778390190364447,0.4,2.1296045370893424,2.5889254011066116
2024-11,12,2025-11,2024-12-09T22:59:00+00:00,CORE_LEVELPHASE_FIXED080_R29B,0.07440848524649156,-0.3203074951953821,2.099737532808387,2.2682965290315558,2.24295320863508,2.077996849174521,-0.012120921229886549,-0.1,2.1174828812164344,2.4888753677482582
2024-11,1,2024-12,2024-12-09T22:59:00+00:00,CORE_LEVELPHASE_PANEL_R29B,0.024725492360872098,-0.2624671916010568,2.981029810298109,3.3450401009939847,0.024722436114780543,-0.26281224062695807,0.07469444697045721,0.0,0.0746665645519644,0.0
2024-11,2,2025-01,2024-12-09T22:59:00+00:00,CORE_LEVELPHASE_PANEL_R29B,0.9653521497617467,1.3157894736842035,2.8037383177569937,2.8102811034091038,0.9854448337721894,1.044395916108312,0.42624633719287486,0.5,0.5000070452527977,0.49875415110390736
2024-11,3,2025-02,2024-12-09T22:59:00+00:00,CORE_LEVELPHASE_PANEL_R29B,0.19741144982617612,0.1948051948051921,2.729693741677764,2.738904177176287,1.1826616832625612,1.239011611656909,0.29534124693072916,0.5,0.7949130167441749,0.9975083022078147
2024-11,4,2025-03,2024-12-09T22:59:00+00:00,CORE_LEVELPHASE_PANEL_R29B,-0.05518623266539996,0.0648088139987068,2.659574468085101,2.5456609591833286,1.1274602173911028,1.3037994338129761,-0.14467364434927737,0.0,0.6501346190321893,0.9975083022078147
2024-11,5,2025-04,2024-12-09T22:59:00+00:00,CORE_LEVELPHASE_PANEL_R29B,0.20162670402529637,-0.1295336787564882,1.8494055482166376,2.0737386227387233,1.3288839275915603,1.1741817876682963,0.2566830969143545,0.2,0.9064888475315449,1.1973085684751203
2024-11,6,2025-05,2024-12-09T22:59:00+00:00,CORE_LEVELPHASE_PANEL_R29B,0.2877243555045244,0.5188067444876765,2.377807133421391,2.3674296293303714,1.6161951488411967,1.6916473666700453,0.16637280836438187,0.2,1.0727234096539746,1.397108834742426
2024-11,7,2025-06,2024-12-09T22:59:00+00:00,CORE_LEVELPHASE_PANEL_R29B,0.18435581022157244,0.2580645161290418,2.913907284768222,2.8278218539805087,1.8003812323076975,1.9493794681000993,0.2688188610310955,0.3,1.3411815990092442,1.6966597327222739
2024-11,8,2025-07,2024-12-09T22:59:00+00:00,CORE_LEVELPHASE_PANEL_R29B,0.35237692252233005,0.4504504504504458,2.697368421052633,2.511280714388633,2.152138761990871,2.398818426884026,0.7914419663784262,0.9,2.1295080907766453,2.592633869869464
2024-11,9,2025-08,2024-12-09T22:59:00+00:00,CORE_LEVELPHASE_PANEL_R29B,0.037146766993867535,0.0640614990390808,2.493438320209967,2.2802019148862183,2.189278631281378,2.4628594153039503,0.11322108726708183,0.3,2.2426651313090984,2.892184767849312
2024-11,10,2025-09,2024-12-09T22:59:00+00:00,CORE_LEVELPHASE_PANEL_R29B,-0.36900843382985643,-0.5761843790012655,2.305665349143618,2.305557127649204,1.8195876817860908,1.8850086902095446,-0.5929938659110779,-0.7,1.6479060749997618,2.189723274152866
2024-11,11,2025-10,2024-12-09T22:59:00+00:00,CORE_LEVELPHASE_PANEL_R29B,0.3243769894036107,0.5151320025756467,2.4950755088640726,2.3004547941090157,2.143439703975648,2.3988184268840307,0.43484241912717314,0.4,2.0818057863537502,2.5889254011066116
2024-11,12,2025-11,2024-12-09T22:59:00+00:00,CORE_LEVELPHASE_PANEL_R29B,0.07286903899733028,-0.3203074951953821,2.099737532808387,2.241024186422553,2.216282206379281,2.077996849174521,-0.015049227816712099,-0.1,2.066755426027125,2.4888753677482582
2024-12,1,2025-01,2025-01-12T22:59:00+00:00,CORE_LEVELPHASE_FIXED040_R29B,0.9698941806462906,1.3157894736842035,2.8037383177569937,2.7267292887665375,0.9652208999920414,1.30720815673527,0.42867009927483946,0.5,0.42775392631131104,0.49875415110390736
2024-12,2,2025-02,2025-01-12T22:59:00+00:00,CORE_LEVELPHASE_FIXED040_R29B,0.20155004020340167,0.1948051948051921,2.729693741677764,2.6596504855630245,1.1665681006050361,1.501823852283867,0.29895330137467785,0.5,0.7262612509243935,0.9975083022078147
2024-12,3,2025-03,2025-01-12T22:59:00+00:00,CORE_LEVELPHASE_FIXED040_R29B,-0.05066442391585401,0.0648088139987068,2.659574468085101,2.4711922371714192,1.115890837933291,1.566611674439934,-0.14070996862672724,0.0,0.5854521928579243,0.9975083022078147
2024-12,4,2025-04,2025-01-12T22:59:00+00:00,CORE_LEVELPHASE_FIXED040_R29B,0.20600667410188483,-0.1295336787564882,1.8494055482166376,2.00407117387484,1.321685609258972,1.4369940282952545,0.2610922257771039,0.2,0.8462041650050582,1.1973085684751203
2024-12,5,2025-05,2025-01-12T22:59:00+00:00,CORE_LEVELPHASE_FIXED040_R29B,0.2923823501815519,0.5188067444876765,2.377807133421391,2.302313074453878,1.6136413535915477,1.954459607297003,0.16952158482336754,0.2,1.0155822241715724,1.397108834742426
2024-12,6,2025-06,2025-01-12T22:59:00+00:00,CORE_LEVELPHASE_FIXED040_R29B,0.18644772764732073,0.2580645161290418,2.913907284768222,2.7645581897635423,1.799915483209372,2.2121917087270573,0.2713232231033544,0.3,1.2865380302596938,1.6966597327222739
2024-12,7,2025-07,2025-01-12T22:59:00+00:00,CORE_LEVELPHASE_FIXED040_R29B,0.3568087257563369,0.4504504504504458,2.697368421052633,2.452736158919764,2.156089156797881,2.661630667510984,0.7933395546534389,0.9,2.076747192197681,2.592633869869464
2024-12,8,2025-08,2025-01-12T22:59:00+00:00,CORE_LEVELPHASE_FIXED040_R29B,0.04091329721429407,0.0640614990390808,2.493438320209967,2.2256381142259274,2.1969940868048523,2.7256716559309084,0.11405067578550795,0.3,2.1907328796083805,2.892184767849312
2024-12,9,2025-09,2025-01-12T22:59:00+00:00,CORE_LEVELPHASE_FIXED040_R29B,-0.365850404202984,-0.5761843790012655,2.305665349143618,2.254220876728978,1.8304728132586263,2.147820930836503,-0.5930736241532254,-0.7,1.5958935892418622,2.189723274152866
2024-12,10,2025-10,2025-01-12T22:59:00+00:00,CORE_LEVELPHASE_FIXED040_R29B,0.32717778182093504,0.5151320025756467,2.4950755088640726,2.251975629710448,2.1571165331459157,2.6616306675109893,0.4338649147500811,0.4,2.0288200236827127,2.5889254011066116
2024-12,11,2025-11,2025-01-12T22:59:00+00:00,CORE_LEVELPHASE_FIXED040_R29B,0.039633177164469874,-0.3203074951953821,2.099737532808387,2.2253802724969294,2.196741858441286,2.3408090898014793,-0.01620456481278591,-0.1,2.012614145788468,2.4888753677482582
2024-12,12,2025-12,2025-01-12T22:59:00+00:00,CORE_LEVELPHASE_FIXED040_R29B,-0.010270704809772302,-0.2570694087403624,2.1052631578947296,2.2105490642621266,2.1864706261585103,2.083408690284192,0.08406663759763361,0.2,2.096645467179696,2.688675634015564
2024-12,1,2025-01,2025-01-12T22:59:00+00:00,CORE_LEVELPHASE_FIXED060_R29B,0.9719878153972358,1.3157894736842035,2.8037383177569937,2.7288593519109545,0.9672944022594526,1.30720815673527,0.43265190080485616,0.5,0.43171865330891257,0.49875415110390736
2024-12,2,2025-02,2025-01-12T22:59:00+00:00,CORE_LEVELPHASE_FIXED060_R29B,0.20364097075050142,0.1948051948051921,2.729693741677764,2.663921426569582,1.1707283058531712,1.501823852283867,0.30292995988583504,0.5,0.7341907049195966,0.9975083022078147
2024-12,3,2025-03,2025-01-12T22:59:00+00:00,CORE_LEVELPHASE_FIXED060_R29B,-0.048425931862361334,0.0648088139987068,2.659574468085101,2.477750405472297,1.1222906448496428,1.566611674439934,-0.13645266869439493,0.0,0.5976448547958888,0.9975083022078147
2024-12,4,2025-04,2025-01-12T22:59:00+00:00,CORE_LEVELPHASE_FIXED060_R29B,0.20841153138847665,-0.1295336787564882,1.8494055482166376,2.01304761232161,1.330485300682876,1.4369940282952545,0.2656659291983431,0.2,0.8629585158309443,1.1973085684751203
2024-12,5,2025-05,2025-01-12T22:59:00+00:00,CORE_LEVELPHASE_FIXED060_R29B,0.294942226059284,0.5188067444876765,2.377807133421391,2.3139271658203096,1.6249934255143479,1.954459607297003,0.17439011200176144,0.2,1.03719674483054,1.397108834742426
2024-12,6,2025-06,2025-01-12T22:59:00+00:00,CORE_LEVELPHASE_FIXED060_R29B,0.18906745494122673,0.2580645161290418,2.913907284768222,2.7789122046359056,1.813882372907356,2.2121917087270573,0.27630557933449373,0.3,1.3131213019948187,1.6966597327222739
2024-12,7,2025-07,2025-01-12T22:59:00+00:00,CORE_LEVELPHASE_FIXED060_R29B,0.3594996393885417,0.4504504504504458,2.697368421052633,2.469794115330487,2.1727373569028603,2.661630667510984,0.7984572973795848,0.9,2.108407796252039,2.592633869869464
2024-12,8,2025-08,2025-01-12T22:59:00+00:00,CORE_LEVELPHASE_FIXED060_R29B,0.04364323580353439,0.0640614990390808,2.493438320209967,2.245448280045611,2.216371071816287,2.7256716559309084,0.11924263854146695,0.3,2.227579397225047,2.892184767849312
2024-12,9,2025-09,2025-01-12T22:59:00+00:00,CORE_LEVELPHASE_FIXED060_R29B,-0.36310483084772965,-0.5761843790012655,2.305665349143618,2.2768549010940204,1.8526054152325417,2.147820930836503,-0.5878519262511489,-0.7,1.6379928200780554,2.189723274152866
2024-12,10,2025-10,2025-01-12T22:59:00+00:00,CORE_LEVELPHASE_FIXED060_R29B,0.32998699631503714,0.5151320025756467,2.4950755088640726,2.277472900700311,2.182049149260758,2.6616306675109893,0.4392076492292978,0.4,2.0762387673956506,2.5889254011066116
2024-12,11,2025-11,2025-01-12T22:59:00+00:00,CORE_LEVELPHASE_FIXED060_R29B,0.042464922366774974,-0.3203074951953821,2.099737532808387,2.253765248755416,2.2245050578310854,2.3408090898014793,-0.010818980066418038,-0.1,2.0654192020353688,2.4888753677482582
2024-12,12,2025-12,2025-01-12T22:59:00+00:00,CORE_LEVELPHASE_FIXED060_R29B,-0.00743611972231262,-0.2570694087403624,2.1052631578947296,2.241828269472891,2.2170686616156834,2.083408690284192,0.0894576234098027,0.2,2.154836835960559,2.688675634015564
2024-12,1,2025-01,2025-01-12T22:59:00+00:00,CORE_LEVELPHASE_FIXED080_R29B,0.9740815331567286,1.3157894736842035,2.8037383177569937,2.730989499508234,0.9693679437414153,1.30720815673527,0.4366338602055625,0.5,0.435683380306514,0.49875415110390736
2024-12,2,2025-02,2025-01-12T22:59:00+00:00,CORE_LEVELPHASE_FIXED080_R29B,0.20573198419893243,0.1948051948051921,2.729693741677764,2.668192625754992,1.1748885895046004,1.501823852283867,0.30690677606377126,0.5,0.7421201589147993,0.9975083022078147
2024-12,3,2025-03,2025-01-12T22:59:00+00:00,CORE_LEVELPHASE_FIXED080_R29B,-0.04618734437526337,0.0648088139987068,2.659574468085101,2.4843091202943657,1.1286905754899597,1.566611674439934,-0.13219518726064486,0.0,0.609837516733853,0.9975083022078147
2024-12,4,2025-04,2025-01-12T22:59:00+00:00,CORE_LEVELPHASE_FIXED080_R29B,0.21081649837967825,-0.1295336787564882,1.8494055482166376,2.0220250198575025,1.3392851677114914,1.4369940282952545,0.2702398412624618,0.2,0.8797128666568299,1.1973085684751203
2024-12,5,2025-05,2025-01-12T22:59:00+00:00,CORE_LEVELPHASE_FIXED080_R29B,0.2975022263543546,0.5188067444876765,2.377807133421391,2.325542815663375,1.6363457319453527,1.954459607297003,0.17925887580459463,0.2,1.058811265489507,1.397108834742426
2024-12,6,2025-06,2025-01-12T22:59:00+00:00,CORE_LEVELPHASE_FIXED080_R29B,0.1916873124060948,0.2580645161290418,2.913907284768222,2.793268528786623,1.8278495586645307,2.2121917087270573,0.28128818313266246,0.3,1.339704573729943,1.6966597327222739
2024-12,7,2025-07,2025-01-12T22:59:00+00:00,CORE_LEVELPHASE_FIXED080_R29B,0.36219068965084256,0.4504504504504458,2.697368421052633,2.4868552810844524,2.1893859173117236,2.661630667510984,0.8035752999571328,0.9,2.1400684003063963,2.592633869869464
2024-12,8,2025-08,2025-01-12T22:59:00+00:00,CORE_LEVELPHASE_FIXED080_R29B,0.04637331596870118,0.0640614990390808,2.493438320209967,2.2652627218843113,2.23574848418127,2.7256716559309084,0.12443487055510828,0.3,2.264425914841713,2.892184767849312
2024-12,9,2025-09,2025-01-12T22:59:00+00:00,CORE_LEVELPHASE_FIXED080_R29B,-0.360359113271593,-0.5761843790012655,2.305665349143618,2.2994944430851194,1.8747385133703247,2.147820930836503,-0.5826299540610526,-0.7,1.680092050914248,2.189723274152866
2024-12,10,2025-10,2025-01-12T22:59:00+00:00,CORE_LEVELPHASE_FIXED080_R29B,0.3327963602496407,0.5151320025756467,2.4950755088640726,2.302977109380726,2.20698233208569,2.6616306675109893,0.44455066792352244,0.4,2.1236575111085876,2.5889254011066116
2024-12,11,2025-11,2025-01-12T22:59:00+00:00,CORE_LEVELPHASE_FIXED080_R29B,0.045296820099834684,-0.3203074951953821,2.099737532808387,2.2821587603217246,2.2522688962729203,2.3408090898014793,-0.005433105227811378,-0.1,2.118224258282268,2.4888753677482582
2024-12,12,2025-12,2025-01-12T22:59:00+00:00,CORE_LEVELPHASE_FIXED080_R29B,-0.004601381951129115,-0.2570694087403624,2.1052631578947296,2.2731177745230067,2.2476674084549644,2.083408690284192,0.0948488996051367,0.2,2.2130282047414207,2.688675634015564
2024-12,1,2025-01,2025-01-12T22:59:00+00:00,CORE_LEVELPHASE_PANEL_R29B,0.970257194580194,1.3157894736842035,2.8037383177569937,2.727098618995303,0.9655804262491346,1.30720815673527,0.42936050118796265,0.5,0.42844137894744605,0.49875415110390736
2024-12,2,2025-02,2025-01-12T22:59:00+00:00,CORE_LEVELPHASE_PANEL_R29B,0.2019125852572028,0.1948051948051921,2.729693741677764,2.6603910148108025,1.1672894420214601,1.501823852283867,0.29964281154318917,0.5,0.7276361561966636,0.9975083022078147
2024-12,3,2025-03,2025-01-12T22:59:00+00:00,CORE_LEVELPHASE_PANEL_R29B,-0.050529503338763805,0.0648088139987068,2.659574468085101,2.472069732790076,1.1167471682270784,1.566611674439934,-0.140453368491462,0.0,0.5870840595060494,0.9975083022078147
2024-12,4,2025-04,2025-01-12T22:59:00+00:00,CORE_LEVELPHASE_PANEL_R29B,0.20591519378901071,-0.1295336787564882,1.8494055482166376,2.0048515467734447,1.3224506472663309,1.4369940282952545,0.26091824297059757,0.2,0.8476625017687585,1.1973085684751203
2024-12,5,2025-05,2025-01-12T22:59:00+00:00,CORE_LEVELPHASE_PANEL_R29B,0.29206421790072323,0.5188067444876765,2.377807133421391,2.3027712186643226,1.6140891862659188,1.954459607297003,0.16891654155974214,0.2,1.016436539790568,1.397108834742426
2024-12,6,2025-06,2025-01-12T22:59:00+00:00,CORE_LEVELPHASE_PANEL_R29B,0.18668343092877887,0.2580645161290418,2.913907284768222,2.7652601738096547,1.8005985802428868,2.2121917087270573,0.2717714978973777,0.3,1.2878394066908783,1.6966597327222739
2024-12,7,2025-07,2025-01-12T22:59:00+00:00,CORE_LEVELPHASE_PANEL_R29B,0.3576027058233998,0.4504504504504458,2.697368421052633,2.4542465805952984,2.1575634078510837,2.661630667510984,0.7948495940929384,0.9,2.079546711397948,2.592633869869464
2024-12,8,2025-08,2025-01-12T22:59:00+00:00,CORE_LEVELPHASE_PANEL_R29B,0.04225522764215518,0.0640614990390808,2.493438320209967,2.2285164440221763,2.199809710486023,2.7256716559309084,0.11660284044957897,0.3,2.1960816235346226,2.892184767849312
2024-12,9,2025-09,2025-01-12T22:59:00+00:00,CORE_LEVELPHASE_PANEL_R29B,-0.3638325822767792,-0.5761843790012655,2.305665349143618,2.2591709540570935,1.8353136476751588,2.147820930836503,-0.5892360080506859,-0.7,1.605102770431928,2.189723274152866
2024-12,10,2025-10,2025-01-12T22:59:00+00:00,CORE_LEVELPHASE_PANEL_R29B,0.32990890836895526,0.5151320025756467,2.4950755088640726,2.259709256877216,2.1646795505595584,2.6616306675109893,0.4390591368380871,0.4,2.043200854674451,2.5889254011066116
2024-12,11,2025-11,2025-01-12T22:59:00+00:00,CORE_LEVELPHASE_PANEL_R29B,0.04304143000237143,-0.3203074951953821,2.099737532808387,2.236594870696706,2.20771172039549,2.3408090898014793,-0.00972254288488579,-0.1,2.033477839119727,2.4888753677482582
2024-12,12,2025-12,2025-01-12T22:59:00+00:00,CORE_LEVELPHASE_PANEL_R29B,-0.006859033921888867,-0.2570694087403624,2.1052631578947296,2.225249863730588,2.2008524512311127,2.083408690284192,0.09055516018026416,0.2,2.123992022850475,2.688675634015564
2025-01,1,2025-02,2025-02-05T22:59:00+00:00,CORE_LEVELPHASE_FIXED040_R29B,0.2690687271779945,0.1948051948051921,2.729693741677764,2.611340842659475,0.2687073853051265,0.19461569554859698,0.28907670173825845,0.5,0.2886596785254792,0.49875415110390736
2025-01,2,2025-03,2025-02-05T22:59:00+00:00,CORE_LEVELPHASE_FIXED040_R29B,-0.04208847586296786,0.0648088139987068,2.659574468085101,2.43175947236757,0.2266100497571315,0.2594035177046641,-0.14867526225218333,0.0,0.1398737849373847,0.49875415110390736
2025-01,3,2025-04,2025-02-05T22:59:00+00:00,CORE_LEVELPHASE_FIXED040_R29B,0.21484720952542236,-0.1295336787564882,1.8494055482166376,1.9738138698082413,0.44122679270698717,0.12978587155998442,0.2535823472599374,0.2,0.3931351546768206,0.698554417371213
2025-01,4,2025-05,2025-02-05T22:59:00+00:00,CORE_LEVELPHASE_FIXED040_R29B,0.2974455290168765,0.5188067444876765,2.377807133421391,2.2771304199319773,0.738230827762908,0.6472514505617332,0.1623492750085789,0.2,0.5553527857126841,0.8983546836385187
2025-01,5,2025-06,2025-02-05T22:59:00+00:00,CORE_LEVELPHASE_FIXED040_R29B,0.19196736741715356,0.2580645161290418,2.913907284768222,2.744922033038923,0.9300141732996328,0.9049835519917871,0.2637782904181315,0.3,0.8187837917714458,1.1979055816183666
2025-01,6,2025-07,2025-02-05T22:59:00+00:00,CORE_LEVELPHASE_FIXED040_R29B,0.3589394765427078,0.4504504504504458,2.697368421052633,2.4353344202114267,1.2883109994614048,1.354422510775714,0.786050179058297,0.9,1.6017606909191264,2.093879718765557
2025-01,7,2025-08,2025-02-05T22:59:00+00:00,CORE_LEVELPHASE_FIXED040_R29B,0.04132535645739838,0.0640614990390808,2.493438320209967,2.208695934838793,1.3296278193451367,1.4184634991956384,0.10702328882805545,0.3,1.7087267506540895,2.393430616745405
2025-01,8,2025-09,2025-02-05T22:59:00+00:00,CORE_LEVELPHASE_FIXED040_R29B,-0.3656808774862183,-0.5761843790012655,2.305665349143618,2.2374479161421794,0.9632766948624895,0.8406127741012329,-0.6000281469235856,-0.7,1.1068912012692458,1.690969123048959
2025-01,9,2025-10,2025-02-05T22:59:00+00:00,CORE_LEVELPHASE_FIXED040_R29B,0.32717254416944686,0.5151320025756467,2.4950755088640726,2.2351977001546253,1.2899151941787024,1.3544225107757193,0.4269778784445885,0.4,1.5329601156355817,2.0901712500027045
2025-01,10,2025-11,2025-02-05T22:59:00+00:00,CORE_LEVELPHASE_FIXED040_R29B,0.03945857125532427,-0.3203074951953821,2.099737532808387,2.2084283152532405,1.3293659825870652,1.0336009330662095,-0.022962932027768716,-0.1,1.509994546722898,1.9901212166443512
2025-01,11,2025-12,2025-02-05T22:59:00+00:00,CORE_LEVELPHASE_FIXED040_R29B,-0.061036676886956936,-0.2570694087403624,2.1052631578947296,2.414849065235207,1.2683106707373208,0.7762005335489218,0.04889709570912506,0.2,1.5588796916977283,2.189921482911657
2025-01,12,2026-01,2025-02-05T22:59:00+00:00,CORE_LEVELPHASE_FIXED040_R29B,0.9745255342672013,0.8376288659793785,1.62337662337662,2.263352101985279,2.2381183314115947,1.6103407566578718,0.4261998142426706,0.4,1.9841738468983294,2.5891236098654025
2025-01,1,2025-02,2025-02-05T22:59:00+00:00,CORE_LEVELPHASE_FIXED060_R29B,0.26853501306568206,0.1948051948051921,2.729693741677764,2.6107946610564516,0.2681751019803441,0.19461569554859698,0.2880617055673031,0.5,0.2876476028931079,0.49875415110390736
2025-01,2,2025-03,2025-02-05T22:59:00+00:00,CORE_LEVELPHASE_FIXED060_R29B,-0.04261986036563031,0.0648088139987068,2.659574468085101,2.4306697138597464,0.22554615677083562,0.2594035177046641,-0.14968582806460023,0.0,0.1378496336726421,0.49875415110390736
2025-01,3,2025-04,2025-02-05T22:59:00+00:00,CORE_LEVELPHASE_FIXED060_R29B,0.21452270306500473,-0.1295336787564882,1.8494055482166376,1.9723987846548625,0.4398390884343918,0.12978587155998442,0.2529652138411731,0.2,0.39049542908169044,0.698554417371213
2025-01,4,2025-05,2025-02-05T22:59:00+00:00,CORE_LEVELPHASE_FIXED060_R29B,0.29733014724049966,0.5188067444876765,2.377807133421391,2.2755934681059466,0.7367280838279009,0.6472514505617332,0.1621298465570562,0.2,0.5524939870891502,0.8983546836385187
2025-01,5,2025-06,2025-02-05T22:59:00+00:00,CORE_LEVELPHASE_FIXED060_R29B,0.19206091047465496,0.2580645161290418,2.913907284768222,2.743473976707837,0.9286047931504575,0.9049835519917871,0.2639561868667976,0.3,0.816102421421492,1.1979055816183666
2025-01,6,2025-07,2025-02-05T22:59:00+00:00,CORE_LEVELPHASE_FIXED060_R29B,0.35910994825963355,0.4504504504504458,2.697368421052633,2.4340647233868853,1.2870714811830621,1.354422510775714,0.786374375357297,0.9,1.5994009878802813,2.093879718765557
2025-01,7,2025-08,2025-02-05T22:59:00+00:00,CORE_LEVELPHASE_FIXED060_R29B,0.041570606149219994,0.0640614990390808,2.493438320209967,2.2076796070822944,1.3286334491496845,1.4184634991956384,0.10748969489149712,0.3,1.706832953963882,2.393430616745405
2025-01,8,2025-09,2025-02-05T22:59:00+00:00,CORE_LEVELPHASE_FIXED060_R29B,-0.3653619696429831,-0.5761843790012655,2.305665349143618,2.2367585391258547,0.9626024024631894,0.8406127741012329,-0.5994216607312516,-0.7,1.1056075499652047,1.690969123048959
2025-01,9,2025-10,2025-02-05T22:59:00+00:00,CORE_LEVELPHASE_FIXED060_R29B,0.3275416067137692,0.5151320025756467,2.4950755088640726,2.2348844171621884,1.289608760113441,1.3544225107757193,0.42767974684320964,0.4,1.5323753462065461,2.0901712500027045
2025-01,10,2025-11,2025-02-05T22:59:00+00:00,CORE_LEVELPHASE_FIXED060_R29B,0.03987263012106294,-0.3203074951953821,2.099737532808387,2.2085381491298235,1.3294734432137274,1.0336009330662095,-0.022175491423183747,-0.1,1.5101973956577075,1.9901212166443512
2025-01,11,2025-12,2025-02-05T22:59:00+00:00,CORE_LEVELPHASE_FIXED060_R29B,-0.06057563701403314,-0.2570694087403624,2.1052631578947296,2.4154315831055366,1.2688794517481043,0.7762005335489218,0.0497738829157587,0.2,1.5599588954852224,2.189921482911657
2025-01,12,2026-01,2025-02-05T22:59:00+00:00,CORE_LEVELPHASE_FIXED060_R29B,0.9749883128059422,0.8376288659793785,1.62337662337662,2.2644024462207457,2.2391454235417525,1.6103407566578718,0.427079907974476,0.4,1.9861294055385081,2.5891236098654025
2025-01,1,2025-02,2025-02-05T22:59:00+00:00,CORE_LEVELPHASE_FIXED080_R29B,0.26800130435493275,0.1948051948051921,2.729693741677764,2.610248484981171,0.2676428212094169,0.19461569554859698,0.2870467196688247,0.5,0.2866355272607366,0.49875415110390736
2025-01,2,2025-03,2025-02-05T22:59:00+00:00,CORE_LEVELPHASE_FIXED080_R29B,-0.043151239490306914,0.0648088139987068,2.659574468085101,2.4295799721778892,0.22448226889259915,0.2594035177046641,-0.15069638364937854,0.0,0.1358254824078995,0.49875415110390736
2025-01,3,2025-04,2025-02-05T22:59:00+00:00,CORE_LEVELPHASE_FIXED080_R29B,0.2141981986021595,-0.1295336787564882,1.8494055482166376,1.9709837253106668,0.4384513902146179,0.12978587155998442,0.2523480842213121,0.2,0.3878557034865604,0.698554417371213
2025-01,4,2025-05,2025-02-05T22:59:00+00:00,CORE_LEVELPHASE_FIXED080_R29B,0.2972147657168928,0.5188067444876765,2.377807133421391,2.2740565456890596,0.7352253460653947,0.6472514505617332,0.16191041858624147,0.2,0.5496351884656164,0.8983546836385187
2025-01,5,2025-06,2025-02-05T22:59:00+00:00,CORE_LEVELPHASE_FIXED080_R29B,0.19215445369812825,0.2580645161290418,2.913907284768222,2.742025947207616,0.9271954192522691,0.9049835519917871,0.26413408363110247,0.3,0.8134210510715383,1.1979055816183666
2025-01,6,2025-07,2025-02-05T22:59:00+00:00,CORE_LEVELPHASE_FIXED080_R29B,0.35928042052491205,0.4504504504504458,2.697368421052633,2.432795048967564,1.2858319694135658,1.354422510775714,0.7866985726991325,0.9,1.5970412848414366,2.093879718765557
2025-01,7,2025-08,2025-02-05T22:59:00+00:00,CORE_LEVELPHASE_FIXED080_R29B,0.04181585698367814,0.0640614990390808,2.493438320209967,2.2066632966374082,1.3276390860042628,1.4184634991956384,0.10795610312795928,0.3,1.7049391572736747,2.393430616745405
2025-01,8,2025-09,2025-02-05T22:59:00+00:00,CORE_LEVELPHASE_FIXED080_R29B,-0.3650430598539405,-0.5761843790012655,2.305665349143618,2.2360691749148063,0.9619281180423621,0.8406127741012329,-0.5988151708384586,-0.7,1.1043238986611636,1.690969123048959
2025-01,9,2025-10,2025-02-05T22:59:00+00:00,CORE_LEVELPHASE_FIXED080_R29B,0.3279106718374119,0.5151320025756467,2.4950755088640726,2.23457114453142,1.28930233524435,1.3544225107757193,0.4283816201470791,0.4,1.531790576777511,2.0901712500027045
2025-01,10,2025-11,2025-02-05T22:59:00+00:00,CORE_LEVELPHASE_FIXED080_R29B,0.040286692248018105,-0.3203074951953821,2.099737532808387,2.208647994104703,1.329580914583382,1.0336009330662095,-0.02138804461654754,-0.1,1.5104002445925178,1.9901212166443512
2025-01,11,2025-12,2025-02-05T22:59:00+00:00,CORE_LEVELPHASE_FIXED080_R29B,-0.060114593100746336,-0.2570694087403624,2.1052631578947296,2.4160141172525678,1.2694482454165184,0.7762005335489218,0.05065067780619325,0.2,1.5610380992727173,2.189921482911657
2025-01,12,2026-01,2025-02-05T22:59:00+00:00,CORE_LEVELPHASE_FIXED080_R29B,0.9754510954002829,0.8376288659793785,1.62337662337662,2.265452816148,2.2401725302454807,1.6103407566578718,0.4279600094190591,0.4,1.9880849641786875,2.5891236098654025
2025-01,1,2025-02,2025-02-05T22:59:00+00:00,CORE_LEVELPHASE_PANEL_R29B,0.269011662372485,0.1948051948051921,2.729693741677764,2.611282444827695,0.2686504736149391,0.19461569554859698,0.2889681781715169,0.5,0.2885514677122702,0.49875415110390736
2025-01,2,2025-03,2025-02-05T22:59:00+00:00,CORE_LEVELPHASE_PANEL_R29B,-0.042145291586209305,0.0648088139987068,2.659574468085101,2.431642954922027,0.22649629840460817,0.2594035177046641,-0.14878331212422113,0.0,0.13965736331096673,0.49875415110390736
2025-01,3,2025-04,2025-02-05T22:59:00+00:00,CORE_LEVELPHASE_PANEL_R29B,0.21480466248755395,-0.1295336787564882,1.8494055482166376,1.9736545795093305,0.4410705855227333,0.12978587155998442,0.2535014330035487,0.2,0.39283802342671936,0.698554417371213
2025-01,4,2025-05,2025-02-05T22:59:00+00:00,CORE_LEVELPHASE_PANEL_R29B,0.297417505079893,0.5188067444876765,2.377807133421391,2.276942078798495,0.7380466797465117,0.6472514505617332,0.162295980205093,0.2,0.5550024460284254,0.8983546836385187
2025-01,5,2025-06,2025-02-05T22:59:00+00:00,CORE_LEVELPHASE_PANEL_R29B,0.19195381415547866,0.2580645161290418,2.913907284768222,2.744718931895501,0.9298164979886361,0.9049835519917871,0.26375251536668237,0.3,0.8184077448425554,1.1979055816183666
2025-01,6,2025-07,2025-02-05T22:59:00+00:00,CORE_LEVELPHASE_PANEL_R29B,0.35896904737343305,0.4504504504504458,2.697368421052633,2.4351621136279404,1.2881427892150281,1.354422510775714,0.7861064156824853,0.9,1.6014404419983919,2.093879718765557
2025-01,7,2025-08,2025-02-05T22:59:00+00:00,CORE_LEVELPHASE_PANEL_R29B,0.041397631770247904,0.0640614990390808,2.493438320209967,2.208597850499565,1.32953185452982,1.4184634991956384,0.10716073912982661,0.3,1.7085438049942987,2.393430616745405
2025-01,8,2025-09,2025-02-05T22:59:00+00:00,CORE_LEVELPHASE_PANEL_R29B,-0.36556651193295703,-0.5761843790012655,2.305665349143618,2.237467157661047,0.963295515282452,0.8406127741012329,-0.5998106510845747,-0.7,1.1069270641231865,1.690969123048959
2025-01,9,2025-10,2025-02-05T22:59:00+00:00,CORE_LEVELPHASE_PANEL_R29B,0.3274323431523743,0.5151320025756467,2.4950755088640726,2.2354816811475415,1.290192966027239,1.3544225107757193,0.4274719537684486,0.4,1.5334879519800513,2.0901712500027045
2025-01,10,2025-11,2025-02-05T22:59:00+00:00,CORE_LEVELPHASE_PANEL_R29B,0.039860812169004674,-0.3203074951953821,2.099737532808387,2.2091231849859736,1.3300458358850196,1.0336009330662095,-0.022197966332148957,-0.1,1.511287521534694,1.9901212166443512
2025-01,11,2025-12,2025-02-05T22:59:00+00:00,CORE_LEVELPHASE_PANEL_R29B,-0.06049043734244727,-0.2570694087403624,2.1052631578947296,2.4161051142079426,1.2695370956961696,0.7762005335489218,0.04993591224650212,0.2,1.561210969953648,2.189921482911657
2025-01,12,2026-01,2025-02-05T22:59:00+00:00,CORE_LEVELPHASE_PANEL_R29B,0.975073833781097,0.8376288659793785,1.62337662337662,2.265161597702637,2.239887762660738,1.6103407566578718,0.42724254834750713,0.4,1.9875434285983729,2.5891236098654025
2025-02,1,2025-03,2025-03-04T22:59:00+00:00,CORE_LEVELPHASE_FIXED040_R29B,-0.05197144766782853,0.0648088139987068,2.659574468085101,2.6753977922452132,-0.051984957505733655,0.0647878221560671,-0.1377674042920295,0.0,-0.13786239083080534,0.0
2025-02,2,2025-04,2025-03-04T22:59:00+00:00,CORE_LEVELPHASE_FIXED040_R29B,0.20945501719779236,-0.1295336787564882,1.8494055482166376,2.210863059960835,0.15725100849339949,-0.06482982398861258,0.26455691747966126,0.2,0.1263451908283337,0.19980026626730563
2025-02,3,2025-05,2025-03-04T22:59:00+00:00,CORE_LEVELPHASE_FIXED040_R29B,0.2918700262876074,0.5188067444876765,2.377807133421391,2.5091859328427333,0.4486959212049722,0.45263575501313613,0.17318410933953238,0.2,0.2993795094068217,0.39960053253461125
2025-02,4,2025-06,2025-03-04T22:59:00+00:00,CORE_LEVELPHASE_FIXED040_R29B,0.19092490767901782,0.2580645161290418,2.913907284768222,2.9769674656897798,0.6394387989389725,0.7103678564431902,0.27468141638318766,0.3,0.5736843657900952,0.6991514305144592
2025-02,5,2025-07,2025-03-04T22:59:00+00:00,CORE_LEVELPHASE_FIXED040_R29B,0.35739300625833476,0.4504504504504458,2.697368421052633,2.6650986300383552,0.996194673983041,1.159806815227117,0.7964554406747593,0.9,1.3669848409779826,1.5951255676616496
2025-02,6,2025-08,2025-03-04T22:59:00+00:00,CORE_LEVELPHASE_FIXED040_R29B,0.041102562310629934,0.0640614990390808,2.493438320209967,2.437723659176192,1.0372887915044657,1.2238478036470415,0.11717275682373476,0.3,1.4840890041038648,1.8946764656414974
2025-02,7,2025-09,2025-03-04T22:59:00+00:00,CORE_LEVELPHASE_FIXED040_R29B,-0.36256430913503584,-0.5761843790012655,2.305665349143618,2.4697452279083048,0.6740656249748711,0.645997078552636,-0.5900397226514817,-0.7,0.8923016692860432,1.1922149719450514
2025-02,8,2025-10,2025-03-04T22:59:00+00:00,CORE_LEVELPHASE_FIXED040_R29B,0.3304521143135703,0.5151320025756467,2.4950755088640726,2.470839433574719,1.0039729461462188,1.159806815227122,0.43688878800692726,0.4,1.3282388688097482,1.5914170988987968
2025-02,9,2025-11,2025-03-04T22:59:00+00:00,CORE_LEVELPHASE_FIXED040_R29B,0.042330460743331605,-0.3203074951953821,2.099737532808387,2.446949266226084,1.0462944500775675,0.8389852375176122,-0.013161197830296534,-0.1,1.315076804817811,1.4913670655404434
2025-02,10,2025-12,2025-03-04T22:59:00+00:00,CORE_LEVELPHASE_FIXED040_R29B,-0.05826989679050921,-0.2570694087403624,2.1052631578947296,2.6566936755042247,0.988007569784865,0.5815848380003246,0.05869002443673095,0.2,1.3737496133953653,1.691167331807749
2025-02,11,2026-01,2025-03-04T22:59:00+00:00,CORE_LEVELPHASE_FIXED040_R29B,0.9769724675937295,0.8376288659793785,1.62337662337662,2.313392460688981,1.9602385185761948,1.4157250611092747,0.44581888502655376,0.4,1.818577669806607,2.0903694587614945
2025-02,12,2026-02,2025-03-04T22:59:00+00:00,CORE_LEVELPHASE_FIXED040_R29B,0.20741242064714177,-0.0638977635782689,1.3609850939727857,2.1910956594893536,2.1674361366290356,1.3518068742095604,0.304293804804373,0.5,2.1224094380745124,2.589123609865402
2025-02,1,2025-03,2025-03-04T22:59:00+00:00,CORE_LEVELPHASE_FIXED060_R29B,-0.04905861020636973,0.0648088139987068,2.659574468085101,2.6783901148491838,-0.049070647879717794,0.0647878221560671,-0.13223300977972113,0.0,-0.13232051477292872,0.0
2025-02,2,2025-04,2025-03-04T22:59:00+00:00,CORE_LEVELPHASE_FIXED060_R29B,0.21237958988012146,-0.1295336787564882,1.8494055482166376,2.2168249142936696,0.1630837353550127,-0.06482982398861258,0.27011360892506137,0.2,0.13742894294408692,0.19980026626730563
2025-02,3,2025-05,2025-03-04T22:59:00+00:00,CORE_LEVELPHASE_FIXED060_R29B,0.2948597024752146,0.5188067444876765,2.377807133421391,2.5182211401155667,0.4575095792496914,0.45263575501313613,0.17886449751951197,0.2,0.3161336684098516,0.39960053253461125
2025-02,4,2025-06,2025-03-04T22:59:00+00:00,CORE_LEVELPHASE_FIXED060_R29B,0.19398545053151928,0.2580645161290418,2.913907284768222,2.989189829094363,0.6513071209773711,0.7103678564431902,0.2804964513076169,0.3,0.5962374625098018,0.6991514305144592
2025-02,5,2025-07,2025-03-04T22:59:00+00:00,CORE_LEVELPHASE_FIXED060_R29B,0.3605376650309091,0.4504504504504458,2.697368421052633,2.6805013292769906,1.0111964069352672,1.159806815227117,0.8024302959436495,0.9,1.395465406243766,1.5951255676616496
2025-02,6,2025-08,2025-03-04T22:59:00+00:00,CORE_LEVELPHASE_FIXED060_R29B,0.044250667917774364,0.0640614990390808,2.493438320209967,2.4563162520626536,1.0554372871323003,1.2238478036470415,0.12315416108225512,0.3,1.518543794794032,1.8946764656414974
2025-02,7,2025-09,2025-03-04T22:59:00+00:00,CORE_LEVELPHASE_FIXED060_R29B,-0.3594139761333739,-0.5761843790012655,2.305665349143618,2.4915841056656833,0.695375867166443,0.645997078552636,-0.5840540863408274,-0.7,0.9327774422789011,1.1922149719450514
2025-02,8,2025-10,2025-03-04T22:59:00+00:00,CORE_LEVELPHASE_FIXED060_R29B,0.3336597088795638,0.5151320025756467,2.4950755088640726,2.495955266126578,1.0284801671469292,1.159806815227122,0.4429832213553827,0.4,1.3747823809836042,1.5914170988987968
2025-02,9,2025-11,2025-03-04T22:59:00+00:00,CORE_LEVELPHASE_FIXED060_R29B,0.045538820736448785,-0.3203074951953821,2.099737532808387,2.4753455246991507,1.074008622109256,0.8389852375176122,-0.007065310169429688,-0.1,1.3677168212093787,1.4913670655404434
2025-02,10,2025-12,2025-03-04T22:59:00+00:00,CORE_LEVELPHASE_FIXED060_R29B,-0.055044081953106845,-0.2570694087403624,2.1052631578947296,2.688462434978199,1.0189493853398839,0.5815848380003246,0.06481907632172747,0.2,1.432514899041358,1.691167331807749
2025-02,11,2026-01,2025-03-04T22:59:00+00:00,CORE_LEVELPHASE_FIXED060_R29B,0.9802259710786552,0.8376288659793785,1.62337662337662,2.348352563546858,1.994402307411057,1.4157250611092747,0.4520005453735514,0.4,1.8834969897437386,2.0903694587614945
2025-02,12,2026-02,2025-03-04T22:59:00+00:00,CORE_LEVELPHASE_FIXED060_R29B,0.2106613400453746,-0.0638977635782689,1.3609850939727857,2.2293283403789617,2.204842067589659,1.3518068742095604,0.31046675538140484,0.5,2.193482792302783,2.589123609865402
2025-02,1,2025-03,2025-03-04T22:59:00+00:00,CORE_LEVELPHASE_FIXED080_R29B,-0.04614561131459595,0.0648088139987068,2.659574468085101,2.6813826032885597,-0.046156261678390285,0.0647878221560671,-0.12669830854962946,0.0,-0.1267786387150521,0.0
2025-02,2,2025-04,2025-03-04T22:59:00+00:00,CORE_LEVELPHASE_FIXED080_R29B,0.215304324643135,-0.1295336787564882,1.8494055482166376,2.2227872729179445,0.16891661535529906,-0.06482982398861258,0.2756706083239475,0.2,0.14851269505984024,0.19980026626730563
2025-02,3,2025-05,2025-03-04T22:59:00+00:00,CORE_LEVELPHASE_FIXED080_R29B,0.29784954819443277,0.5188067444876765,2.377807133421391,2.527257382962087,0.4663234706043868,0.45263575501313613,0.1845452078097465,0.2,0.33288782741288153,0.39960053253461125
2025-02,4,2025-06,2025-03-04T22:59:00+00:00,CORE_LEVELPHASE_FIXED080_R29B,0.19704617086814066,0.2580645161290418,2.913907284768222,3.0014139698312956,0.6631757601539571,0.7103678564431902,0.2863118234520772,0.3,0.6187905592295084,0.6991514305144592
2025-02,5,2025-07,2025-03-04T22:59:00+00:00,CORE_LEVELPHASE_FIXED080_R29B,0.3636825102076676,0.4504504504504458,2.697368421052633,2.6959067549580986,1.0261985445748392,1.159806815227117,0.808405505380703,0.9,1.4239459715095495,1.5951255676616496
2025-02,6,2025-08,2025-03-04T22:59:00+00:00,CORE_LEVELPHASE_FIXED080_R29B,0.047398961605462496,0.0640614990390808,2.493438320209967,2.4749127254096477,1.0735862764208814,1.2238478036470415,0.12913592269402388,0.3,1.5529985854841994,1.8946764656414974
2025-02,7,2025-09,2025-03-04T22:59:00+00:00,CORE_LEVELPHASE_FIXED080_R29B,-0.35626345344500887,-0.5761843790012655,2.305665349143618,2.5134282365791036,0.7166866934204122,0.645997078552636,-0.5780680896252202,-0.7,0.9732532152717596,1.1922149719450514
2025-02,8,2025-10,2025-03-04T22:59:00+00:00,CORE_LEVELPHASE_FIXED080_R29B,0.3368674980799345,0.5151320025756467,2.4950755088640726,2.5210779475036174,1.052988063987488,1.159806815227122,0.4490780245093775,0.4,1.4213258931574604,1.5914170988987968
2025-02,9,2025-11,2025-03-04T22:59:00+00:00,CORE_LEVELPHASE_FIXED080_R29B,0.048747376333330705,-0.3203074951953821,2.099737532808387,2.5037504417984975,1.1017235626472013,0.8389852375176122,-0.0009690508611858521,-0.1,1.4203568376009463,1.4913670655404434
2025-02,10,2025-12,2025-03-04T22:59:00+00:00,CORE_LEVELPHASE_FIXED080_R29B,-0.05181806951980847,-0.2570694087403624,2.1052631578947296,2.720241911284515,1.0498920629260347,0.5815848380003246,0.07094850363915267,0.2,1.4912801846873511,1.691167331807749
2025-02,11,2026-01,2025-03-04T22:59:00+00:00,CORE_LEVELPHASE_FIXED080_R29B,0.983479674791462,0.8376288659793785,1.62337662337662,2.3833255914386444,2.0285670527471362,1.4157250611092747,0.4581825861537524,0.4,1.9484163096808707,2.0903694587614945
2025-02,12,2026-02,2025-03-04T22:59:00+00:00,CORE_LEVELPHASE_FIXED080_R29B,0.21391045938937356,-0.0638977635782689,1.3609850939727857,2.267576399972783,2.2422490494590264,1.3518068742095604,0.31664008585562126,0.5,2.2645561465310537,2.589123609865402
2025-02,1,2025-03,2025-03-04T22:59:00+00:00,CORE_LEVELPHASE_PANEL_R29B,-0.05152400818349659,0.0648088139987068,2.659574468085101,2.675857441401952,-0.051537286361755384,0.0647878221560671,-0.13691726875942872,0.0,-0.1370110860963862,0.0
2025-02,2,2025-04,2025-03-04T22:59:00+00:00,CORE_LEVELPHASE_PANEL_R29B,0.2099042593234471,-0.1295336787564882,1.8494055482166376,2.2117788460768666,0.15814698176475428,-0.06482982398861258,0.2654104780328396,0.2,0.12804780029717192,0.19980026626730563
2025-02,3,2025-05,2025-03-04T22:59:00+00:00,CORE_LEVELPHASE_PANEL_R29B,0.2919666472490051,0.5188067444876765,2.377807133421391,2.5102031498673254,0.44968823420439297,0.45263575501313613,0.17336768927683027,0.2,0.30126538126340735,0.39960053253461125
2025-02,4,2025-06,2025-03-04T22:59:00+00:00,CORE_LEVELPHASE_PANEL_R29B,0.19066906026421626,0.2580645161290418,2.913907284768222,2.9777263601355113,0.6401757517431425,0.7103678564431902,0.27419530600208974,0.3,0.5750854576877567,0.6991514305144592
2025-02,5,2025-07,2025-03-04T22:59:00+00:00,CORE_LEVELPHASE_PANEL_R29B,0.35678142908815136,0.4504504504504458,2.697368421052633,2.665229581228543,0.9963222257103754,1.159806815227117,0.795293443351084,0.9,1.3672331105700481,1.5951255676616496
2025-02,6,2025-08,2025-03-04T22:59:00+00:00,CORE_LEVELPHASE_PANEL_R29B,0.04119546095246128,0.0640614990390808,2.493438320209967,2.4379494446223613,1.037509203662482,1.2238478036470415,0.11734926434959403,0.3,1.4845135744896973,1.8946764656414974
2025-02,7,2025-09,2025-03-04T22:59:00+00:00,CORE_LEVELPHASE_PANEL_R29B,-0.36177665036824286,-0.5761843790012655,2.305665349143618,2.4707811345991533,0.6750765589362926,0.645997078552636,-0.5885431700926144,-0.7,0.8942316635650053,1.1922149719450514
2025-02,8,2025-10,2025-03-04T22:59:00+00:00,CORE_LEVELPHASE_PANEL_R29B,0.33195051928400343,0.5151320025756467,2.4950755088640726,2.473405737806404,1.0064773387234998,1.159806815227122,0.4397357591665977,0.4,1.3330034100812025,1.5914170988987968
2025-02,9,2025-11,2025-03-04T22:59:00+00:00,CORE_LEVELPHASE_PANEL_R29B,0.0446192369334199,-0.3203074951953821,2.099737532808387,2.4518588200906075,1.0510866242354524,0.8389852375176122,-0.00881252044821466,-0.1,1.3241905013075903,1.4913670655404434
2025-02,10,2025-12,2025-03-04T22:59:00+00:00,CORE_LEVELPHASE_PANEL_R29B,-0.0551818055405075,-0.2570694087403624,2.1052631578947296,2.6647854136222557,0.9958895879333008,0.5815848380003246,0.06455740134795673,0.2,1.388727073329302,1.691167331807749
2025-02,11,2026-01,2025-03-04T22:59:00+00:00,CORE_LEVELPHASE_PANEL_R29B,0.9808732753829501,0.8376288659793785,1.62337662337662,2.3254098848052465,1.9719835288013732,1.4157250611092747,0.45323042429295035,0.4,1.8409335014105337,2.0903694587614945
2025-02,12,2026-02,2025-03-04T22:59:00+00:00,CORE_LEVELPHASE_PANEL_R29B,0.21130773231774422,-0.0638977635782689,1.3609850939727857,2.2070716079572095,2.1830683203359325,1.3518068742095604,0.3116949014391012,0.5,2.152143641348429,2.589123609865402
2025-03,1,2025-04,2025-04-03T21:59:00+00:00,CORE_LEVELPHASE_FIXED040_R29B,0.18652691088733672,-0.1295336787564882,1.8494055482166376,2.1320633346946187,0.1863531654660057,-0.1296176461446797,0.2904596888117143,0.2,0.2900386697210565,0.19980026626730563
2025-03,2,2025-05,2025-04-03T21:59:00+00:00,CORE_LEVELPHASE_FIXED040_R29B,0.31428267051137687,0.5188067444876765,2.377807133421391,2.4530467107912672,0.5001430003205188,0.38784793285706903,0.19694366429188853,0.2,0.486788654230105,0.39960053253461125
2025-03,3,2025-06,2025-04-03T21:59:00+00:00,CORE_LEVELPHASE_FIXED040_R29B,0.21261896492451332,0.2580645161290418,2.913907284768222,2.9428571627930222,0.7125362510080302,0.6455800342871231,0.2977524728186646,0.3,0.7840987223365135,0.6991514305144592
2025-03,4,2025-07,2025-04-03T21:59:00+00:00,CORE_LEVELPHASE_FIXED040_R29B,0.3756598768223167,0.4504504504504458,2.697368421052633,2.6497723562791395,1.0874922882596103,1.0950189930710497,0.8193337114579505,0.9,1.6000941173792396,1.5951255676616496
2025-03,5,2025-08,2025-04-03T21:59:00+00:00,CORE_LEVELPHASE_FIXED040_R29B,0.05976098175822504,0.0640614990390808,2.493438320209967,2.44153388410628,1.1472354202542403,1.1590599814909741,0.1396610344442649,0.3,1.7396577165096885,1.8946764656414974
2025-03,6,2025-09,2025-04-03T21:59:00+00:00,CORE_LEVELPHASE_FIXED040_R29B,-0.34838383409735363,-0.5761843790012655,2.305665349143618,2.4881407578094206,0.7982433165246297,0.5812092563965686,-0.5682621564347794,-0.7,1.1697748076845822,1.1922149719450514
2025-03,7,2025-10,2025-04-03T21:59:00+00:00,CORE_LEVELPHASE_FIXED040_R29B,0.3439372730262812,0.5151320025756467,2.4950755088640726,2.503010475113769,1.1415904780006418,1.095018993071055,0.4585395886768644,0.4,1.6272663063067851,1.5914170988987968
2025-03,8,2025-11,2025-04-03T21:59:00+00:00,CORE_LEVELPHASE_FIXED040_R29B,0.05572538677848507,-0.3203074951953821,2.099737532808387,2.4928340004899017,1.1973003439512286,0.7741974153615452,0.008152371469413838,-0.1,1.6354183454884554,1.4913670655404434
2025-03,9,2025-12,2025-04-03T21:59:00+00:00,CORE_LEVELPHASE_FIXED040_R29B,-0.0445866812147942,-0.2570694087403624,2.1052631578947296,2.7167335732401177,1.152703719920168,0.5167970158442575,0.0797830010586707,0.2,1.7151695368288773,1.691167331807749
2025-03,10,2026-01,2025-04-03T21:59:00+00:00,CORE_LEVELPHASE_FIXED040_R29B,0.9913293836578457,0.8376288659793785,1.62337662337662,2.3877870112529234,2.139151668069023,1.3509372389532075,0.46686203966156264,0.4,2.1809451557484754,2.0903694587614945
2025-03,11,2026-02,2025-04-03T21:59:00+00:00,CORE_LEVELPHASE_FIXED040_R29B,0.18216341282840706,-0.0638977635782689,1.3609850939727857,2.3748685363083872,2.321149364571719,1.2870190520534932,0.34520480004910803,0.5,2.5255554917138996,2.589123609865402
2025-03,12,2026-03,2025-04-03T21:59:00+00:00,CORE_LEVELPHASE_FIXED040_R29B,-0.028626201966681326,0.5754475703324768,1.8782383419689104,2.318999250091754,2.2925190645257407,1.8608172473556328,-0.11538516812105622,0.2,2.4101037036564508,2.7889238761327078
2025-03,1,2025-04,2025-04-03T21:59:00+00:00,CORE_LEVELPHASE_FIXED060_R29B,0.1964702156024251,-0.1295336787564882,1.8494055482166376,2.1421997298590187,0.19627746529766546,-0.1296176461446797,0.3093198825617383,0.2,0.30884247284177296,0.19980026626730563
2025-03,2,2025-05,2025-04-03T21:59:00+00:00,CORE_LEVELPHASE_FIXED060_R29B,0.32421670357360394,0.5188067444876765,2.377807133421391,2.473361802780734,0.5199697197788554,0.38784793285706903,0.21578627181938811,0.2,0.5243962604715378,0.39960053253461125
2025-03,3,2025-06,2025-04-03T21:59:00+00:00,CORE_LEVELPHASE_FIXED060_R29B,0.22240348876855112,0.2580645161290418,2.913907284768222,2.9733224686196436,0.7421262580715263,0.6455800342871231,0.31631149527025026,0.3,0.8402085433653226,0.6991514305144592
2025-03,4,2025-07,2025-04-03T21:59:00+00:00,CORE_LEVELPHASE_FIXED060_R29B,0.385334950498602,0.4504504504504458,2.697368421052633,2.6900481259007245,1.1267206951448419,1.0950189930710497,0.8376851317662917,0.9,1.674404564862085,1.5951255676616496
2025-03,5,2025-08,2025-04-03T21:59:00+00:00,CORE_LEVELPHASE_FIXED060_R29B,0.06921157946734399,0.0640614990390808,2.493438320209967,2.4914073004264585,1.1959083344441328,1.1590599814909741,0.15758667475749472,0.3,1.8318672021132303,1.8946764656414974
2025-03,6,2025-09,2025-04-03T21:59:00+00:00,CORE_LEVELPHASE_FIXED060_R29B,-0.33905756883317295,-0.5761843790012655,2.305665349143618,2.547633266201441,0.8562746628541059,0.5812092563965686,-0.5505723465690859,-0.7,1.2797736197616876,1.1922149719450514
2025-03,7,2025-10,2025-04-03T21:59:00+00:00,CORE_LEVELPHASE_FIXED060_R29B,0.3533017310997644,0.5151320025756467,2.4950755088640726,2.5720831185386306,1.2089537494993392,1.095018993071055,0.476301841639088,0.4,1.7549447332103214,1.5914170988987968
2025-03,8,2025-11,2025-04-03T21:59:00+00:00,CORE_LEVELPHASE_FIXED060_R29B,0.06499000492542492,-0.3203074951953821,2.099737532808387,2.5713964627189165,1.2739226450665497,0.7741974153615452,0.025725250736216104,-0.1,1.78066667557129,1.4913670655404434
2025-03,9,2025-12,2025-04-03T21:59:00+00:00,CORE_LEVELPHASE_FIXED060_R29B,-0.03535104610355769,-0.2570694087403624,2.1052631578947296,2.80496570738492,1.2385653490076958,0.5167970158442575,0.09730090608054218,0.2,1.877920275004256,1.691167331807749
2025-03,10,2026-01,2025-04-03T21:59:00+00:00,CORE_LEVELPHASE_FIXED060_R29B,1.0005649829397278,0.8376288659793785,1.62337662337662,2.4851079327037984,2.234157821809165,1.3509372389532075,0.4843798767232757,0.4,2.361130806929644,2.0903694587614945
2025-03,11,2026-02,2025-04-03T21:59:00+00:00,CORE_LEVELPHASE_FIXED060_R29B,0.19135211533143315,-0.0638977635782689,1.3609850939727857,2.4815759210203554,2.4253270921950136,1.2870190520534932,0.362633684558242,0.5,2.7231085608141044,2.589123609865402
2025-03,12,2026-03,2025-04-03T21:59:00+00:00,CORE_LEVELPHASE_FIXED060_R29B,-0.019479676109782233,0.5754475703324768,1.8782383419689104,2.4350194721197207,2.405845518549898,1.8608172473556328,-0.09803628314331289,0.2,2.6250241906756915,2.7889238761327078
2025-03,1,2025-04,2025-04-03T21:59:00+00:00,CORE_LEVELPHASE_FIXED080_R29B,0.2064153902127561,-0.1295336787564882,1.8494055482166376,2.1523380312304234,0.20620264635324853,-0.1296176461446797,0.3281836230789165,0.2,0.32764627596248946,0.19980026626730563
2025-03,2,2025-05,2025-04-03T21:59:00+00:00,CORE_LEVELPHASE_FIXED080_R29B,0.33415260478748626,0.5188067444876765,2.377807133421391,2.4936827296130977,0.5397982019090465,0.38784793285706903,0.23463242280685215,0.2,0.5620038667129708,0.39960053253461125
2025-03,3,2025-06,2025-04-03T21:59:00+00:00,CORE_LEVELPHASE_FIXED080_R29B,0.2321898231336946,0.2580645161290418,2.913907284768222,3.003799484915918,0.7717188810090984,0.6455800342871231,0.3348739518697193,0.3,0.896318364394132,0.6991514305144592
2025-03,4,2025-07,2025-04-03T21:59:00+00:00,CORE_LEVELPHASE_FIXED080_R29B,0.39501178525916536,0.4504504504504458,2.697368421052633,2.7303432332503537,1.1659525431613422,1.0950189930710497,0.8560398924520674,0.9,1.7487150123449309,1.5951255676616496
2025-03,5,2025-08,2025-04-03T21:59:00+00:00,CORE_LEVELPHASE_FIXED080_R29B,0.07866386889394561,0.0640614990390808,2.493438320209967,2.5413093448581248,1.2445854882501195,1.1590599814909741,0.1755155238750816,0.3,1.9240766877167723,1.8946764656414974
2025-03,6,2025-09,2025-04-03T21:59:00+00:00,CORE_LEVELPHASE_FIXED080_R29B,-0.32972964434163843,-0.5761843790012655,2.305665349143618,2.6071654686325068,0.9143110377955392,0.5812092563965686,-0.5328793895254406,-0.7,1.389772431838793,1.1922149719450514
2025-03,7,2025-10,2025-04-03T21:59:00+00:00,CORE_LEVELPHASE_FIXED080_R29B,0.3626678449197262,0.5151320025756467,2.4950755088640726,2.641208268230392,1.27632282860631,1.095018993071055,0.49406723517683254,0.4,1.8826231601138577,1.5914170988987968
2025-03,8,2025-11,2025-04-03T21:59:00+00:00,CORE_LEVELPHASE_FIXED080_R29B,0.07425625099981156,-0.3203074951953821,2.099737532808387,2.650025895787903,1.3505515232927385,0.7741974153615452,0.04330121781214595,-0.1,1.9259150056541245,1.4913670655404434
2025-03,9,2025-12,2025-04-03T21:59:00+00:00,CORE_LEVELPHASE_FIXED080_R29B,-0.02611379439230623,-0.2570694087403624,2.1052631578947296,2.8932811845531017,1.3244343186554353,0.5167970158442575,0.11482187742597226,0.2,2.0406710131796344,1.691167331807749
2025-03,10,2026-01,2025-04-03T21:59:00+00:00,CORE_LEVELPHASE_FIXED080_R29B,1.0098021925806888,0.8376288659793785,1.62337662337662,2.582529666778486,2.329172074222886,1.3509372389532075,0.5019007682709069,0.4,2.5413164581108125,2.0903694587614945
2025-03,11,2026-02,2025-04-03T21:59:00+00:00,CORE_LEVELPHASE_FIXED080_R29B,0.20054241381341048,-0.0638977635782689,1.3609850939727857,2.5884036084261703,2.5295136701761076,1.2870190520534932,0.3800655962774539,0.5,2.920661629914308,2.589123609865402
2025-03,12,2026-03,2025-04-03T21:59:00+00:00,CORE_LEVELPHASE_FIXED080_R29B,-0.010331561599562432,0.5754475703324768,1.8782383419689104,2.551181097511603,2.5191815748339565,1.8608172473556328,-0.0806843848505512,0.2,2.839944677694931,2.7889238761327078
2025-03,1,2025-04,2025-04-03T21:59:00+00:00,CORE_LEVELPHASE_PANEL_R29B,0.1880103195421,-0.1295336787564882,1.8494055482166376,2.1335755498731555,0.1878338013544714,-0.1296176461446797,0.29327337856989344,0.2,0.2928441711596189,0.19980026626730563
2025-03,2,2025-05,2025-04-03T21:59:00+00:00,CORE_LEVELPHASE_PANEL_R29B,0.31576469595899814,0.5188067444876765,2.377807133421391,2.456077324180266,0.503101007586903,0.38784793285706903,0.1997547304198518,0.2,0.49239965710722977,0.39960053253461125
2025-03,3,2025-06,2025-04-03T21:59:00+00:00,CORE_LEVELPHASE_PANEL_R29B,0.21299165000043424,0.2580645161290418,2.913907284768222,2.9462851150273734,0.7158661519408753,0.6455800342871231,0.2984593718769772,0.3,0.7904145232273343,0.6991514305144592
2025-03,4,2025-07,2025-04-03T21:59:00+00:00,CORE_LEVELPHASE_PANEL_R29B,0.3749179153038493,0.4504504504504458,2.697368421052633,2.652431752240602,1.090083001762331,1.0950189930710497,0.8179263787457062,0.9,1.6050140128588901,1.5951255676616496
2025-03,5,2025-08,2025-04-03T21:59:00+00:00,CORE_LEVELPHASE_PANEL_R29B,0.05791498823170313,0.0640614990390808,2.493438320209967,2.4422979015317416,1.147981225737091,1.1590599814909741,0.1361596034241874,0.3,1.7410810031533026,1.8946764656414974
2025-03,6,2025-09,2025-04-03T21:59:00+00:00,CORE_LEVELPHASE_PANEL_R29B,-0.348151275993793,-0.5761843790012655,2.305665349143618,2.489144302349683,0.7992224928660242,0.5812092563965686,-0.5678210464600809,-0.7,1.1716417243057244,1.1922149719450514
2025-03,7,2025-10,2025-04-03T21:59:00+00:00,CORE_LEVELPHASE_PANEL_R29B,0.3462591463711263,0.5151320025756467,2.4950755088640726,2.50638602094203,1.144883542500376,1.095018993071055,0.4629436557754362,0.4,1.6335170917190203,1.5914170988987968
2025-03,8,2025-11,2025-04-03T21:59:00+00:00,CORE_LEVELPHASE_PANEL_R29B,0.06011448969076677,-0.3203074951953821,2.099737532808387,2.500705369796467,1.2049799706698208,0.7741974153615452,0.016477504177940274,-0.1,1.6499932385053484,1.4913670655404434
2025-03,9,2025-12,2025-04-03T21:59:00+00:00,CORE_LEVELPHASE_PANEL_R29B,-0.03799216587636857,-0.2570694087403624,2.1052631578947296,2.731399350555796,1.1669805859416555,0.5167970158442575,0.0922913009181211,0.2,1.7422419771878246,1.691167331807749
2025-03,10,2026-01,2025-04-03T21:59:00+00:00,CORE_LEVELPHASE_PANEL_R29B,1.0001602833667977,0.8376288659793785,1.62337662337662,2.4113601092328816,2.162172367535311,1.3509372389532075,0.48361225342551695,0.4,2.2246885831868735,2.0903694587614945
2025-03,11,2026-02,2025-04-03T21:59:00+00:00,CORE_LEVELPHASE_PANEL_R29B,0.19319191273022604,-0.0638977635782689,1.3609850939727857,2.4097111374003015,2.355177904692899,1.2870190520534932,0.3661233629293946,0.5,2.5901433459691456,2.589123609865402
2025-03,12,2026-03,2025-04-03T21:59:00+00:00,CORE_LEVELPHASE_PANEL_R29B,-0.017648323481489776,0.5754475703324768,1.8782383419689104,2.36506233218284,2.3375280237115494,1.8608172473556328,-0.09456262258639568,0.2,2.4955359847285443,2.7889238761327078
2025-04,1,2025-05,2025-05-05T21:59:00+00:00,CORE_LEVELPHASE_FIXED040_R29B,0.23833153704646212,0.5188067444876765,2.377807133421391,2.41753253637116,0.23804797788993678,0.5174655790017487,0.20476939882875778,0.2,0.2045600320592729,0.19980026626730563
2025-04,2,2025-06,2025-05-05T21:59:00+00:00,CORE_LEVELPHASE_FIXED040_R29B,0.18280386406115143,0.2580645161290418,2.913907284768222,2.876556420789501,0.42068495903550335,0.7751976804318028,0.30400050378701887,0.3,0.5080993886715534,0.49935116424715353
2025-04,3,2025-07,2025-05-05T21:59:00+00:00,CORE_LEVELPHASE_FIXED040_R29B,0.35218945428825443,0.4504504504504458,2.697368421052633,2.5596736665736977,0.7722556785852954,1.2246366392157295,0.8252171591602603,0.9,1.3299302478302963,1.3953253013943439
2025-04,4,2025-08,2025-05-05T21:59:00+00:00,CORE_LEVELPHASE_FIXED040_R29B,0.041759416390078706,0.0640614990390808,2.493438320209967,2.333204082268761,0.8140063781577316,1.288677627635654,0.1452187383431611,0.3,1.4750436457340004,1.6948761993741916
2025-04,5,2025-09,2025-05-05T21:59:00+00:00,CORE_LEVELPHASE_FIXED040_R29B,-0.36364975349182405,-0.5761843790012655,2.305665349143618,2.3640778182701956,0.44969381158317573,0.7108269025412484,-0.5623693679653067,-0.7,0.9110870276356839,0.9924147056777457
2025-04,6,2025-10,2025-05-05T21:59:00+00:00,CORE_LEVELPHASE_FIXED040_R29B,0.33380658197618285,0.5151320025756467,2.4950755088640726,2.368593392427523,0.7829444961264751,1.2246366392157346,0.46426877049318027,0.4,1.374281394801937,1.391616832631491
2025-04,7,2025-11,2025-05-05T21:59:00+00:00,CORE_LEVELPHASE_FIXED040_R29B,0.0519241620112816,-0.3203074951953821,2.099737532808387,2.3545415556943707,0.834855182209394,0.9038150615062249,0.013687799668917191,-0.1,1.3879682577770296,1.2915667992731377
2025-04,8,2025-12,2025-05-05T21:59:00+00:00,CORE_LEVELPHASE_FIXED040_R29B,-0.04730061433258703,-0.2570694087403624,2.1052631578947296,2.5753538793431816,0.7875433776073758,0.6464146619889372,0.0853253033534791,0.2,1.4732571797870704,1.4913670655404432
2025-04,9,2026-01,2025-05-05T21:59:00+00:00,CORE_LEVELPHASE_FIXED040_R29B,0.9893384336991372,0.8376288659793785,1.62337662337662,2.2448443790500874,1.772019899500156,1.4805548850978871,0.47231638931641284,0.4,1.9444616550390512,1.8905691924941885
2025-04,10,2026-02,2025-05-05T21:59:00+00:00,CORE_LEVELPHASE_FIXED040_R29B,0.18083878772280115,-0.0638977635782689,1.3609850939727857,2.2305922118254777,1.952695370750608,1.416636698198173,0.3505717415192001,0.5,2.2944203262448637,2.389323343598096
2025-04,11,2026-03,2025-05-05T21:59:00+00:00,CORE_LEVELPHASE_FIXED040_R29B,0.0009566728985274178,0.5754475703324768,1.8782383419689104,2.1653580673142137,1.9536520390730494,1.9904348935003127,-0.100654695159062,0.2,2.193714940229508,2.5891236098654016
2025-04,12,2026-04,2025-05-05T21:59:00+00:00,CORE_LEVELPHASE_FIXED040_R29B,0.2248045223378585,0.4450095359186168,2.464332036316472,2.2021003092071267,2.1782042541059914,2.434457189773769,0.29150755505178155,0.3,2.4847984359181976,2.8886745078452494
2025-04,1,2025-05,2025-05-05T21:59:00+00:00,CORE_LEVELPHASE_FIXED060_R29B,0.2499920798133802,0.5188067444876765,2.377807133421391,2.4294465816262054,0.24968011942287688,0.5174655790017487,0.22687827943996142,0.2,0.22662129928625543,0.19980026626730563
2025-04,2,2025-06,2025-05-05T21:59:00+00:00,CORE_LEVELPHASE_FIXED060_R29B,0.19447595406828685,0.2580645161290418,2.913907284768222,2.9005111912719372,0.443967213825726,0.7751976804318028,0.3261312784524237,0.3,0.5522219231255184,0.49935116424715353
2025-04,3,2025-07,2025-05-05T21:59:00+00:00,CORE_LEVELPHASE_FIXED060_R29B,0.3637357299325427,0.4504504504504458,2.697368421052633,2.5953576620423124,0.8070430251079526,1.2246366392157295,0.8471093844902728,0.9,1.3957634708960338,1.3953253013943439
2025-04,4,2025-08,2025-05-05T21:59:00+00:00,CORE_LEVELPHASE_FIXED060_R29B,0.053042611541428655,0.0640614990390808,2.493438320209967,2.3803549324022995,0.8600715740287532,1.288677627635654,0.16661215196896956,0.3,1.5622369787962995,1.6948761993741916
2025-04,5,2025-09,2025-05-05T21:59:00+00:00,CORE_LEVELPHASE_FIXED060_R29B,-0.3526301804695006,-0.5761843790012655,2.305665349143618,2.4225693641022485,0.506818187832708,0.7108269025412484,-0.5414757930085569,-0.7,1.0192898920793345,0.9924147056777457
2025-04,6,2025-10,2025-05-05T21:59:00+00:00,CORE_LEVELPHASE_FIXED060_R29B,0.3448723366078532,0.5151320025756467,2.4950755088640726,2.438384139805718,0.8510972035395539,1.2246366392157346,0.48524990772793825,0.4,1.5033662573205335,1.391616832631491
2025-04,7,2025-11,2025-05-05T21:59:00+00:00,CORE_LEVELPHASE_FIXED060_R29B,0.0628730007539994,-0.3203074951953821,2.099737532808387,2.435531177133698,0.9139504475031252,0.9038150615062249,0.03444725944988309,-0.1,1.5378075850641664,1.2915667992731377
2025-04,8,2025-12,2025-05-05T21:59:00+00:00,CORE_LEVELPHASE_FIXED060_R29B,-0.03641126741801276,-0.2570694087403624,2.1052631578947296,2.6677021364245426,0.8775325495735864,0.6464146619889372,0.10597196412053468,0.2,1.643723438536342,1.4913670655404432
2025-04,9,2026-01,2025-05-05T21:59:00+00:00,CORE_LEVELPHASE_FIXED060_R29B,1.0002283010471404,0.8376288659793785,1.62337662337662,2.347930256380733,1.8727916752756562,1.4805548850978871,0.4929640368471876,0.4,2.1354763862007133,1.8905691924941885
2025-04,10,2026-02,2025-05-05T21:59:00+00:00,CORE_LEVELPHASE_FIXED060_R29B,0.19167392554378226,-0.0638977635782689,1.3609850939727857,2.3447316980586956,2.064282140743451,1.416636698198173,0.3711156195597352,0.5,2.505905070769172,2.389323343598096
2025-04,11,2026-03,2025-05-05T21:59:00+00:00,CORE_LEVELPHASE_FIXED060_R29B,0.011701743281779583,0.5754475703324768,1.8782383419689104,2.2904146112804975,2.075983199424658,1.9904348935003127,-0.08028158877706033,0.2,2.4255912390667187,2.5891236098654016
2025-04,12,2026-04,2025-05-05T21:59:00+00:00,CORE_LEVELPHASE_FIXED060_R29B,0.23559177328763303,0.4450095359186168,2.464332036316472,2.338215361018204,2.3112978903975145,2.434457189773769,0.3119606375659408,0.3,2.737066289068311,2.8886745078452494
2025-04,1,2025-05,2025-05-05T21:59:00+00:00,CORE_LEVELPHASE_FIXED080_R29B,0.2616551953275781,0.5188067444876765,2.377807133421391,2.4413632555605607,0.2613134740791751,0.5174655790017487,0.2489920380884562,0.2,0.24868256651323795,0.19980026626730563
2025-04,2,2025-06,2025-05-05T21:59:00+00:00,CORE_LEVELPHASE_FIXED080_R29B,0.2061506193704507,0.2580645161290418,2.913907284768222,2.9244740365899404,0.46725189464301586,0.7751976804318028,0.3482669359857584,0.3,0.5963444575794834,0.49935116424715353
2025-04,3,2025-07,2025-05-05T21:59:00+00:00,CORE_LEVELPHASE_FIXED080_R29B,0.3752845126249213,0.4504504504504458,2.697368421052633,2.6310577680910363,0.8418339718133248,1.2246366392157295,0.8690063632891437,0.9,1.4615966939617706,1.3953253013943439
2025-04,4,2025-08,2025-05-05T21:59:00+00:00,CORE_LEVELPHASE_FIXED080_R29B,0.06432821705309269,0.0640614990390808,2.493438320209967,2.427532359906738,0.9061415071378541,1.288677627635654,0.1880101357395371,0.3,1.6494303118585982,1.6948761993741916
2025-04,5,2025-09,2025-05-05T21:59:00+00:00,CORE_LEVELPHASE_FIXED080_R29B,-0.34160829204330573,-0.5761843790012655,2.305665349143618,2.481100314907545,0.5639484017414794,0.7108269025412484,-0.520577827948466,-0.7,1.1274927565229849,0.9924147056777457
2025-04,6,2025-10,2025-05-05T21:59:00+00:00,CORE_LEVELPHASE_FIXED080_R29B,0.35594040223147483,0.5151320025756467,2.4950755088640726,2.5082295657057956,0.9192568353005032,1.2246366392157346,0.5062354267008509,0.4,1.6324511198391296,1.391616832631491
2025-04,7,2025-11,2025-05-05T21:59:00+00:00,CORE_LEVELPHASE_FIXED080_R29B,0.07382411210542236,-0.3203074951953821,2.099737532808387,2.5165930821620055,0.9930537108122427,0.9038150615062249,0.05521102819275092,-0.1,1.6876469123513027,1.2915667992731377
2025-04,8,2025-12,2025-05-05T21:59:00+00:00,CORE_LEVELPHASE_FIXED080_R29B,-0.025519674133643103,-0.2570694087403624,2.1052631578947296,2.760142842678938,0.9675307798556613,0.6464146619889372,0.1266228840994132,0.2,1.814189697285613,1.4913670655404432
2025-04,9,2026-01,2025-05-05T21:59:00+00:00,CORE_LEVELPHASE_FIXED080_R29B,1.011120406326454,0.8376288659793785,1.62337662337662,2.451130426706401,1.973573562376583,1.4805548850978871,0.5136159275900617,0.4,2.3264911173623752,1.8905691924941885
2025-04,10,2026-02,2025-05-05T21:59:00+00:00,CORE_LEVELPHASE_FIXED080_R29B,0.20251128154594655,-0.0638977635782689,1.3609850939727857,2.45901004976891,2.1758800662454227,1.416636698198173,0.3916637033652962,0.5,2.7173898152934806,2.389323343598096
2025-04,11,2026-03,2025-05-05T21:59:00+00:00,CORE_LEVELPHASE_FIXED080_R29B,0.022449004975308426,0.5754475703324768,1.8782383419689104,2.415636718526134,2.198326551808657,1.9904348935003127,-0.05990432757840411,0.2,2.6574675379039294,2.5891236098654016
2025-04,12,2026-04,2025-05-05T21:59:00+00:00,CORE_LEVELPHASE_FIXED080_R29B,0.24638122414983438,0.4450095359186168,2.464332036316472,2.474525249603122,2.444404755042794,2.434457189773769,0.3324178912067938,0.3,2.989334142218424,2.8886745078452494
2025-04,1,2025-05,2025-05-05T21:59:00+00:00,CORE_LEVELPHASE_PANEL_R29B,0.24002191822094765,0.5188067444876765,2.377807133421391,2.419259666764115,0.23973432571292286,0.5174655790017487,0.20797443278996885,0.2,0.20775846535269368,0.19980026626730563
2025-04,2,2025-06,2025-05-05T21:59:00+00:00,CORE_LEVELPHASE_PANEL_R29B,0.18449591919180441,0.2580645161290418,2.913907284768222,2.8800288730278565,0.4240602602281496,0.7751976804318028,0.30720871163968544,0.3,0.5144962552583949,0.49935116424715353
2025-04,3,2025-07,2025-05-05T21:59:00+00:00,CORE_LEVELPHASE_PANEL_R29B,0.3526824600800848,0.4504504504504458,2.697368421052633,2.563639290513426,0.7761222541422647,1.2246366392157295,0.8261519189231706,0.9,1.337254219219045,1.3953253013943439
2025-04,4,2025-08,2025-05-05T21:59:00+00:00,CORE_LEVELPHASE_PANEL_R29B,0.04104942863769778,0.0640614990390808,2.493438320209967,2.3364346714021926,0.817163259806981,1.288677627635654,0.1438725716366386,0.3,1.481023393433143,1.6948761993741916
2025-04,5,2025-09,2025-05-05T21:59:00+00:00,CORE_LEVELPHASE_PANEL_R29B,-0.36554588983300695,-0.5761843790012655,2.305665349143618,2.3653612740215304,0.45094761832151525,0.7108269025412484,-0.5659645223957429,-0.7,0.9134512231537069,0.9924147056777457
2025-04,6,2025-10,2025-05-05T21:59:00+00:00,CORE_LEVELPHASE_PANEL_R29B,0.33429962152178555,0.5151320025756467,2.4950755088640726,2.370379949575129,0.7846897008801065,1.2246366392157346,0.4652035942546657,0.4,1.3775760897140907,1.391616832631491
2025-04,7,2025-11,2025-05-05T21:59:00+00:00,CORE_LEVELPHASE_PANEL_R29B,0.05481304850928828,-0.3203074951953821,2.099737532808387,2.35928329116322,0.839487732525177,0.9038150615062249,0.019165250243941247,-0.1,1.3967395036585646,1.2915667992731377
2025-04,8,2025-12,2025-05-05T21:59:00+00:00,CORE_LEVELPHASE_PANEL_R29B,-0.042009773591661956,-0.2570694087403624,2.1052631578947296,2.5855357627078317,0.7974691323560256,0.6464146619889372,0.09535696042229679,0.2,1.4920510282132373,1.4913670655404432
2025-04,9,2026-01,2025-05-05T21:59:00+00:00,CORE_LEVELPHASE_PANEL_R29B,0.9972198202618862,0.8376288659793785,1.62337662337662,2.2629736157429985,1.789749526580587,1.4805548850978871,0.4872598304623018,0.4,1.9781275901351156,1.8905691924941885
2025-04,10,2026-02,2025-05-05T21:59:00+00:00,CORE_LEVELPHASE_PANEL_R29B,0.19127772267328902,-0.0638977635782689,1.3609850939727857,2.259373331388398,1.9808445463607776,1.416636698198173,0.37036440221619926,0.5,2.347807832136091,2.389323343598096
2025-04,11,2026-03,2025-05-05T21:59:00+00:00,CORE_LEVELPHASE_PANEL_R29B,0.013904348589883455,0.5754475703324768,1.8782383419689104,2.2073524581746042,1.9947479283857077,1.9904348935003127,-0.07610535626680107,0.2,2.271673501041164,2.5891236098654016
2025-04,12,2026-04,2025-05-05T21:59:00+00:00,CORE_LEVELPHASE_PANEL_R29B,0.23780302508537418,0.4450095359186168,2.464332036316472,2.257370196179356,2.2322686495403294,2.434457189773769,0.31615326418502654,0.3,2.5873280516502826,2.8886745078452494
2025-05,1,2025-06,2025-06-03T21:59:00+00:00,CORE_LEVELPHASE_FIXED040_R29B,0.17577562395829938,0.2580645161290418,2.913907284768222,2.5663198785289234,0.17562131940181272,0.2577321014300541,0.2841026216585697,0.3,0.28369981290686785,0.2995508979798479
2025-05,2,2025-07,2025-06-03T21:59:00+00:00,CORE_LEVELPHASE_FIXED040_R29B,0.34821713884890826,0.4504504504504458,2.697368421052633,2.2463452686704963,0.5232335861439653,0.7071710602139809,0.8062638375219642,0.9,1.0867307092815937,1.1955250351270383
2025-05,3,2025-08,2025-06-03T21:59:00+00:00,CORE_LEVELPHASE_FIXED040_R29B,0.0382447979057066,0.0640614990390808,2.493438320209967,2.0169834309136334,0.5614710725909468,0.7712120486339054,0.1268420228108922,0.3,1.2134923555590333,1.4950759331068864
2025-05,4,2025-09,2025-06-03T21:59:00+00:00,CORE_LEVELPHASE_FIXED040_R29B,-0.3705761947651653,-0.5761843790012655,2.305665349143618,2.0406676878580647,0.19020654318274108,0.19336132353949975,-0.5805032996439842,-0.7,0.6312975863094812,0.7926144394104404
2025-05,5,2025-10,2025-06-03T21:59:00+00:00,CORE_LEVELPHASE_FIXED040_R29B,0.3278301365831298,0.5151320025756467,2.4950755088640726,2.0390906117073038,0.517500488318794,0.707171060213986,0.446464962103721,0.4,1.076768850179762,1.1918165663641858
2025-05,6,2025-11,2025-06-03T21:59:00+00:00,CORE_LEVELPHASE_FIXED040_R29B,0.04170042762257732,-0.3203074951953821,2.099737532808387,2.014658644537433,0.5591922237294276,0.3863494825044762,-0.00362514374233168,-0.1,1.0731436407275066,1.0917665330058324
2025-05,7,2025-12,2025-06-03T21:59:00+00:00,CORE_LEVELPHASE_FIXED040_R29B,-0.05701140084313703,-0.2570694087403624,2.1052631578947296,2.2248052339961575,0.5021645652077128,0.12894908298718846,0.06823983256856865,0.2,1.141360200509269,1.2915667992731379
2025-05,8,2026-01,2025-06-03T21:59:00+00:00,CORE_LEVELPHASE_FIXED040_R29B,0.9798364023858813,0.8376288659793785,1.62337662337662,1.8858379569346302,1.477231699427371,0.9630893060961386,0.4554158697476533,0.4,1.5957421899663815,1.6907689262268832
2025-05,9,2026-02,2025-06-03T21:59:00+00:00,CORE_LEVELPHASE_FIXED040_R29B,0.17150057125962728,-0.0638977635782689,1.3609850939727857,1.862140010782688,1.6485853763830192,0.8991711191964245,0.33385671240788073,0.5,1.9290428381469455,2.1895230773307905
2025-05,10,2026-03,2025-06-03T21:59:00+00:00,CORE_LEVELPHASE_FIXED040_R29B,-0.008190497316955224,0.5754475703324768,1.8782383419689104,1.78782950983776,1.6403945436265162,1.472969314498564,-0.1172179085302026,0.2,1.8117561756931497,2.3893233435980963
2025-05,11,2026-04,2025-06-03T21:59:00+00:00,CORE_LEVELPHASE_FIXED040_R29B,0.19270923108601826,0.4450095359186168,2.464332036316472,2.116259000316929,1.8329183286833293,1.9169916107720204,0.2435012759985245,0.3,2.054961467720402,2.688874241577944
2025-05,12,2026-05,2025-06-03T21:59:00+00:00,CORE_LEVELPHASE_FIXED040_R29B,0.3014413435227654,0.18987341772152,2.129032258064519,2.1568368434983736,2.133906248763454,2.1066849967719876,0.18352712152828746,0.2,2.2383203839970673,2.88867450784525
2025-05,1,2025-06,2025-06-03T21:59:00+00:00,CORE_LEVELPHASE_FIXED060_R29B,0.18137181239436861,0.2580645161290418,2.913907284768222,2.5720496115872327,0.18120753233120399,0.2577321014300541,0.2947146460658905,0.3,0.2942812138362171,0.2995508979798479
2025-05,2,2025-07,2025-06-03T21:59:00+00:00,CORE_LEVELPHASE_FIXED060_R29B,0.35384246562776167,0.4504504504504458,2.697368421052633,2.257789179129263,0.5344254483540987,0.7071710602139809,0.8169311168243527,0.9,1.107893511140292,1.1955250351270383
2025-05,3,2025-08,2025-06-03T21:59:00+00:00,CORE_LEVELPHASE_FIXED060_R29B,0.04386268138492511,0.0640614990390808,2.493438320209967,2.0341313155052525,0.578278512876972,0.7712120486339054,0.13749518742105787,0.3,1.2452942604838266,1.4950759331068864
2025-05,4,2025-09,2025-06-03T21:59:00+00:00,CORE_LEVELPHASE_FIXED060_R29B,-0.36496774331348947,-0.5761843790012655,2.305665349143618,2.0635647069348484,0.21264313737207355,0.19336132353949975,-0.5698680209409206,-0.7,0.6737962964371151,0.7926144394104404
2025-05,5,2025-10,2025-06-03T21:59:00+00:00,CORE_LEVELPHASE_FIXED060_R29B,0.33352708937000736,0.5151320025756467,2.4950755088640726,2.0677827009840444,0.5456152587819898,0.707171060213986,0.4572680654502843,0.4,1.1300220676469825,1.1918165663641858
2025-05,6,2025-11,2025-06-03T21:59:00+00:00,CORE_LEVELPHASE_FIXED060_R29B,0.047382923152705494,-0.3203074951953821,2.099737532808387,2.0491400552742425,0.5929869597724486,0.3863494825044762,0.0071505443798803225,-0.1,1.1371723563876246,1.0917665330058324
2025-05,7,2025-12,2025-06-03T21:59:00+00:00,CORE_LEVELPHASE_FIXED060_R29B,-0.051313743289730304,-0.2570694087403624,2.1052631578947296,2.2651873868366907,0.5416600464759246,0.12894908298718846,0.07904427236040981,0.2,1.2161854052155956,1.2915667992731379
2025-05,8,2026-01,2025-06-03T21:59:00+00:00,CORE_LEVELPHASE_FIXED060_R29B,0.9855672258767953,0.8376288659793785,1.62337662337662,1.931870731784632,1.5224022353232562,0.9630893060961386,0.4662832019424825,0.4,1.6813848745722275,1.6907689262268832
2025-05,9,2026-02,2025-06-03T21:59:00+00:00,CORE_LEVELPHASE_FIXED060_R29B,0.1772312934119069,-0.0638977635782689,1.3609850939727857,1.9139921537326996,1.6994766593986947,0.8991711191964245,0.3447238524347597,0.5,2.02551591631738,2.1895230773307905
2025-05,10,2026-03,2025-06-03T21:59:00+00:00,CORE_LEVELPHASE_FIXED060_R29B,-0.002478736283924428,0.5754475703324768,1.8782383419689104,1.8454611391549889,1.6969978923935949,1.472969314498564,-0.10638672437982016,0.2,1.9190725610932422,2.3893233435980963
2025-05,11,2026-04,2025-06-03T21:59:00+00:00,CORE_LEVELPHASE_FIXED060_R29B,0.19844844698416714,0.4450095359186168,2.464332036316472,2.179929296478012,1.8952496905685696,1.9169916107720204,0.2543845226736166,0.3,2.173134074015222,2.688874241577944
2025-05,12,2026-05,2025-06-03T21:59:00+00:00,CORE_LEVELPHASE_FIXED060_R29B,0.3071771257357732,0.18987341772152,2.129032258064519,2.226377966550804,2.2019559913028632,2.1066849967719876,0.19440385692325737,0.2,2.367349211186615,2.88867450784525
2025-05,1,2025-06,2025-06-03T21:59:00+00:00,CORE_LEVELPHASE_FIXED080_R29B,0.18696859301690333,0.2580645161290418,2.913907284768222,2.5777799509636474,0.18679402430160824,0.2577321014300541,0.305327793433472,0.3,0.3048626147655663,0.2995508979798479
2025-05,2,2025-07,2025-06-03T21:59:00+00:00,CORE_LEVELPHASE_FIXED080_R29B,0.3594683876764883,0.4504504504504458,2.697368421052633,2.2692349410712116,0.5456178685275526,0.7071710602139809,0.8275995249340529,0.9,1.1290563129989906,1.1955250351270383
2025-05,3,2025-08,2025-06-03T21:59:00+00:00,CORE_LEVELPHASE_FIXED080_R29B,0.0494811625883528,0.0640614990390808,2.493438320209967,2.051282939754061,0.5950867932254504,0.7712120486339054,0.1481494854926802,0.3,1.2770961654086201,1.4950759331068864
2025-05,4,2025-09,2025-06-03T21:59:00+00:00,CORE_LEVELPHASE_FIXED080_R29B,-0.35935869190459924,-0.5761843790012655,2.305665349143618,2.0864680127063795,0.23508085688894922,0.19336132353949975,-0.5592316045419636,-0.7,0.7162950065647494,0.7926144394104404
2025-05,5,2025-10,2025-06-03T21:59:00+00:00,CORE_LEVELPHASE_FIXED080_R29B,0.3392246548690371,0.5151320025756467,2.4950755088640726,2.0964843013148586,0.5737314428148874,0.707171060213986,0.4680723306798664,0.4,1.1832752851142032,1.1918165663641858
2025-05,6,2025-11,2025-06-03T21:59:00+00:00,CORE_LEVELPHASE_FIXED080_R29B,0.05306603103302813,-0.3203074951953821,2.099737532808387,2.083634859359553,0.6267833988088238,0.3863494825044762,0.01792739369873245,-0.1,1.2012010720477426,1.0917665330058324
2025-05,7,2025-12,2025-06-03T21:59:00+00:00,CORE_LEVELPHASE_FIXED080_R29B,-0.045615470556141596,-0.2570694087403624,2.1052631578947296,2.305587531402275,0.5811575212319839,0.12894908298718846,0.0898498787153824,0.2,1.291010609921922,1.2915667992731379
2025-05,8,2026-01,2025-06-03T21:59:00+00:00,CORE_LEVELPHASE_FIXED080_R29B,0.9912986693319202,0.8376288659793785,1.62337662337662,1.9779266351071294,1.567575056541654,0.9630893060961386,0.4771517097723736,0.4,1.7670275591780735,1.6907689262268832
2025-05,9,2026-02,2025-06-03T21:59:00+00:00,CORE_LEVELPHASE_FIXED080_R29B,0.18296263625756093,-0.0638977635782689,1.3609850939727857,1.9658733199238294,1.7503705200459414,0.8991711191964245,0.3555921694794096,0.5,2.121988994487815,2.1895230773307905
2025-05,10,2026-03,2025-06-03T21:59:00+00:00,CORE_LEVELPHASE_FIXED080_R29B,0.003233644126483308,0.5754475703324768,1.8782383419689104,1.9031283245027661,1.7536041118912802,1.472969314498564,-0.09555436570718628,0.2,2.0263889464933356,2.3893233435980963
2025-05,11,2026-04,2025-06-03T21:59:00+00:00,CORE_LEVELPHASE_FIXED080_R29B,0.20418828597809324,0.4450095359186168,2.464332036316472,2.243642527046542,1.9575842169279496,1.9169916107720204,0.26526895092214414,0.3,2.2913066803100426,2.688874241577944
2025-05,12,2026-05,2025-06-03T21:59:00+00:00,CORE_LEVELPHASE_FIXED080_R29B,0.31291353067176964,0.18987341772152,2.129032258064519,2.295969965938954,2.2700091921168215,2.1066849967719876,0.20528177318474547,0.2,2.4963780383761622,2.88867450784525
2025-05,1,2025-06,2025-06-03T21:59:00+00:00,CORE_LEVELPHASE_PANEL_R29B,0.1765993895845644,0.2580645161290418,2.913907284768222,2.5671633020831934,0.17644363620860276,0.2577321014300541,0.2856647243346505,0.3,0.28525747804930945,0.2995508979798479
2025-05,2,2025-07,2025-06-03T21:59:00+00:00,CORE_LEVELPHASE_PANEL_R29B,0.34904519367405695,0.4504504504504458,2.697368421052633,2.2480297857724785,0.5248810809482325,0.7071710602139809,0.807834073784639,0.9,1.0898460395664769,1.1955250351270383
2025-05,3,2025-08,2025-06-03T21:59:00+00:00,CORE_LEVELPHASE_PANEL_R29B,0.03846795983179599,0.0640614990390808,2.493438320209967,2.0188917490386324,0.5633416437572887,0.7712120486339054,0.1272652036657722,0.3,1.2170303297144884,1.4950759331068864
2025-05,4,2025-09,2025-06-03T21:59:00+00:00,CORE_LEVELPHASE_PANEL_R29B,-0.3709496806875334,-0.5761843790012655,2.305665349143618,2.042193916786844,0.19170223852610035,0.19336132353949975,-0.5812115391482896,-0.7,0.6341231830636384,0.7926144394104404
2025-05,5,2025-10,2025-06-03T21:59:00+00:00,CORE_LEVELPHASE_PANEL_R29B,0.32685158130795716,0.5151320025756467,2.4950755088640726,2.0396215559747053,0.5180208211470078,0.707171060213986,0.4446093325832578,0.4,1.0777470482607518,1.1918165663641858
2025-05,6,2025-11,2025-06-03T21:59:00+00:00,CORE_LEVELPHASE_PANEL_R29B,0.04196770471278688,-0.3203074951953821,2.099737532808387,2.0154620112525845,0.5599797218817325,0.3863494825044762,-0.0031183075202809037,-0.1,1.0746286921202512,1.0917665330058324
2025-05,7,2025-12,2025-06-03T21:59:00+00:00,CORE_LEVELPHASE_PANEL_R29B,-0.05550156265933301,-0.2570694087403624,2.1052631578947296,2.2271545773550567,0.5044627514037943,0.12894908298718846,0.0711029312366484,0.2,1.1457063571986907,1.2915667992731379
2025-05,8,2026-01,2025-06-03T21:59:00+00:00,CORE_LEVELPHASE_PANEL_R29B,0.9825992875598472,0.8376288659793785,1.62337662337662,1.890967248237522,1.4822659242978715,0.9630893060961386,0.4606551152154746,0.4,1.6053037039374027,1.6907689262268832
2025-05,9,2026-02,2025-06-03T21:59:00+00:00,CORE_LEVELPHASE_PANEL_R29B,0.17564610419435753,-0.0638977635782689,1.3609850939727857,1.8714838202280641,1.6577579511168568,0.8991711191964245,0.3417178659746841,0.5,1.9464390411052446,2.1895230773307905
2025-05,10,2026-03,2025-06-03T21:59:00+00:00,CORE_LEVELPHASE_PANEL_R29B,-0.0026838054430892034,0.5754475703324768,1.8782383419689104,1.8027726182486543,1.6550741096590649,1.472969314498564,-0.10677559601041413,0.2,1.839606399344405,2.3893233435980963
2025-05,11,2026-04,2025-06-03T21:59:00+00:00,CORE_LEVELPHASE_PANEL_R29B,0.1996206254324292,0.4450095359186168,2.464332036316472,2.1382954411608623,1.8544957578767083,1.9169916107720204,0.2566073188579834,0.3,2.0958850437702923,2.688874241577944
2025-05,12,2026-05,2025-06-03T21:59:00+00:00,CORE_LEVELPHASE_PANEL_R29B,0.30834860288758786,0.18987341772152,2.129032258064519,2.1859185902721836,2.1623699414531434,2.1066849967719876,0.1966253232426452,0.2,2.2923173124455922,2.88867450784525
2025-06,1,2025-07,2025-07-03T21:59:00+00:00,CORE_LEVELPHASE_FIXED040_R29B,0.40376044667964445,0.4504504504504458,2.697368421052633,2.6045582975410158,0.40294752163332603,0.44943895878392676,0.8038519528315808,0.9,0.8006382736821159,0.8959741371471904
2025-06,2,2025-08,2025-07-03T21:59:00+00:00,CORE_LEVELPHASE_FIXED040_R29B,0.03412128927612985,0.0640614990390808,2.493438320209967,2.370173103311069,0.43706299092141226,0.5134799472038513,0.12482490620991607,0.3,0.9253853383763128,1.1955250351270383
2025-06,3,2025-09,2025-07-03T21:59:00+00:00,CORE_LEVELPHASE_FIXED040_R29B,-0.37568831173588985,-0.5761843790012655,2.305665349143618,2.388685388844131,0.06066719814272585,-0.06437077789055437,-0.5824075883966964,-0.7,0.34127514302464323,0.4930635414305924
2025-06,4,2025-10,2025-07-03T21:59:00+00:00,CORE_LEVELPHASE_FIXED040_R29B,0.32520507179468466,0.5151320025756467,2.4950755088640726,2.38442398855478,0.38534462189312535,0.44943895878393186,0.4446076636964037,0.4,0.7848973467220713,0.8922656683843377
2025-06,5,2025-11,2025-07-03T21:59:00+00:00,CORE_LEVELPHASE_FIXED040_R29B,0.03885018756599099,-0.3203074951953821,2.099737532808387,2.3569930486504083,0.42418726472777835,0.12861738107442208,-0.005544115495872561,-0.1,0.7793530775344351,0.7922156350259844
2025-06,6,2025-12,2025-07-03T21:59:00+00:00,CORE_LEVELPHASE_FIXED040_R29B,-0.06022603770704365,-0.2570694087403624,2.1052631578947296,2.564545770282774,0.363943083857674,-0.12878301844286566,0.0663798929039947,0.2,0.8457109487323045,0.99201590129329
2025-06,7,2026-01,2025-07-03T21:59:00+00:00,CORE_LEVELPHASE_FIXED040_R29B,0.9799239798356221,0.8376288659793785,1.62337662337662,2.224540604301819,1.3390969457002755,0.7053572046660844,0.4535925143333263,0.4,1.298277832506459,1.3912180282470352
2025-06,8,2026-02,2025-07-03T21:59:00+00:00,CORE_LEVELPHASE_FIXED040_R29B,0.17097380061421324,-0.0638977635782689,1.3609850939727857,2.200226436332769,1.5099247524957722,0.6414390177663701,0.33204150379559444,0.5,1.6297692957398329,1.8899721793509425
2025-06,9,2026-03,2025-07-03T21:59:00+00:00,CORE_LEVELPHASE_FIXED040_R29B,-0.00900512106331166,0.5754475703324768,1.8782383419689104,2.1248372863717915,1.5009192259470905,1.2152372130685096,-0.11899651284176017,0.2,1.510701925830526,2.089772445618248
2025-06,10,2026-04,2025-07-03T21:59:00+00:00,CORE_LEVELPHASE_FIXED040_R29B,0.19140358875073932,0.4450095359186168,2.464332036316472,2.453019054522169,1.6921398714316847,1.659259509341966,0.24173617835792316,0.3,1.752146392309664,2.389323343598096
2025-06,11,2026-05,2025-07-03T21:59:00+00:00,CORE_LEVELPHASE_FIXED040_R29B,0.3388663794367382,0.18987341772152,2.129032258064519,2.2696162242826183,2.030433392537589,1.8489528953419332,0.18095679803755288,0.2,1.9329396607822928,2.5891236098654016
2025-06,12,2026-06,2025-07-03T21:59:00+00:00,CORE_LEVELPHASE_FIXED040_R29B,0.19366288539730636,-0.3158559696778251,1.544401544401539,2.2488221886745228,2.223908993130781,1.5325970478226754,0.28317260195222194,0.3,2.215712084407617,2.8886745078452494
2025-06,1,2025-07,2025-07-03T21:59:00+00:00,CORE_LEVELPHASE_FIXED060_R29B,0.40884776386551447,0.4504504504504458,2.697368421052633,2.60975712605554,0.4080142524848316,0.44943895878392676,0.8135047709630767,0.9,0.8102136577618657,0.8959741371471904
2025-06,2,2025-08,2025-07-03T21:59:00+00:00,CORE_LEVELPHASE_FIXED060_R29B,0.03917433767269242,0.0640614990390808,2.493438320209967,2.3805313678292475,0.4471809190172104,0.5134799472038513,0.13441270178066222,0.3,0.9445361065358122,1.1955250351270383
2025-06,3,2025-09,2025-07-03T21:59:00+00:00,CORE_LEVELPHASE_FIXED060_R29B,-0.3706294018116858,-0.5761843790012655,2.305665349143618,2.404245337073735,0.07586298464218279,-0.06437077789055437,-0.5728086709992135,-0.7,0.37008059482669775,0.4930635414305924
2025-06,4,2025-10,2025-07-03T21:59:00+00:00,CORE_LEVELPHASE_FIXED060_R29B,0.3303582249344617,0.5151320025756467,2.4950755088640726,2.4052430122497106,0.4056767256281921,0.44943895878393186,0.454385400811002,0.4,0.8234367817294862,0.8922656683843377
2025-06,5,2025-11,2025-07-03T21:59:00+00:00,CORE_LEVELPHASE_FIXED060_R29B,0.04402204132854334,-0.3203074951953821,2.099737532808387,2.38309926867566,0.4496890800989192,0.12861738107442208,0.0042691047042107055,-0.1,0.8277057953100154,0.7922156350259844
2025-06,6,2025-12,2025-07-03T21:59:00+00:00,CORE_LEVELPHASE_FIXED060_R29B,-0.055035248842754035,-0.2570694087403624,2.1052631578947296,2.5960334027865963,0.3946386813042918,-0.12878301844286566,0.07622904109651352,0.2,0.9039057968297867,0.99201590129329
2025-06,7,2026-01,2025-07-03T21:59:00+00:00,CORE_LEVELPHASE_FIXED060_R29B,0.9851501287274812,0.8376288659793785,1.62337662337662,2.261216041586777,1.3749678428031264,0.7053572046660844,0.46350875563264055,0.4,1.3663436584795794,1.3912180282470352
2025-06,8,2026-02,2025-07-03T21:59:00+00:00,CORE_LEVELPHASE_FIXED060_R29B,0.1762088812469561,-0.0638977635782689,1.3609850939727857,2.242236198922694,1.5510216583339165,0.6414390177663701,0.3419746924302522,0.5,1.7077349471423275,1.8899721793509425
2025-06,9,2026-03,2025-07-03T21:59:00+00:00,CORE_LEVELPHASE_FIXED060_R29B,-0.0037842314337258893,0.5754475703324768,1.8782383419689104,2.1721505570689,1.5472373552963465,1.2152372130685096,-0.10909025061400296,0.2,1.598585149804043,2.089772445618248
2025-06,10,2026-04,2025-07-03T21:59:00+00:00,CORE_LEVELPHASE_FIXED060_R29B,0.1966527110769762,0.4450095359186168,2.464332036316472,2.505854465334747,1.7436969580565016,1.659259509341966,0.25169601009514436,0.3,1.8499649359958512,2.389323343598096
2025-06,11,2026-05,2025-07-03T21:59:00+00:00,CORE_LEVELPHASE_FIXED060_R29B,0.34412169019204075,0.18987341772152,2.129032258064519,2.3277162508768883,2.0872279044240636,1.8489528953419332,0.19092837187343012,0.2,2.040711271322798,2.5891236098654016
2025-06,12,2026-06,2025-07-03T21:59:00+00:00,CORE_LEVELPHASE_FIXED060_R29B,0.19892355820774238,-0.3158559696778251,1.544401544401539,2.3122820310105205,2.285953871714953,1.5325970478226754,0.2931543499017082,0.3,2.3334367618024396,2.8886745078452494
2025-06,1,2025-07,2025-07-03T21:59:00+00:00,CORE_LEVELPHASE_FIXED080_R29B,0.41393556820486743,0.4504504504504458,2.697368421052633,2.6149564524016973,0.4130812117770237,0.44943895878392676,0.823158513433237,0.9,0.8197890418416154,0.8959741371471904
2025-06,2,2025-08,2025-07-03T21:59:00+00:00,CORE_LEVELPHASE_FIXED080_R29B,0.04422786994121265,0.0640614990390808,2.493438320209967,2.390891148333439,0.4572993040786936,0.5134799472038513,0.14400141546361478,0.3,0.9636868746953118,1.1955250351270383
2025-06,3,2025-09,2025-07-03T21:59:00+00:00,CORE_LEVELPHASE_FIXED080_R29B,-0.3655700034421544,-0.5761843790012655,2.305665349143618,2.419808355990743,0.09105946051144719,-0.06437077789055437,-0.5632088268118844,-0.7,0.39888604662875216,0.4930635414305924
2025-06,4,2025-10,2025-07-03T21:59:00+00:00,CORE_LEVELPHASE_FIXED080_R29B,0.33551187970571383,0.5151320025756467,2.4950755088640726,2.4260672172940985,0.4260097548831397,0.44943895878393186,0.46416408973521245,0.4,0.8619762167369008,0.8922656683843377
2025-06,5,2025-11,2025-07-03T21:59:00+00:00,CORE_LEVELPHASE_FIXED080_R29B,0.049194402644633185,-0.3203074951953821,2.099737532808387,2.409213340769664,0.47519206104854633,0.12861738107442208,0.014083287950593328,-0.1,0.8760585130855957,0.7922156350259844
2025-06,6,2025-12,2025-07-03T21:59:00+00:00,CORE_LEVELPHASE_FIXED080_R29B,-0.04984394906911789,-0.2570694087403624,2.1052631578947296,2.627532146063251,0.42533568575381514,-0.12878301844286566,0.08607915870273775,0.2,0.9621006449272688,0.99201590129329
2025-06,7,2026-01,2025-07-03T21:59:00+00:00,CORE_LEVELPHASE_FIXED080_R29B,0.990376793516803,0.8376288659793785,1.62337662337662,2.2979063249735288,1.4108403899237185,0.7053572046660844,0.4734259758102513,0.4,1.4344094844526998,1.3912180282470352
2025-06,8,2026-02,2025-07-03T21:59:00+00:00,CORE_LEVELPHASE_FIXED080_R29B,0.18144448016919715,-0.0638977635782689,1.3609850939727857,2.284265167314603,1.5921204584431963,0.6414390177663701,0.3519088644819219,0.5,1.7857005985448224,1.8899721793509425
2025-06,9,2026-03,2025-07-03T21:59:00+00:00,CORE_LEVELPHASE_FIXED080_R29B,0.0014371760070544795,0.5754475703324768,1.8782383419689104,2.219487934426726,1.5935576241229752,1.2152372130685096,-0.09918300587678049,0.2,1.68646837377756,2.089772445618248
2025-06,10,2026-04,2025-07-03T21:59:00+00:00,CORE_LEVELPHASE_FIXED080_R29B,0.2019023549462063,0.4450095359186168,2.464332036316472,2.5587195701250205,1.7952564301984448,1.659259509341966,0.2616568314226501,0.3,1.9477834796820381,2.389323343598096
2025-06,11,2026-05,2025-07-03T21:59:00+00:00,CORE_LEVELPHASE_FIXED080_R29B,0.34937752403796757,0.18987341772152,2.129032258064519,2.3858519797719397,2.144025048805224,1.8489528953419332,0.20090093823611024,0.2,2.1484828818633024,2.5891236098654016
2025-06,12,2026-06,2025-07-03T21:59:00+00:00,CORE_LEVELPHASE_FIXED080_R29B,0.2041847546425182,-0.3158559696778251,1.544401544401539,2.37578420695719,2.3480016297021367,1.5325970478226754,0.30313709139068423,0.3,2.4511614391972616,2.8886745078452494
2025-06,1,2025-07,2025-07-03T21:59:00+00:00,CORE_LEVELPHASE_PANEL_R29B,0.4045108111804076,0.4504504504504458,2.697368421052633,2.6053251096386947,0.40369486584984304,0.44943895878392676,0.805275715454111,0.9,0.8020506726533535,0.8959741371471904
2025-06,2,2025-08,2025-07-03T21:59:00+00:00,CORE_LEVELPHASE_PANEL_R29B,0.034866599230057964,0.0640614990390808,2.493438320209967,2.3717008842799903,0.43855538809370964,0.5134799472038513,0.12623907819369642,0.3,0.9282101363187878,1.1955250351270383
2025-06,3,2025-09,2025-07-03T21:59:00+00:00,CORE_LEVELPHASE_PANEL_R29B,-0.37548930114530815,-0.5761843790012655,2.305665349143618,2.3904179818774565,0.062359356185072566,-0.06437077789055437,-0.5820299801275556,-0.7,0.3444797606176111,0.4930635414305924
2025-06,4,2025-10,2025-07-03T21:59:00+00:00,CORE_LEVELPHASE_PANEL_R29B,0.32485951994983037,0.5151320025756467,2.4950755088640726,2.3858038590622113,0.3866923476069226,0.44943895878393186,0.44395200394657613,0.4,0.7874492046447875,0.8922656683843377
2025-06,5,2025-11,2025-07-03T21:59:00+00:00,CORE_LEVELPHASE_PANEL_R29B,0.03796202140488518,-0.3203074951953821,2.099737532808387,2.357463790088196,0.424647165259531,0.12861738107442208,-0.007229346848758441,-0.1,0.7802195964661547,0.7922156350259844
2025-06,6,2025-12,2025-07-03T21:59:00+00:00,CORE_LEVELPHASE_PANEL_R29B,-0.0599803176275496,-0.2570694087403624,2.1052631578947296,2.5652696409761178,0.3646488522433139,-0.12878301844286566,0.06684612906579736,0.2,0.8470433934586268,0.99201590129329
2025-06,7,2026-01,2025-07-03T21:59:00+00:00,CORE_LEVELPHASE_PANEL_R29B,0.9813095904353414,0.8376288659793785,1.62337662337662,2.226664774023841,1.3411748691032386,0.7053572046660844,0.4562216106981672,0.4,1.3022274678129833,1.3912180282470352
2025-06,8,2026-02,2025-07-03T21:59:00+00:00,CORE_LEVELPHASE_PANEL_R29B,0.17349532061815168,-0.0638977635782689,1.3609850939727857,2.2049227549574857,1.5145198604410703,0.6414390177663701,0.33682590648244676,0.5,1.6384873864121583,1.8899721793509425
2025-06,9,2026-03,2025-07-03T21:59:00+00:00,CORE_LEVELPHASE_PANEL_R29B,-0.005228612560512878,0.5754475703324768,1.8782383419689104,2.133387418446257,1.509291111183846,1.2152372130685096,-0.11183085982314853,0.2,1.5265939492247458,2.089772445618248
2025-06,10,2026-04,2025-07-03T21:59:00+00:00,CORE_LEVELPHASE_PANEL_R29B,0.19646466451714256,0.4450095359186168,2.464332036316472,2.4667724152103627,1.705563036280919,1.659259509341966,0.2513392052850631,0.3,1.7776178257818709,2.389323343598096
2025-06,11,2026-05,2025-07-03T21:59:00+00:00,CORE_LEVELPHASE_PANEL_R29B,0.34519457441767515,0.18987341772152,2.129032258064519,2.289795794663191,2.050163181792326,1.8489528953419332,0.19296409245616952,0.2,1.9703959816885797,2.5891236098654016
2025-06,12,2026-06,2025-07-03T21:59:00+00:00,CORE_LEVELPHASE_PANEL_R29B,0.19999753710972185,-0.3158559696778251,1.544401544401539,2.2754635188657035,2.2499609900852717,1.5325970478226754,0.2951921475540082,0.3,2.2651532927479834,2.8886745078452494
2025-07,1,2025-08,2025-08-04T21:59:00+00:00,CORE_LEVELPHASE_FIXED040_R29B,0.03502017582210637,0.0640614990390808,2.493438320209967,2.4965874963895502,0.035014045189797026,0.06404098841992446,0.12356401025371425,0.3,0.12348773275845328,0.2995508979798479
2025-07,2,2025-09,2025-08-04T21:59:00+00:00,CORE_LEVELPHASE_FIXED040_R29B,-0.3735555238919816,-0.5761843790012655,2.305665349143618,2.5173173174979686,-0.3392409398097407,-0.5138097366744812,-0.583312960474766,-0.7,-0.46153314266365,-0.40291059571659804
2025-07,3,2025-10,2025-08-04T21:59:00+00:00,CORE_LEVELPHASE_FIXED040_R29B,0.3253945261708434,0.5151320025756467,2.4950755088640726,2.513244149478081,-0.014374675979582233,5.117434254131581e-15,0.44377576077839315,0.4,-0.018739162981801227,-0.0037084687628526902
2025-07,4,2025-11,2025-08-04T21:59:00+00:00,CORE_LEVELPHASE_FIXED040_R29B,0.04065357531334742,-0.3203074951953821,2.099737532808387,2.487626194163308,0.02627063800677709,-0.32082157770950465,-0.00630755872181411,-0.1,-0.025046920638465815,-0.10375850212120603
2025-07,5,2025-12,2025-08-04T21:59:00+00:00,CORE_LEVELPHASE_FIXED040_R29B,-0.0584633007916764,-0.2570694087403624,2.1052631578947296,2.697255146421349,-0.03220975923635457,-0.5782219772267924,0.06551503757338863,0.2,0.04044666520307703,0.09604176414609959
2025-07,6,2026-01,2025-08-04T21:59:00+00:00,CORE_LEVELPHASE_FIXED040_R29B,0.9781685174346123,0.8376288659793785,1.62337662337662,2.355030645513237,0.9412056603588012,0.2559182458821577,0.45276763619343924,0.4,0.4921923921564384,0.49524389109984496
2025-07,7,2026-02,2025-08-04T21:59:00+00:00,CORE_LEVELPHASE_FIXED040_R29B,0.173719778154395,-0.0638977635782689,1.3609850939727857,2.333490621923494,1.1147747202329816,0.1920000589824434,0.33125179221538914,0.5,0.822896754204301,0.9939980422037523
2025-07,8,2026-03,2025-08-04T21:59:00+00:00,CORE_LEVELPHASE_FIXED040_R29B,-0.007119094612271943,0.5754475703324768,1.8782383419689104,2.2599319548102814,1.1076553722011415,0.7657982542845829,-0.1197891704407632,0.2,0.7030357791882988,1.193798308471058
2025-07,9,2026-04,2025-08-04T21:59:00+00:00,CORE_LEVELPHASE_FIXED040_R29B,0.19296238059250534,0.4450095359186168,2.464332036316472,2.59014394139142,1.300431819541092,1.2098205505580395,0.2409625616763931,0.3,0.94370849160946,1.493349206450906
2025-07,10,2026-05,2025-08-04T21:59:00+00:00,CORE_LEVELPHASE_FIXED040_R29B,0.3399603207830684,0.18987341772152,2.129032258064519,2.4076121252518004,1.6398155815700963,1.3995139365580065,0.18020088714872087,0.2,1.123747211747902,1.6931494727182117
2025-07,11,2026-06,2025-08-04T21:59:00+00:00,CORE_LEVELPHASE_FIXED040_R29B,0.1937653001521493,-0.3158559696778251,1.544401544401539,2.3419343246529256,1.8333933989098876,1.0831580890387487,0.2790831947937414,0.3,1.402441692449417,1.9927003706980595
2025-07,12,2026-07,2025-08-04T21:59:00+00:00,CORE_LEVELPHASE_FIXED040_R29B,0.36298234625304504,0.6337135614702172,1.7296604740550945,2.2200018592644613,2.195718554089407,1.714872129164898,0.8042230160214761,1.0,2.203448069631309,2.987733456014868
2025-07,1,2025-08,2025-08-04T21:59:00+00:00,CORE_LEVELPHASE_FIXED060_R29B,0.03980372788897395,0.0640614990390808,2.493438320209967,2.501488757588913,0.039795808306660956,0.06404098841992446,0.13263392557357115,0.3,0.13254604448068538,0.2995508979798479
2025-07,2,2025-09,2025-08-04T21:59:00+00:00,CORE_LEVELPHASE_FIXED060_R29B,-0.3688057439228991,-0.5761843790012655,2.305665349143618,2.527107408612205,-0.32969170077556337,-0.5138097366744812,-0.574307079174567,-0.7,-0.44341651921918546,-0.40291059571659804
2025-07,3,2025-10,2025-08-04T21:59:00+00:00,CORE_LEVELPHASE_FIXED060_R29B,0.3302364749960478,0.5151320025756467,2.4950755088640726,2.527981863889249,6.91084977655701e-07,5.117434254131581e-15,0.4529564000217414,0.4,0.0085171205765876,-0.0037084687628526902
2025-07,4,2025-11,2025-08-04T21:59:00+00:00,CORE_LEVELPHASE_FIXED060_R29B,0.04551673269879694,-0.3203074951953821,2.099737532808387,2.5073430510395482,0.045507068061268585,-0.32082157770950465,0.0029132932845167096,-0.1,0.011430371425539682,-0.10375850212120603
2025-07,5,2025-12,2025-08-04T21:59:00+00:00,CORE_LEVELPHASE_FIXED060_R29B,-0.05355371440724042,-0.2570694087403624,2.1052631578947296,2.7220582627726455,-0.008060991469398808,-0.5782219772267924,0.07482392187942194,0.2,0.0862263141643915,0.09604176414609959
2025-07,6,2026-01,2025-08-04T21:59:00+00:00,CORE_LEVELPHASE_FIXED060_R29B,0.9831127835382114,0.8376288659793785,1.62337662337662,2.384764001677052,0.9702506795980566,0.2559182458821577,0.4621422754262987,0.4,0.5473039908907055,0.49524389109984496
2025-07,7,2026-02,2025-08-04T21:59:00+00:00,CORE_LEVELPHASE_FIXED060_R29B,0.17867372397471576,-0.0638977635782689,1.3609850939727857,2.3682799451357264,1.148764971954601,0.1920000589824434,0.34064478479943167,0.5,0.8873698955871647,0.9939980422037523
2025-07,8,2026-03,2025-08-04T21:59:00+00:00,CORE_LEVELPHASE_FIXED060_R29B,-0.002171829040190641,0.5754475703324768,1.8782383419689104,2.299757421595444,1.146593119329862,0.7657982542845829,-0.11040884402717323,0.2,0.7769000560954029,1.193798308471058
2025-07,9,2026-04,2025-08-04T21:59:00+00:00,CORE_LEVELPHASE_FIXED060_R29B,0.1979371407840572,0.4450095359186168,2.464332036316472,2.635193778665132,1.3443346226723112,1.2098205505580395,0.25039501961627647,0.3,1.0269821097077605,1.493349206450906
2025-07,10,2026-05,2025-08-04T21:59:00+00:00,CORE_LEVELPHASE_FIXED060_R29B,0.3449416855285758,0.18987341772152,2.129032258064519,2.457668053922235,1.688682748932735,1.3995139365580065,0.18964586773793776,0.2,1.2164483767043546,1.6931494727182117
2025-07,11,2026-06,2025-08-04T21:59:00+00:00,CORE_LEVELPHASE_FIXED060_R29B,0.19876121125842677,-0.3158559696778251,1.544401544401539,2.397063669085377,1.8872466914482355,1.0831580890387487,0.2885557561970798,0.3,1.5045886099309778,1.9927003706980595
2025-07,12,2026-07,2025-08-04T21:59:00+00:00,CORE_LEVELPHASE_FIXED060_R29B,0.368004419862824,0.6337135614702172,1.7296604740550945,2.2801832739018657,2.2545756317351118,1.714872129164898,0.8137451831755196,1.0,2.3150407396379777,2.987733456014868
2025-07,1,2025-08,2025-08-04T21:59:00+00:00,CORE_LEVELPHASE_FIXED080_R29B,0.04458771328452496,0.0640614990390808,2.493438320209967,2.506390462779902,0.04457777591743201,0.06404098841992446,0.14170466251184247,0.3,0.14160435620291745,0.2995508979798479
2025-07,2,2025-09,2025-08-04T21:59:00+00:00,CORE_LEVELPHASE_FIXED080_R29B,-0.3640555336844537,-0.5761843790012655,2.305665349143618,2.53689885408565,-0.320142052683403,-0.5138097366744812,-0.5653003820566176,-0.7,-0.4252998957747215,-0.40291059571659804
2025-07,3,2025-10,2025-08-04T21:59:00+00:00,CORE_LEVELPHASE_FIXED080_R29B,0.3350788663791415,0.5151320025756467,2.4950755088640726,2.5427223299818213,0.014376675383567837,5.117434254131581e-15,0.4621378783826586,0.4,0.03577340413497604,-0.0037084687628526902
2025-07,4,2025-11,2025-08-04T21:59:00+00:00,CORE_LEVELPHASE_FIXED080_R29B,0.05038033853707823,-0.3203074951953821,2.099737532808387,2.52706455122693,0.06474432728895699,-0.32082157770950465,0.012134995585597608,-0.1,0.0479076634895448,-0.10375850212120603
2025-07,5,2025-12,2025-08-04T21:59:00+00:00,CORE_LEVELPHASE_FIXED080_R29B,-0.048643671294313844,-0.2570694087403624,2.1052631578947296,2.746868443019348,0.016088821122758466,-0.5782219772267924,0.08413367217137449,0.2,0.13200596312570556,0.09604176414609959
2025-07,6,2026-01,2025-08-04T21:59:00+00:00,CORE_LEVELPHASE_FIXED080_R29B,0.9880575110597694,0.8376288659793785,1.62337662337662,2.414507287633082,0.9992969608449565,0.2559182458821577,0.47151778953660384,0.4,0.6024155896249723,0.49524389109984496
2025-07,7,2026-02,2025-08-04T21:59:00+00:00,CORE_LEVELPHASE_FIXED080_R29B,0.1836281335824958,-0.0638977635782689,1.3609850939727857,2.4030826113155768,1.1827567040800917,0.1920000589824434,0.3500386567536416,0.5,0.9518430369700281,0.9939980422037523
2025-07,8,2026-03,2025-08-04T21:59:00+00:00,CORE_LEVELPHASE_FIXED080_R29B,0.002775901158121749,0.5754475703324768,1.8782383419689104,2.3396001385709098,1.18553256671079,0.7657982542845829,-0.10102763665305174,0.2,0.8507643330025068,1.193798308471058
2025-07,9,2026-04,2025-08-04T21:59:00+00:00,CORE_LEVELPHASE_FIXED080_R29B,0.2029123690897918,0.4450095359186168,2.464332036316472,2.6802653708208526,1.388239346716412,1.2098205505580395,0.25982836513006685,0.3,1.1102557278060605,1.493349206450906
2025-07,10,2026-05,2025-08-04T21:59:00+00:00,CORE_LEVELPHASE_FIXED080_R29B,0.3499235199167163,0.18987341772152,2.129032258064519,2.5077506456937857,1.737552058776342,1.3995139365580065,0.19909173879909958,0.2,1.3091495416608068,1.6931494727182117
2025-07,11,2026-06,2025-08-04T21:59:00+00:00,CORE_LEVELPHASE_FIXED080_R29B,0.2037575942883918,-0.3158559696778251,1.544401544401539,2.4522251333148684,1.9411023488295682,1.0831580890387487,0.2980292123973857,0.3,1.6067355274125381,1.9927003706980595
2025-07,12,2026-07,2025-08-04T21:59:00+00:00,CORE_LEVELPHASE_FIXED080_R29B,0.3730269678676528,0.6337135614702172,1.7296604740550945,2.340402767644743,2.3134352964896814,1.714872129164898,0.8232682498123888,1.0,2.426633409644646,2.987733456014868
2025-07,1,2025-08,2025-08-04T21:59:00+00:00,CORE_LEVELPHASE_PANEL_R29B,0.03580869473606913,0.0640614990390808,2.493438320209967,2.497395418432406,0.03580228495310305,0.06404098841992446,0.12505909166555534,0.3,0.1249809579189658,0.2995508979798479
2025-07,2,2025-09,2025-08-04T21:59:00+00:00,CORE_LEVELPHASE_PANEL_R29B,-0.37277257195784796,-0.5761843790012655,2.305665349143618,2.518931080239892,-0.33766681547361305,-0.5138097366744812,-0.581828434406513,-0.7,-0.4585466923426248,-0.40291059571659804
2025-07,3,2025-10,2025-08-04T21:59:00+00:00,CORE_LEVELPHASE_PANEL_R29B,0.3256281560464125,0.5151320025756467,2.4950755088640726,2.5150965766280464,-0.012567679792171603,5.117434254131581e-15,0.4442187377039036,0.4,-0.01531169384666825,-0.0037084687628526902
2025-07,4,2025-11,2025-08-04T21:59:00+00:00,CORE_LEVELPHASE_PANEL_R29B,0.04033125102082796,-0.3203074951953821,2.099737532808387,2.4891479441521303,0.027755440365724197,-0.32082157770950465,-0.0069187058354690575,-0.1,-0.02223063903562967,-0.10375850212120603
2025-07,5,2025-12,2025-08-04T21:59:00+00:00,CORE_LEVELPHASE_PANEL_R29B,-0.059341156616304236,-0.2570694087403624,2.1052631578947296,2.6978779344041866,-0.03160333008343563,-0.5782219772267924,0.06385056776494533,0.2,0.041599552927211673,0.09604176414609959
2025-07,6,2026-01,2025-08-04T21:59:00+00:00,CORE_LEVELPHASE_PANEL_R29B,0.9784179362419599,0.8376288659793785,1.62337662337662,2.35590417936786,0.9420590919113226,0.2559182458821577,0.4532405499257871,0.4,0.4938160609553834,0.49524389109984496
2025-07,7,2026-02,2025-08-04T21:59:00+00:00,CORE_LEVELPHASE_PANEL_R29B,0.17509822351897508,-0.0638977635782689,1.3609850939727857,2.335772148962533,1.1170041972030411,0.1920000589824434,0.3338654112489074,0.5,0.8271253790315685,0.9939980422037523
2025-07,8,2026-03,2025-08-04T21:59:00+00:00,CORE_LEVELPHASE_PANEL_R29B,-0.0046225707213128735,0.5754475703324768,1.8782383419689104,2.2647650241710164,1.1123815196376352,0.7657982542845829,-0.11505560426055311,0.2,0.7120035349974009,1.193798308471058
2025-07,9,2026-04,2025-08-04T21:59:00+00:00,CORE_LEVELPHASE_PANEL_R29B,0.1966373481805302,0.4450095359186168,2.464332036316472,2.598755688839732,1.3088257896524258,1.2098205505580395,0.24793053116029815,0.3,0.9596272254794604,1.493349206450906
2025-07,10,2026-05,2025-08-04T21:59:00+00:00,CORE_LEVELPHASE_PANEL_R29B,0.3448018044047732,0.18987341772152,2.129032258064519,2.421150214656205,1.65303451554154,1.3995139365580065,0.18938064433700028,0.2,1.1488287707578646,1.6931494727182117
2025-07,11,2026-06,2025-08-04T21:59:00+00:00,CORE_LEVELPHASE_PANEL_R29B,0.19978148564955228,-0.3158559696778251,1.544401544401539,2.3616097173554147,1.8526167033769951,1.0831580890387487,0.29049026055726473,0.3,1.4388979236784056,1.9927003706980595
2025-07,12,2026-07,2025-08-04T21:59:00+00:00,CORE_LEVELPHASE_PANEL_R29B,0.3690300372097714,0.6337135614702172,1.7296604740550945,2.2458145860340575,2.2209674953114567,1.714872129164898,0.8156898181156971,1.0,2.2512789730793235,2.987733456014868
2025-08,1,2025-09,2025-09-03T21:59:00+00:00,CORE_LEVELPHASE_FIXED040_R29B,-0.4097767673610178,-0.5761843790012655,2.305665349143618,2.536704333595823,-0.41061865304474787,-0.5778507250944056,-0.5826289252377249,-0.7,-0.5843328290747811,-0.702461493696446
2025-08,2,2025-10,2025-09-03T21:59:00+00:00,CORE_LEVELPHASE_FIXED040_R29B,0.32516080852134616,0.5151320025756467,2.4950755088640726,2.532391535682866,-0.08598534909761346,-0.06404098841991937,0.4443320333903389,0.4,-0.14098503601089069,-0.3032593667427006
2025-08,3,2025-11,2025-09-03T21:59:00+00:00,CORE_LEVELPHASE_FIXED040_R29B,0.04114526306924546,-0.3203074951953821,2.099737532808387,2.507272603870781,-0.04484854837057745,-0.38486256612942915,-0.005824085903744044,-0.1,-0.14680929152110317,-0.4033094001010539
2025-08,4,2025-12,2025-09-03T21:59:00+00:00,CORE_LEVELPHASE_FIXED040_R29B,-0.057971623772185635,-0.2570694087403624,2.1052631578947296,2.7174470720721056,-0.10283698218559417,-0.6422629656467169,0.06598906446430776,0.2,-0.08084199026624056,-0.2035091338337483
2025-08,5,2026-01,2025-09-03T21:59:00+00:00,CORE_LEVELPHASE_FIXED040_R29B,0.9800935463149222,0.8376288659793785,1.62337662337662,2.3771069451186397,0.8724848004973571,0.19187725746223325,0.45312633531839747,0.4,0.37126081842112846,0.19569299311999705
2025-08,6,2026-02,2025-09-03T21:59:00+00:00,CORE_LEVELPHASE_FIXED040_R29B,0.1719374553617651,-0.0638977635782689,1.3609850939727857,2.353741132868782,1.0442746126281242,0.12795907056251893,0.3315393912410098,0.5,0.7022518295521865,0.6944471442239044
2025-08,7,2026-03,2025-09-03T21:59:00+00:00,CORE_LEVELPHASE_FIXED040_R29B,-0.0050674121920485544,0.5754475703324768,1.8782383419689104,2.2822665230470145,1.0392070720384063,0.7017572658646584,-0.1195422612827284,0.2,0.5826380595138254,0.89424741049121
2025-08,8,2026-04,2025-09-03T21:59:00+00:00,CORE_LEVELPHASE_FIXED040_R29B,0.19544109713110797,0.4450095359186168,2.464332036316472,2.615089206919196,1.2344574315366563,1.1457795621381148,0.2411614300017144,0.3,0.8235091620172161,1.193798308471058
2025-08,9,2026-05,2025-09-03T21:59:00+00:00,CORE_LEVELPHASE_FIXED040_R29B,0.3424973527830262,0.18987341772152,2.129032258064519,2.4351029481907274,1.5763695979209826,1.3354729481380818,0.1803722459052213,0.2,1.0037189325313092,1.3935985747383635
2025-08,10,2026-06,2025-09-03T21:59:00+00:00,CORE_LEVELPHASE_FIXED040_R29B,0.1965129176805032,-0.3158559696778251,1.544401544401539,2.372214796956894,1.7726896815552888,1.019117100618824,0.27924321707770894,0.3,1.2825729900370693,1.6931494727182113
2025-08,11,2026-07,2025-09-03T21:59:00+00:00,CORE_LEVELPHASE_FIXED040_R29B,0.3621690197120867,0.6337135614702172,1.7296604740550945,2.2822444130551514,2.1342044484646507,1.6508311407449738,0.8536001612134627,1.0,2.132550585296014,2.6881825580350194
2025-08,1,2025-09,2025-09-03T21:59:00+00:00,CORE_LEVELPHASE_FIXED060_R29B,-0.4037219924336895,-0.5761843790012655,2.305665349143618,2.5429382453833256,-0.40453914977369887,-0.5778507250944056,-0.5711644804191843,-0.7,-0.5728018624774333,-0.702461493696446
2025-08,2,2025-10,2025-09-03T21:59:00+00:00,CORE_LEVELPHASE_FIXED060_R29B,0.3312781280261102,0.5151320025756467,2.4950755088640726,2.5448774706025308,-0.07380853886838241,-0.06404098841991937,0.45591490356164927,0.4,-0.11792310281619522,-0.3032593667427006
2025-08,3,2025-11,2025-09-03T21:59:00+00:00,CORE_LEVELPHASE_FIXED060_R29B,0.047237232714723826,-0.3203074951953821,2.099737532808387,2.525998383644849,-0.02658245942223925,-0.38486256612942915,0.00571078544573952,-0.1,-0.1122124804295998,-0.4033094001010539
2025-08,4,2025-12,2025-09-03T21:59:00+00:00,CORE_LEVELPHASE_FIXED060_R29B,-0.05187321174069308,-0.2570694087403624,2.1052631578947296,2.7424801576651374,-0.078469129967958,-0.6422629656467169,0.0775361341828217,0.2,-0.03470638997846914,-0.2035091338337483
2025-08,5,2026-01,2025-09-03T21:59:00+00:00,CORE_LEVELPHASE_FIXED060_R29B,0.9862176272970452,0.8376288659793785,1.62337662337662,2.4082674050047768,0.9029171106420736,0.19187725746223325,0.46472200804389097,0.4,0.42893911920462824,0.19569299311999705
2025-08,6,2026-02,2025-09-03T21:59:00+00:00,CORE_LEVELPHASE_FIXED060_R29B,0.17805487788453445,-0.0638977635782689,1.3609850939727857,2.3911470470082303,1.0808136587436563,0.12795907056251893,0.3431224564722937,0.5,0.7714742536818989,0.6944471442239044
2025-08,7,2026-03,2025-09-03T21:59:00+00:00,CORE_LEVELPHASE_FIXED060_R29B,0.0010232575902044683,0.5754475703324768,1.8782383419689104,2.325878583868125,1.0818369110986161,0.7017572658646584,-0.10800985116597396,0.2,0.663406029840235,0.89424741049121
2025-08,8,2026-04,2025-09-03T21:59:00+00:00,CORE_LEVELPHASE_FIXED060_R29B,0.20155451583447498,0.4450095359186168,2.464332036316472,2.6651069027916803,1.2831885783400925,1.1457795621381148,0.25273691418049804,0.3,0.9158241013908074,1.193798308471058
2025-08,9,2026-05,2025-09-03T21:59:00+00:00,CORE_LEVELPHASE_FIXED060_R29B,0.34860752731685896,0.18987341772152,2.129032258064519,2.4912735536749318,1.6311898781111438,1.3354729481380818,0.19194158739446598,0.2,1.107581716295944,1.3935985747383635
2025-08,10,2026-06,2025-09-03T21:59:00+00:00,CORE_LEVELPHASE_FIXED060_R29B,0.20262958617046767,-0.3158559696778251,1.544401544401539,2.4346038324087793,1.833614447438792,1.019117100618824,0.29082485458168894,0.3,1.3979844935366093,1.6931494727182113
2025-08,11,2026-07,2025-09-03T21:59:00+00:00,CORE_LEVELPHASE_FIXED060_R29B,0.36832118818289517,0.6337135614702172,1.7296604740550945,2.350852307097557,2.2012589941004608,1.6508311407449738,0.8652490163392916,1.0,2.259511683874321,2.6881825580350194
2025-08,1,2025-09,2025-09-03T21:59:00+00:00,CORE_LEVELPHASE_FIXED080_R29B,-0.3976665192920321,-0.5761843790012655,2.305665349143618,2.549172876042559,-0.39845931508179977,-0.5778507250944056,-0.5596987135631208,-0.7,-0.5612708958800855,-0.702461493696446
2025-08,2,2025-10,2025-09-03T21:59:00+00:00,CORE_LEVELPHASE_FIXED080_R29B,0.3373961529576135,0.5151320025756467,2.4950755088640726,2.557365605678366,-0.061631065912493704,-0.06404098841991937,0.4674991094268579,0.4,-0.0948611696214996,-0.3032593667427006
2025-08,3,2025-11,2025-09-03T21:59:00+00:00,CORE_LEVELPHASE_FIXED080_R29B,0.053329905101991745,-0.3203074951953821,2.099737532808387,2.5447286038250443,-0.008315376150599182,-0.38486256612942915,0.01724698740528946,-0.1,-0.07761566933809624,-0.4033094001010539
2025-08,4,2025-12,2025-09-03T21:59:00+00:00,CORE_LEVELPHASE_FIXED080_R29B,-0.04577409598569206,-0.2570694087403624,2.1052631578947296,2.7675207068028422,-0.054099951673672125,-0.6422629656467169,0.08908453637024275,0.2,0.011429210309302523,-0.2035091338337483
2025-08,5,2026-01,2025-09-03T21:59:00+00:00,CORE_LEVELPHASE_FIXED080_R29B,0.9923424152042923,0.8376288659793785,1.62337662337662,2.4394390479364083,0.9333510790881812,0.19187725746223325,0.47631901930040726,0.4,0.4866174199881279,0.19569299311999705
2025-08,6,2026-02,2025-09-03T21:59:00+00:00,CORE_LEVELPHASE_FIXED080_R29B,0.18417300665086947,-0.0638977635782689,1.3609850939727857,2.428568670093332,1.1173546952063587,0.12795907056251893,0.3547068589441001,0.5,0.8406966778116112,0.6944471442239044
2025-08,7,2026-03,2025-09-03T21:59:00+00:00,CORE_LEVELPHASE_FIXED080_R29B,0.0071146306141466505,0.5754475703324768,1.8782383419689104,2.3695116180216584,1.1244690727426652,0.7017572658646584,-0.09647610949261565,0.2,0.7441740001666444,0.89424741049121
2025-08,8,2026-04,2025-09-03T21:59:00+00:00,CORE_LEVELPHASE_FIXED080_R29B,0.20766864049316486,0.4450095359186168,2.464332036316472,2.715151705723027,1.3319223799828332,1.1457795621381148,0.2643137350540293,0.3,1.0081390407643984,1.193798308471058
2025-08,9,2026-05,2025-09-03T21:59:00+00:00,CORE_LEVELPHASE_FIXED080_R29B,0.3547184074848809,0.18987341772152,2.129032258064519,2.5474780238097057,1.6860131455277556,1.3354729481380818,0.20351226497040595,0.2,1.2114445000605785,1.3935985747383635
2025-08,10,2026-06,2025-09-03T21:59:00+00:00,CORE_LEVELPHASE_FIXED080_R29B,0.20874696109812457,-0.3158559696778251,1.544401544401539,2.4970342922741997,1.8945425328901366,1.019117100618824,0.30240782969376173,0.3,1.5133959970361488,1.6931494727182113
2025-08,11,2026-07,2025-09-03T21:59:00+00:00,CORE_LEVELPHASE_FIXED080_R29B,0.3744740672452851,0.6337135614702172,1.7296604740550945,2.4195099614239,2.2683171915256746,1.6508311407449738,0.8768992169384159,1.0,2.3864727824526275,2.6881825580350194
2025-08,1,2025-09,2025-09-03T21:59:00+00:00,CORE_LEVELPHASE_PANEL_R29B,-0.40878457469498547,-0.5761843790012655,2.305665349143618,2.53772588132146,-0.40962238283731717,-0.5778507250944056,-0.5807502529161911,-0.7,-0.5824431647726775,-0.702461493696446
2025-08,2,2025-10,2025-09-03T21:59:00+00:00,CORE_LEVELPHASE_PANEL_R29B,0.32616325033318105,0.5151320025756467,2.4950755088640726,2.5344375469509366,-0.0839898910537255,-0.06404098841991937,0.44623011200986085,0.4,-0.13720570740668364,-0.3032593667427006
2025-08,3,2025-11,2025-09-03T21:59:00+00:00,CORE_LEVELPHASE_PANEL_R29B,0.04144692214687912,-0.3203074951953821,2.099737532808387,2.5096272153789965,-0.04255155577104494,-0.38486256612942915,-0.005252907967148313,-0.1,-0.14245875334387414,-0.4033094001010539
2025-08,4,2025-12,2025-09-03T21:59:00+00:00,CORE_LEVELPHASE_PANEL_R29B,-0.05836652906432031,-0.2570694087403624,2.1052631578947296,2.719400630079815,-0.10093512472465756,-0.6422629656467169,0.06524132900187243,0.2,-0.07723869724507111,-0.2035091338337483
2025-08,5,2026-01,2025-09-03T21:59:00+00:00,CORE_LEVELPHASE_PANEL_R29B,0.9789976456942417,0.8376288659793785,1.62337662337662,2.37794294724526,0.8733013880511823,0.19187725746223325,0.45105129663517773,0.4,0.3727984115571567,0.19569299311999705
2025-08,6,2026-02,2025-09-03T21:59:00+00:00,CORE_LEVELPHASE_PANEL_R29B,0.17223987643406571,-0.0638977635782689,1.3609850939727857,2.354885954696655,1.0453931017159281,0.12795907056251893,0.33211201198033824,0.5,0.7043601496089358,0.6944471442239044
2025-08,7,2026-03,2025-09-03T21:59:00+00:00,CORE_LEVELPHASE_PANEL_R29B,-0.003375599646773527,0.5754475703324768,1.8782383419689104,2.2851410766991997,1.0420174450945074,0.7017572658646584,-0.1163388900919881,0.2,0.5879535332971578,0.89424741049121
2025-08,8,2026-04,2025-09-03T21:59:00+00:00,CORE_LEVELPHASE_PANEL_R29B,0.19853482983524556,0.4450095359186168,2.464332036316472,2.621141647440401,1.2403554549974893,1.1457795621381148,0.24701927414878824,0.3,0.8346682163329939,1.193798308471058
2025-08,9,2026-05,2025-09-03T21:59:00+00:00,CORE_LEVELPHASE_PANEL_R29B,0.3470121136582053,0.18987341772152,2.129032258064519,2.445753959150044,1.5867668708821443,1.3354729481380818,0.18892074317285396,0.2,1.0234107287111662,1.3935985747383635
2025-08,10,2026-06,2025-09-03T21:59:00+00:00,CORE_LEVELPHASE_PANEL_R29B,0.20245648121686932,-0.3158559696778251,1.544401544401539,2.388932524482832,1.789018685159514,1.019117100618824,0.2904970881143696,0.3,1.3134866894126391,1.6931494727182113
2025-08,11,2026-07,2025-09-03T21:59:00+00:00,CORE_LEVELPHASE_PANEL_R29B,0.36957916894545517,0.6337135614702172,1.7296604740550945,2.3065005976168855,2.1579165883227085,1.6508311407449738,0.8676309465032124,1.0,2.1773753491989307,2.6881825580350194
2025-09,1,2025-10,2025-10-05T21:59:00+00:00,CORE_LEVELPHASE_FIXED040_R29B,0.31516113322833156,0.5151320025756467,2.4950755088640726,2.390440408900852,0.31466554153076715,0.5138097366744863,0.4663315356597873,0.4,0.46524757873635403,0.39920212695374535
2025-09,2,2025-11,2025-10-05T21:59:00+00:00,CORE_LEVELPHASE_FIXED040_R29B,0.029598950137120224,-0.3203074951953821,2.099737532808387,2.353541689798518,0.3442601120428353,0.19298815896497645,0.014049803229816539,-0.1,0.47929639507375316,0.299152093595392
2025-09,3,2025-12,2025-10-05T21:59:00+00:00,CORE_LEVELPHASE_FIXED040_R29B,-0.06522865735046222,-0.2570694087403624,2.1052631578947296,2.555953579984687,0.2790101715480316,-0.06441224055231129,0.08523711628535817,0.2,0.5644972051585889,0.49895235986269765
2025-09,4,2026-01,2025-10-05T21:59:00+00:00,CORE_LEVELPHASE_FIXED040_R29B,0.9755095499239297,0.8376288659793785,1.62337662337662,2.2115084323265943,1.2497923461968394,0.7697279825566389,0.47213396278477265,0.4,1.03552011129401,0.898154486816443
2025-09,5,2026-02,2025-10-05T21:59:00+00:00,CORE_LEVELPHASE_FIXED040_R29B,0.17022410216489153,-0.0638977635782689,1.3609850939727857,2.1864325758209104,1.4198717313424976,0.7058097956569245,0.3504638466023368,0.5,1.3853712644528455,1.3969086379203504
2025-09,6,2026-03,2025-10-05T21:59:00+00:00,CORE_LEVELPHASE_FIXED040_R29B,-0.0075802533190377774,0.5754475703324768,1.8782383419689104,2.11250867955443,1.4122911907077385,1.279607990959064,-0.10117678148181589,0.2,1.2841432647152382,1.5967089041876559
2025-09,7,2026-04,2025-10-05T21:59:00+00:00,CORE_LEVELPHASE_FIXED040_R29B,0.20043456824090536,0.4450095359186168,2.464332036316472,2.4498845497853643,1.6125251568737915,1.7236302872325204,0.2592850544926992,0.3,1.5430927554298466,1.8962598021675037
2025-09,8,2026-05,2025-10-05T21:59:00+00:00,CORE_LEVELPHASE_FIXED040_R29B,0.34808702779217027,0.18987341772152,2.129032258064519,2.2758851179150104,1.960007763971958,1.9133236732324876,0.1983090987450692,0.2,1.7412054812557427,2.0960600684348094
2025-09,9,2026-06,2025-10-05T21:59:00+00:00,CORE_LEVELPHASE_FIXED040_R29B,0.2025607882356555,-0.3158559696778251,1.544401544401539,2.2192643071599143,2.1623636744642902,1.5969678257132296,0.29699149605626146,0.3,2.037756828822071,2.395610966414657
2025-09,10,2026-07,2025-10-05T21:59:00+00:00,CORE_LEVELPHASE_FIXED040_R29B,0.3686210878328122,0.6337135614702172,1.7296604740550945,2.1359940260612316,2.530307019789042,2.228681865839379,0.8713288811256061,1.0,2.905311547584742,3.3906440517314653
2025-09,1,2025-10,2025-10-05T21:59:00+00:00,CORE_LEVELPHASE_FIXED060_R29B,0.3269198625865188,0.5151320025756467,2.4950755088640726,2.4024423980721092,0.32638664142495605,0.5138097366744863,0.48860008868643623,0.4,0.48741031237797133,0.39920212695374535
2025-09,2,2025-11,2025-10-05T21:59:00+00:00,CORE_LEVELPHASE_FIXED060_R29B,0.0413047437664518,-0.3203074951953821,2.099737532808387,2.3775185068613327,0.36768285713036813,0.19298815896497645,0.036218107152236695,-0.1,0.5236218623569878,0.299152093595392
2025-09,3,2025-12,2025-10-05T21:59:00+00:00,CORE_LEVELPHASE_FIXED060_R29B,-0.053687115629515544,-0.2570694087403624,2.1052631578947296,2.5918248516222544,0.3139813248087612,-0.06441224055231129,0.10709436174047456,0.2,0.6306589189959186,0.49895235986269765
2025-09,4,2026-01,2025-10-05T21:59:00+00:00,CORE_LEVELPHASE_FIXED060_R29B,0.9869224571119626,0.8376288659793785,1.62337662337662,2.2588158750459204,1.2960655095262377,0.7697279825566389,0.49374760156862446,0.4,1.1231915845979124,0.898154486816443
2025-09,5,2026-02,2025-10-05T21:59:00+00:00,CORE_LEVELPHASE_FIXED060_R29B,0.18145014851208977,-0.0638977635782689,1.3609850939727857,2.2451857151066514,1.4773512361221806,0.7058097956569245,0.3717236103699367,0.5,1.494226010135798,1.3969086379203504
2025-09,6,2026-03,2025-10-05T21:59:00+00:00,CORE_LEVELPHASE_FIXED060_R29B,0.0035326037586553317,0.5754475703324768,1.8782383419689104,2.1825743178515205,1.4808837774858588,1.279607990959064,-0.08013137431459712,0.2,1.4140625134742548,1.5967089041876559
2025-09,7,2026-04,2025-10-05T21:59:00+00:00,CORE_LEVELPHASE_FIXED060_R29B,0.21152463250724216,0.4450095359186168,2.464332036316472,2.5315284934065616,1.692185011615245,1.7236302872325204,0.280287296883108,0.3,1.6939577379619406,1.8962598021675037
2025-09,8,2026-05,2025-10-05T21:59:00+00:00,CORE_LEVELPHASE_FIXED060_R29B,0.3591074946078488,0.18987341772152,2.129032258064519,2.36863153193495,2.0506492547758137,1.9133236732324876,0.2191795382447665,0.2,1.9128974282579279,2.0960600684348094
2025-09,9,2026-06,2025-10-05T21:59:00+00:00,CORE_LEVELPHASE_FIXED060_R29B,0.21355340350707,-0.3158559696778251,1.544401544401539,2.32318340056451,2.263974957120233,1.5969678257132296,0.31780919060610713,0.3,2.2302026728979647,2.395610966414657
2025-09,10,2026-07,2025-10-05T21:59:00+00:00,CORE_LEVELPHASE_FIXED060_R29B,0.3796377239604963,0.6337135614702172,1.7296604740550945,2.251050487598636,2.6428938757365783,2.228681865839379,0.8921920661102845,1.0,3.1184382213379624,3.3906440517314653
2025-09,1,2025-10,2025-10-05T21:59:00+00:00,CORE_LEVELPHASE_FIXED080_R29B,0.3386811982893813,0.5151320025756467,2.4950755088640726,2.414447047507039,0.3381089651856314,0.5138097366744863,0.5108735775801196,0.4,0.5095730460195889,0.39920212695374535
2025-09,2,2025-11,2025-10-05T21:59:00+00:00,CORE_LEVELPHASE_FIXED080_R29B,0.05301313200715388,-0.3203074951953821,2.099737532808387,2.401503447377248,0.39110805019624184,0.19298815896497645,0.05839132472128715,-0.1,0.5679473296402228,0.299152093595392
2025-09,3,2025-12,2025-10-05T21:59:00+00:00,CORE_LEVELPHASE_FIXED080_R29B,-0.04214305339387965,-0.2570694087403624,2.1052631578947296,2.6277124016483002,0.3489561141219059,-0.06441224055231129,0.1289563805187368,0.2,0.6968206328332486,0.49895235986269765
2025-09,4,2026-01,2025-10-05T21:59:00+00:00,CORE_LEVELPHASE_FIXED080_R29B,0.998337819452919,0.8376288659793785,1.62337662337662,2.3061501136661504,1.3423434625825978,0.7697279825566389,0.5153658898942253,0.4,1.210863057901815,0.898154486816443
2025-09,5,2026-02,2025-10-05T21:59:00+00:00,CORE_LEVELPHASE_FIXED080_R29B,0.19267857315515466,-0.0638977635782689,1.3609850939727857,2.303978678996052,1.5348366486708938,0.7058097956569245,0.39298787812823205,0.5,1.603080755818751,1.3969086379203504
2025-09,6,2026-03,2025-10-05T21:59:00+00:00,CORE_LEVELPHASE_FIXED080_R29B,0.014647801951032841,0.5754475703324768,1.8782383419689104,2.2526952041374644,1.5494833779361652,1.279607990959064,-0.059081533569999095,0.2,1.5439817622332717,1.5967089041876559
2025-09,7,2026-04,2025-10-05T21:59:00+00:00,CORE_LEVELPHASE_FIXED080_R29B,0.22261701991220617,0.4450095359186168,2.464332036316472,2.6132458191818513,1.7718529732986634,1.7236302872325204,0.3012939388080357,0.3,1.8448227204940353,1.8962598021675037
2025-09,8,2026-05,2025-10-05T21:59:00+00:00,CORE_LEVELPHASE_FIXED080_R29B,0.37013025689126533,0.18987341772152,2.129032258064519,2.461471465074731,2.141299933693621,1.9133236732324876,0.24005432487615533,0.2,2.084589375260114,2.0960600684348094
2025-09,9,2026-06,2025-10-05T21:59:00+00:00,CORE_LEVELPHASE_FIXED080_R29B,0.2245483004112994,-0.3158559696778251,1.544401544401539,2.4272186516282055,2.365596501179738,1.5969678257132296,0.3386312060872182,0.3,2.42264851697386,2.395610966414657
2025-09,10,2026-07,2025-10-05T21:59:00+00:00,CORE_LEVELPHASE_FIXED080_R29B,0.3906566386555392,0.6337135614702172,1.7296604740550945,2.3662481551568892,2.7554920582884344,2.228681865839379,0.9130595662209011,1.0,3.3315648950911845,3.3906440517314653
2025-09,1,2025-10,2025-10-05T21:59:00+00:00,CORE_LEVELPHASE_PANEL_R29B,0.3170680842248783,0.5151320025756467,2.4950755088640726,2.392386810124445,0.31656648337250615,0.5138097366744863,0.4699428985964004,0.4,0.4688421143145316,0.39920212695374535
2025-09,2,2025-11,2025-10-05T21:59:00+00:00,CORE_LEVELPHASE_PANEL_R29B,0.03149731637609505,-0.3203074951953821,2.099737532808387,2.3574298966469014,0.348058840385257,0.19298815896497645,0.01764490844645093,-0.1,0.4864854662301084,0.299152093595392
2025-09,3,2025-12,2025-10-05T21:59:00+00:00,CORE_LEVELPHASE_PANEL_R29B,-0.06463106498562236,-0.2570694087403624,2.1052631578947296,2.5604627659275647,0.2834068805232896,-0.06441224055231129,0.08636883016866916,0.2,0.5728170199865774,0.49895235986269765
2025-09,4,2026-01,2025-10-05T21:59:00+00:00,CORE_LEVELPHASE_PANEL_R29B,0.9748023259204006,0.8376288659793785,1.62337662337662,2.2152865613738517,1.2534886611029201,0.7697279825566389,0.4707946297034018,0.4,1.042506877887087,0.898154486816443
2025-09,5,2026-02,2025-10-05T21:59:00+00:00,CORE_LEVELPHASE_PANEL_R29B,0.16821222320709617,-0.0638977635782689,1.3609850939727857,2.1881573284048073,1.421559566004083,0.7058097956569245,0.34665377224054605,0.5,1.3885611909044666,1.3969086379203504
2025-09,6,2026-03,2025-10-05T21:59:00+00:00,CORE_LEVELPHASE_PANEL_R29B,-0.007052109003122954,0.5754475703324768,1.8782383419689104,2.1147715358118773,1.4145072083280619,1.279607990959064,-0.10017658755384837,0.2,1.2883343930717184,1.5967089041876559
2025-09,7,2026-04,2025-10-05T21:59:00+00:00,CORE_LEVELPHASE_PANEL_R29B,0.20350484108173525,0.4450095359186168,2.464332036316472,2.4552941509413033,1.6178052588131355,1.7236302872325204,0.26509950361212686,0.3,1.5530831277375006,1.8962598021675037
2025-09,8,2026-05,2025-10-05T21:59:00+00:00,CORE_LEVELPHASE_PANEL_R29B,0.35369423307483894,0.18987341772152,2.129032258064519,2.2870007591603603,1.9708754648343418,1.9133236732324876,0.20892796277066847,0.2,1.7617931395608855,2.0960600684348094
2025-09,9,2026-06,2025-10-05T21:59:00+00:00,CORE_LEVELPHASE_PANEL_R29B,0.2106867028268837,-0.3158559696778251,1.544401544401539,2.2386641545331534,2.181340534473994,1.5969678257132296,0.3123802642175759,0.3,2.0736865103402553,2.395610966414657
2025-09,10,2026-07,2025-10-05T21:59:00+00:00,CORE_LEVELPHASE_PANEL_R29B,0.37932123268935514,0.6337135614702172,1.7296604740550945,2.1662686981301182,2.5599441582982303,2.228681865839379,0.89159269840318,1.0,2.961327989531522,3.3906440517314653
2025-10,1,2025-11,2025-11-04T22:59:00+00:00,CORE_LEVELPHASE_FIXED040_R29B,-0.010002732194168133,-0.3203074951953821,2.099737532808387,2.1374225014848385,-0.01000323250078804,-0.3208215777095098,-0.01123437253625202,-0.1,-0.011235003639150847,-0.10005003335835334
2025-10,2,2025-12,2025-11-04T22:59:00+00:00,CORE_LEVELPHASE_FIXED040_R29B,-0.09605183106740695,-0.2570694087403624,2.1052631578947296,2.3078421570643983,-0.10610122289974122,-0.5782219772267975,0.06159101082738006,0.2,0.050337047709645755,0.09975023290895228
2025-10,3,2026-01,2025-11-04T22:59:00+00:00,CORE_LEVELPHASE_FIXED040_R29B,0.9525102158198137,0.8376288659793785,1.62337662337662,1.9410057817511595,0.8419012164451168,0.2559182458821526,0.4490330150651933,0.4,0.49836491736499405,0.49895235986269765
2025-10,4,2026-02,2025-11-04T22:59:00+00:00,CORE_LEVELPHASE_FIXED040_R29B,0.14635068952345665,-0.0638977635782689,1.3609850939727857,1.8917068086809132,0.9881449177195927,0.1920000589824383,0.3276037673542043,0.5,0.8254332326992306,0.997706510966605
2025-10,5,2026-03,2025-11-04T22:59:00+00:00,CORE_LEVELPHASE_FIXED040_R29B,-0.027789769584299802,0.5754475703324768,1.8782383419689104,1.7974176390800722,0.9603512860633012,0.7657982542845778,-0.12343645888694536,0.2,0.7019205282657124,1.1975067772339107
2025-10,6,2026-04,2025-11-04T22:59:00+00:00,CORE_LEVELPHASE_FIXED040_R29B,0.17840033487482207,0.4450095359186168,2.464332036316472,2.111293087404047,1.1385926765508418,1.2098205505580342,0.2374892734873439,0.3,0.9391282416731617,1.4970576752137585
2025-10,7,2026-05,2025-11-04T22:59:00+00:00,CORE_LEVELPHASE_FIXED040_R29B,0.33147892268063006,0.18987341772152,2.129032258064519,1.9209974926245825,1.4695234189179913,1.3995139365580012,0.17685425882770484,0.2,1.1158262974971984,1.6968579414810643
2025-10,8,2026-06,2025-11-04T22:59:00+00:00,CORE_LEVELPHASE_FIXED040_R29B,0.18792325188971182,-0.3158559696778251,1.544401544401539,1.8496928284943843,1.6572703159712958,1.0831580890387433,0.2758078865609662,0.3,1.3912545320200174,1.996408839460912
2025-10,9,2026-07,2025-11-04T22:59:00+00:00,CORE_LEVELPHASE_FIXED040_R29B,0.3553694438729305,0.6337135614702172,1.7296604740550945,1.7532873741602517,2.012009814616803,1.7148721291648932,0.8502485026933624,1.0,2.2379087811528366,2.99144192477772
2025-10,1,2025-11,2025-11-04T22:59:00+00:00,CORE_LEVELPHASE_FIXED060_R29B,-0.005875280617628027,-0.3203074951953821,2.099737532808387,2.1416385958647437,-0.005875453219000282,-0.3208215777095098,-0.003420916448068747,-0.1,-0.003420974962749967,-0.10005003335835334
2025-10,2,2025-12,2025-11-04T22:59:00+00:00,CORE_LEVELPHASE_FIXED060_R29B,-0.09192137332070871,-0.2570694087403624,2.1052631578947296,2.3162953057744606,-0.09783910014171053,-0.5782219772267975,0.06941015773424128,0.2,0.06596510506244753,0.09975023290895228
2025-10,3,2026-01,2025-11-04T22:59:00+00:00,CORE_LEVELPHASE_FIXED060_R29B,0.9567441262180797,0.8376288659793785,1.62337662337662,1.953704341519573,0.854357213736223,0.2559182458821526,0.45704800261009515,0.4,0.5219718148888396,0.49895235986269765
2025-10,4,2026-02,2025-11-04T22:59:00+00:00,CORE_LEVELPHASE_FIXED060_R29B,0.15066683548985638,-0.0638977635782689,1.3609850939727857,1.9087911424070427,1.0049106606278835,0.1920000589824383,0.33577443062021,0.5,0.8571837818887629,0.997706510966605
2025-10,5,2026-03,2025-11-04T22:59:00+00:00,CORE_LEVELPHASE_FIXED060_R29B,-0.023406066383942617,0.5754475703324768,1.8782383419689104,1.8189506487597877,0.981501854596719,0.7657982542845778,-0.11513790666302529,0.2,0.7419795406155744,1.1975067772339107
2025-10,6,2026-04,2025-11-04T22:59:00+00:00,CORE_LEVELPHASE_FIXED060_R29B,0.1828316286043145,0.4450095359186168,2.464332036316472,2.1374102393283465,1.1641665496195628,1.2098205505580342,0.2458779167765899,0.3,0.9875556722232033,1.4970576752137585
2025-10,7,2026-05,2025-11-04T22:59:00+00:00,CORE_LEVELPHASE_FIXED060_R29B,0.33593926573623206,0.18987341772152,2.129032258064519,1.951598138075043,1.4995427999785962,1.3995139365580012,0.18529789383029732,0.2,1.1726821012872697,1.6968579414810643
2025-10,8,2026-06,2025-11-04T22:59:00+00:00,CORE_LEVELPHASE_FIXED060_R29B,0.19241976206176098,-0.3158559696778251,1.544401544401539,1.8848445295863863,1.6917776723544011,1.0831580890387433,0.28431998758210686,0.3,1.456598664089968,1.996408839460912
2025-10,9,2026-07,2025-11-04T22:59:00+00:00,CORE_LEVELPHASE_FIXED060_R29B,0.3599113643780625,0.6337135614702172,1.7296604740550945,1.7930125799338972,2.0510429056501223,1.7148721291648932,0.8588465675682061,1.0,2.311778126106278,2.99144192477772
2025-10,1,2025-11,2025-11-04T22:59:00+00:00,CORE_LEVELPHASE_FIXED080_R29B,-0.0017475065082368808,-0.3203074951953821,2.099737532808387,2.1458550197043444,-0.001747521777309748,-0.3208215777095098,0.004393150209668613,-0.1,0.004393053713650922,-0.10005003335835334
2025-10,2,2025-12,2025-11-04T22:59:00+00:00,CORE_LEVELPHASE_FIXED080_R29B,-0.08779059280624728,-0.2570694087403624,2.1052631578947296,2.324749464287269,-0.089576673093298,-0.5782219772267975,0.07722991565535614,0.2,0.08159316241524929,0.09975023290895228
2025-10,3,2026-01,2025-11-04T22:59:00+00:00,CORE_LEVELPHASE_FIXED080_R29B,0.9609783744467668,0.8376288659793785,1.62337662337662,1.966404955250509,0.8668136740540962,0.2559182458821526,0.4650636296835563,0.4,0.5455787124126853,0.49895235986269765
2025-10,4,2026-02,2025-11-04T22:59:00+00:00,CORE_LEVELPHASE_FIXED080_R29B,0.15498333296246153,-0.0638977635782689,1.3609850939727857,1.9258789810462247,1.0216770317941457,0.1920000589824383,0.3439457593036652,0.5,0.8889343310782953,0.997706510966605
2025-10,5,2026-03,2025-11-04T22:59:00+00:00,CORE_LEVELPHASE_FIXED080_R29B,-0.019021998950089082,0.5754475703324768,1.8782383419689104,1.8404890283068525,1.0026532234323753,0.7657982542845778,-0.10683866492830736,0.2,0.7820385529654366,1.1975067772339107
2025-10,6,2026-04,2025-11-04T22:59:00+00:00,CORE_LEVELPHASE_FIXED080_R29B,0.18726329317851456,0.4450095359186168,2.464332036316472,2.1635350671705442,1.1897413974944964,1.2098205505580342,0.25426726209196143,0.3,1.035983102773245,1.4970576752137585
2025-10,7,2026-05,2025-11-04T22:59:00+00:00,CORE_LEVELPHASE_FIXED080_R29B,0.3403999847420376,0.18987341772152,2.129032258064519,1.982209145725567,1.5295633329035967,1.3995139365580012,0.1937422405239544,0.2,1.2295379050773407,1.6968579414810643
2025-10,8,2026-06,2025-11-04T22:59:00+00:00,CORE_LEVELPHASE_FIXED080_R29B,0.19691665392855426,-0.3158559696778251,1.544401544401539,1.9200097196560473,1.726286360136318,1.0831580890387433,0.2928328111689922,0.3,1.5219427961599186,1.996408839460912
2025-10,9,2026-07,2025-11-04T22:59:00+00:00,CORE_LEVELPHASE_FIXED080_R29B,0.36445367210809204,0.6337135614702172,1.7296604740550945,1.8327548348326557,2.09007750908755,1.7148721291648932,0.86744536547763,1.0,2.3856474710597193,2.99144192477772
2025-10,1,2025-11,2025-11-04T22:59:00+00:00,CORE_LEVELPHASE_PANEL_R29B,-0.009436301968186888,-0.3203074951953821,2.099737532808387,2.1380010965932446,-0.009436747215171182,-0.3208215777095098,-0.010162094009017507,-0.1,-0.010162610384774104,-0.10005003335835334
2025-10,2,2025-12,2025-11-04T22:59:00+00:00,CORE_LEVELPHASE_PANEL_R29B,-0.09548498829009457,-0.2570694087403624,2.1052631578947296,2.3090022030438186,-0.10496735146011402,-0.5782219772267975,0.06266407033330083,0.2,0.05248183421839925,0.09975023290895228
2025-10,3,2026-01,2025-11-04T22:59:00+00:00,CORE_LEVELPHASE_PANEL_R29B,0.952641718904129,0.8376288659793785,1.62337662337662,1.9422944604813894,0.8431653501222899,0.2559182458821526,0.4492819564654022,0.4,0.5007575321347704,0.49895235986269765
2025-10,4,2026-02,2025-11-04T22:59:00+00:00,CORE_LEVELPHASE_PANEL_R29B,0.14604503163343951,-0.0638977635782689,1.3609850939727857,1.8926838753584234,0.9891038397196905,0.1920000589824383,0.327025142879182,0.5,0.8272491107366758,0.997706510966605
2025-10,5,2026-03,2025-11-04T22:59:00+00:00,CORE_LEVELPHASE_PANEL_R29B,-0.028529087135140345,0.5754475703324768,1.8782383419689104,1.7976409789941417,0.9605706822663183,0.7657982542845778,-0.12483602108933421,0.2,0.7023351045774727,1.1975067772339107
2025-10,6,2026-04,2025-11-04T22:59:00+00:00,CORE_LEVELPHASE_PANEL_R29B,0.17868258352183883,0.4450095359186168,2.464332036316472,2.1118048110761256,1.1390938183681447,1.2098205505580342,0.23802358318632363,0.3,0.9400758603414345,1.4970576752137585
2025-10,7,2026-05,2025-11-04T22:59:00+00:00,CORE_LEVELPHASE_PANEL_R29B,0.33278463869972,0.18987341772152,2.129032258064519,1.9228346713385005,1.471325954412409,1.3995139365580012,0.17932603943847802,0.2,1.1192413026041816,1.6968579414810643
2025-10,8,2026-06,2025-11-04T22:59:00+00:00,CORE_LEVELPHASE_PANEL_R29B,0.19025492674848982,-0.3158559696778251,1.544401544401539,1.8538991138756542,1.661400125702936,1.0831580890387433,0.28022185454657117,0.3,1.3990712676479085,1.996408839460912
2025-10,9,2026-07,2025-11-04T22:59:00+00:00,CORE_LEVELPHASE_PANEL_R29B,0.3587532455482303,0.6337135614702172,1.7296604740550945,1.7609207567328793,2.0195113867638423,1.7148721291648932,0.8566541952401514,1.0,2.252077002489212,2.99144192477772
2025-11,1,2025-12,2025-12-03T22:59:00+00:00,CORE_LEVELPHASE_FIXED040_R29B,-0.08847460945328015,-0.2570694087403624,2.1052631578947296,2.6207824772014643,-0.08851377133645569,-0.2574003995172877,0.05073291468589384,0.2,0.05072004989367001,0.19980026626730563
2025-11,2,2026-01,2025-12-03T22:59:00+00:00,CORE_LEVELPHASE_FIXED040_R29B,0.915381199272317,0.8376288659793785,1.62337662337662,2.215216763861525,0.8227032072737555,0.5767398235916624,0.43957012130346396,0.4,0.4893268835907915,0.599002393221051
2025-11,3,2026-02,2025-12-03T22:59:00+00:00,CORE_LEVELPHASE_FIXED040_R29B,0.1193421520400558,-0.0638977635782689,1.3609850939727857,2.138232021400057,0.9419742031747619,0.512821636691948,0.3185473683253808,0.5,0.8073679646783569,1.0977565443249584
2025-11,4,2026-03,2025-12-03T22:59:00+00:00,CORE_LEVELPHASE_FIXED040_R29B,-0.050939706562011536,0.5754475703324768,1.8782383419689104,2.020085098527903,0.8910215179365071,1.0866198319940876,-0.13220850937501177,0.2,0.6750719827476479,1.2975568105922641
2025-11,5,2026-04,2025-12-03T22:59:00+00:00,CORE_LEVELPHASE_FIXED040_R29B,0.157646902124853,0.4450095359186168,2.464332036316472,2.3134469739588086,1.048544287775956,1.530642128267544,0.22849459926027035,0.3,0.903305930073347,1.597107708572112
2025-11,6,2026-05,2025-12-03T22:59:00+00:00,CORE_LEVELPHASE_FIXED040_R29B,0.312112372862088,0.18987341772152,2.129032258064519,2.1030623273833045,1.3601706010769825,1.7203355142675112,0.168119760290862,0.2,1.0712845272884115,1.7969079748394177
2025-11,7,2026-06,2025-12-03T22:59:00+00:00,CORE_LEVELPHASE_FIXED040_R29B,0.17764613945255825,-0.3158559696778251,1.544401544401539,2.021164052509416,1.5376591363993917,1.4039796667482534,0.26724282146186984,0.3,1.338170890054453,2.0964588728192655
2025-11,8,2026-07,2025-12-03T22:59:00+00:00,CORE_LEVELPHASE_FIXED040_R29B,0.3468136999252077,0.6337135614702172,1.7296604740550945,1.9159067651623598,1.8838728244942724,2.0356937068744028,0.8416817663274038,1.0,2.176330266477508,3.091491958136074
2025-11,1,2025-12,2025-12-03T22:59:00+00:00,CORE_LEVELPHASE_FIXED060_R29B,-0.08681276948846729,-0.2570694087403624,2.1052631578947296,2.622489380552948,-0.08685047359609799,-0.2574003995172877,0.053876437245833346,0.2,0.053861929104127834,0.19980026626730563
2025-11,2,2026-01,2025-12-03T22:59:00+00:00,CORE_LEVELPHASE_FIXED060_R29B,0.9170494978126038,0.8376288659793785,1.62337662337662,2.2186067364749125,0.826019657121099,0.5767398235916624,0.4427258608506811,0.4,0.4956106420117071,0.599002393221051
2025-11,3,2026-02,2025-12-03T22:59:00+00:00,CORE_LEVELPHASE_FIXED060_R29B,0.12115868296830493,-0.0638977635782689,1.3609850939727857,2.143472663242957,0.9471050021879577,0.512821636691948,0.3219835030162576,0.5,0.8170768881706472,1.0977565443249584
2025-11,4,2026-03,2025-12-03T22:59:00+00:00,CORE_LEVELPHASE_FIXED060_R29B,-0.04898176983394498,0.5754475703324768,1.8782383419689104,2.0273182876257527,0.8981112323664349,1.0866198319940876,-0.12850489265743906,0.2,0.6884893571722295,1.2975568105922641
2025-11,5,2026-04,2025-12-03T22:59:00+00:00,CORE_LEVELPHASE_FIXED060_R29B,0.15976201909604026,0.4450095359186168,2.464332036316472,2.3228617583961744,1.0577457677110953,1.530642128267544,0.23249553680938437,0.3,0.9207150412911366,1.597107708572112
2025-11,6,2026-05,2025-12-03T22:59:00+00:00,CORE_LEVELPHASE_FIXED060_R29B,0.31428078937022347,0.18987341772152,2.129032258064519,2.1146650864571224,1.3715337273180155,1.7203355142675112,0.1722215187976968,0.2,1.0927884288826373,1.7969079748394177
2025-11,7,2026-06,2025-12-03T22:59:00+00:00,CORE_LEVELPHASE_FIXED060_R29B,0.17987132943875683,-0.3158559696778251,1.544401544401539,2.0350239013868,1.551243482003093,1.4039796667482534,0.27145197220434486,0.3,1.3638726356083435,2.0964588728192655
2025-11,8,2026-07,2025-12-03T22:59:00+00:00,CORE_LEVELPHASE_FIXED060_R29B,0.3491065789080753,0.6337135614702172,1.7296604740550945,1.9320813629639828,1.8997420984410929,2.0356937068744028,0.8460189570090991,1.0,2.2063329095742916,3.091491958136074
2025-11,1,2025-12,2025-12-03T22:59:00+00:00,CORE_LEVELPHASE_FIXED080_R29B,-0.08515087730982983,-0.2570694087403624,2.1052631578947296,2.6241963375341157,-0.08518715126255082,-0.2574003995172877,0.057020058573006197,0.2,0.057003808314585666,0.19980026626730563
2025-11,2,2026-01,2025-12-03T22:59:00+00:00,CORE_LEVELPHASE_FIXED080_R29B,0.9187178487696391,0.8376288659793785,1.62337662337662,2.2219968718143113,0.8293361561725353,0.5767398235916624,0.44588169954898077,0.4,0.5018944004326229,0.599002393221051
2025-11,3,2026-02,2025-12-03T22:59:00+00:00,CORE_LEVELPHASE_FIXED080_R29B,0.12297527611680253,-0.0638977635782689,1.3609850939727857,2.1487136540946765,0.9522358796310412,0.512821636691948,0.3254197554024354,0.5,0.8267858116629374,1.0977565443249584
2025-11,4,2026-03,2025-12-03T22:59:00+00:00,CORE_LEVELPHASE_FIXED080_R29B,-0.04702376049540926,0.5754475703324768,1.8782383419689104,2.0345521045489834,0.9052010594981353,1.0866198319940876,-0.12480113859051095,0.2,0.7019067315968109,1.2975568105922641
2025-11,5,2026-04,2025-12-03T22:59:00+00:00,CORE_LEVELPHASE_FIXED080_R29B,0.16187722049881498,0.4450095359186168,2.464332036316472,2.3322775651296554,1.0669474000485464,1.530642128267544,0.23649663406858215,0.3,0.938124152508926,1.597107708572112
2025-11,6,2026-05,2025-12-03T22:59:00+00:00,CORE_LEVELPHASE_FIXED080_R29B,0.31644929467228744,0.18987341772152,2.129032258064519,2.1262693623610147,1.3828970477490505,1.7203355142675112,0.17632344526638302,0.2,1.114292330476863,1.7969079748394177
2025-11,7,2026-06,2025-12-03T22:59:00+00:00,CORE_LEVELPHASE_FIXED080_R29B,0.18209661283691947,-0.3158559696778251,1.544401544401539,2.0488858761352566,1.5648280657019107,1.4039796667482534,0.2756612996441088,0.3,1.3895743811622339,2.0964588728192655
2025-11,8,2026-07,2025-12-03T22:59:00+00:00,CORE_LEVELPHASE_FIXED080_R29B,0.3513995565074391,0.6337135614702172,1.7296604740550945,1.9482588174551654,1.9156116565464187,2.0356937068744028,0.850356334232933,1.0,2.2363355526710746,3.091491958136074
2025-11,1,2025-12,2025-12-03T22:59:00+00:00,CORE_LEVELPHASE_PANEL_R29B,-0.08823494671461034,-0.2570694087403624,2.1052631578947296,2.6210286387696793,-0.08827389665704509,-0.2574003995172877,0.05118625871524523,0.2,0.0511731630184465,0.19980026626730563
2025-11,2,2026-01,2025-12-03T22:59:00+00:00,CORE_LEVELPHASE_PANEL_R29B,0.9156217934363459,0.8376288659793785,1.62337662337662,2.2157056462889093,0.8231814934563163,0.5767398235916624,0.4400252272092242,0.4,0.4902331098403445,0.599002393221051
2025-11,3,2026-02,2025-12-03T22:59:00+00:00,CORE_LEVELPHASE_PANEL_R29B,0.11938341036630667,-0.0638977635782689,1.3609850939727857,2.13876262611402,0.9424936984952007,0.512821636691948,0.31862541222978863,0.5,0.8083519869846688,1.0977565443249584
2025-11,4,2026-03,2025-12-03T22:59:00+00:00,CORE_LEVELPHASE_PANEL_R29B,-0.05109678445196984,0.5754475703324768,1.8782383419689104,2.020454755969614,0.8913838551876978,1.0866198319940876,-0.13250563659616826,0.2,0.6757584840427011,1.2975568105922641
2025-11,5,2026-04,2025-12-03T22:59:00+00:00,CORE_LEVELPHASE_PANEL_R29B,0.15729039113155707,0.4450095359186168,2.464332036316472,2.3134535084818175,1.0485506745442585,1.530642128267544,0.22782022605104357,0.3,0.903319593289124,1.597107708572112
2025-11,6,2026-05,2025-12-03T22:59:00+00:00,CORE_LEVELPHASE_PANEL_R29B,0.31226259507908344,0.18987341772152,2.129032258064519,2.1032217527300627,1.3603267425468455,1.7203355142675112,0.16840391937845645,0.2,1.0715818722636352,1.7969079748394177
2025-11,7,2026-06,2025-12-03T22:59:00+00:00,CORE_LEVELPHASE_PANEL_R29B,0.17830353486624076,-0.3158559696778251,1.544401544401539,2.021992844149038,1.538471505363126,1.4039796667482534,0.26848634512086694,0.3,1.3397084366278469,2.0964588728192655
2025-11,8,2026-07,2025-12-03T22:59:00+00:00,CORE_LEVELPHASE_PANEL_R29B,0.34798479581202757,0.6337135614702172,1.7296604740550945,1.9179241193457746,1.885852235051123,2.0356937068744028,0.8438970014992725,1.0,2.180064534487795,3.091491958136074
2025-12,1,2026-01,2026-01-06T22:59:00+00:00,CORE_LEVELPHASE_FIXED040_R29B,0.8144242501438684,0.8376288659793785,1.62337662337662,1.5382969597912135,0.8111257131356051,0.8341402231089501,0.4260162527841028,0.4,0.42511137259340626,0.39920212695374535
2025-12,2,2026-02,2026-01-06T22:59:00+00:00,CORE_LEVELPHASE_FIXED040_R29B,0.0979081759484724,-0.0638977635782689,1.3609850939727857,1.4401006685158029,0.9089859902914962,0.7702220362092358,0.30706235749946786,0.5,0.7317032564880968,0.8979562780576527
2025-12,3,2026-03,2026-01-06T22:59:00+00:00,CORE_LEVELPHASE_FIXED040_R29B,-0.06810764602798601,0.5754475703324768,1.8782383419689104,1.3053574031719106,0.8408551404699696,1.3440202315113754,-0.1430959776538776,0.2,0.588504798765211,1.0977565443249584
2025-12,4,2026-04,2026-01-06T22:59:00+00:00,CORE_LEVELPHASE_FIXED040_R29B,0.1406498886990613,0.4450095359186168,2.464332036316472,1.579422838868453,0.9814062098617204,1.7880425277848315,0.21792387758727397,0.3,0.8061915666869373,1.3973074423048062
2025-12,5,2026-05,2026-01-06T22:59:00+00:00,CORE_LEVELPHASE_FIXED040_R29B,0.2984473338978347,0.18987341772152,2.129032258064519,1.3567383237037633,1.2794090738235264,1.9777359137847987,0.1572163328549496,0.2,0.9632844440431719,1.597107708572112
2025-12,6,2026-06,2026-01-06T22:59:00+00:00,CORE_LEVELPHASE_FIXED040_R29B,0.16143471290144515,-0.3158559696778251,1.544401544401539,1.2590496068182018,1.4407136209619777,1.6613800662655407,0.2566702299815902,0.3,1.219625838551623,1.8966586065519597
2025-12,7,2026-07,2026-01-06T22:59:00+00:00,CORE_LEVELPHASE_FIXED040_R29B,0.3362348433881268,0.6337135614702172,1.7296604740550945,1.143914594784571,1.776384458902181,2.29309410639169,0.83129336323226,1.0,2.0474829887119292,2.8916916918687683
2025-12,1,2026-01,2026-01-06T22:59:00+00:00,CORE_LEVELPHASE_FIXED060_R29B,0.812923271540074,0.8376288659793785,1.62337662337662,1.5367852037866934,0.8096368490283581,0.8341402231089501,0.42317572920291013,0.4,0.42228285876833016,0.39920212695374535
2025-12,2,2026-02,2026-01-06T22:59:00+00:00,CORE_LEVELPHASE_FIXED060_R29B,0.09640897524305848,-0.0638977635782689,1.3609850939727857,1.4370710939471645,0.9059993806670179,0.7702220362092358,0.30422519849806456,0.5,0.7260462288379443,0.8979562780576527
2025-12,3,2026-03,2026-01-06T22:59:00+00:00,CORE_LEVELPHASE_FIXED060_R29B,-0.06937846125721074,0.5754475703324768,1.8782383419689104,1.3010436099458824,0.8365968414181042,1.3440202315113754,-0.14550092907478818,0.2,0.5804393443714904,1.0977565443249584
2025-12,4,2026-04,2026-01-06T22:59:00+00:00,CORE_LEVELPHASE_FIXED060_R29B,0.13959693866713496,0.4450095359186168,2.464332036316472,1.5740293425318024,0.9760964341429188,1.7880425277848315,0.21593122466874234,0.3,0.7961377726311564,1.3973074423048062
2025-12,5,2026-05,2026-01-06T22:59:00+00:00,CORE_LEVELPHASE_FIXED060_R29B,0.2976173475409607,0.18987341772152,2.129032258064519,1.350517951744678,1.2732717780253084,1.9777359137847987,0.15564562704154972,0.2,0.9516623974068388,1.597107708572112
2025-12,6,2026-06,2026-01-06T22:59:00+00:00,CORE_LEVELPHASE_FIXED060_R29B,0.16068486050835573,-0.3158559696778251,1.544401544401539,1.252077207025022,1.4338276785393236,1.6613800662655407,0.25525117350763393,0.3,1.2065883583948813,1.8966586065519597
2025-12,7,2026-07,2026-01-06T22:59:00+00:00,CORE_LEVELPHASE_FIXED060_R29B,0.3355621154602722,0.6337135614702172,1.7296604740550945,1.13627202633696,1.76882804066972,2.29309410639169,0.8300202607789889,1.0,2.0331828940949235,2.8916916918687683
2025-12,1,2026-01,2026-01-06T22:59:00+00:00,CORE_LEVELPHASE_FIXED080_R29B,0.8114223353910665,0.8376288659793785,1.62337662337662,1.5352734905417966,0.8081480048666899,0.8341402231089501,0.4203352859651832,0.4,0.4194543449432539,0.39920212695374535
2025-12,2,2026-02,2026-01-06T22:59:00+00:00,CORE_LEVELPHASE_FIXED080_R29B,0.09490981694214412,-0.0638977635782689,1.3609850939727857,1.4340416503077131,0.9030128109196577,0.7702220362092358,0.30138811974496105,0.5,0.7203892011877919,0.8979562780576527
2025-12,3,2026-03,2026-01-06T22:59:00+00:00,CORE_LEVELPHASE_FIXED080_R29B,-0.07064924588015022,0.5754475703324768,1.8782383419689104,1.2967300554476062,0.8323385966991349,1.3440202315113754,-0.1479058225749031,0.2,0.5723738899777697,1.0977565443249584
2025-12,4,2026-04,2026-01-06T22:59:00+00:00,CORE_LEVELPHASE_FIXED080_R29B,0.1385440095712236,0.4450095359186168,2.464332036316472,1.5686361977607155,0.9707867226079147,1.7880425277848315,0.21393861137052514,0.3,0.7860839785753755,1.3973074423048062
2025-12,5,2026-05,2026-01-06T22:59:00+00:00,CORE_LEVELPHASE_FIXED080_R29B,0.2967873742002672,0.18987341772152,2.129032258064519,1.3442980327952383,1.2671345525406013,1.9777359137847987,0.15407494586059112,0.2,0.9400403507705057,1.597107708572112
2025-12,6,2026-06,2026-01-06T22:59:00+00:00,CORE_LEVELPHASE_FIXED080_R29B,0.1599350187288533,-0.3158559696778251,1.544401544401539,1.245105363573769,1.4269418114220593,1.6613800662655407,0.25383213711933644,0.3,1.1935508782381399,1.8966586065519597
2025-12,7,2026-07,2026-01-06T22:59:00+00:00,CORE_LEVELPHASE_FIXED080_R29B,0.334889396026324,0.6337135614702172,1.7296604740550945,1.1286301155422314,1.7612717017127966,2.29309410639169,0.828747174399992,1.0,2.0188827994779173,2.8916916918687683
2025-12,1,2026-01,2026-01-06T22:59:00+00:00,CORE_LEVELPHASE_PANEL_R29B,0.8142439722913274,0.8376288659793785,1.62337662337662,1.538115387498729,0.8109468914887326,0.8341402231089501,0.4256750863677295,0.4,0.42477165285881113,0.39920212695374535
2025-12,2,2026-02,2026-01-06T22:59:00+00:00,CORE_LEVELPHASE_PANEL_R29B,0.0977281116337534,-0.0638977635782689,1.3609850939727857,1.4397367933852048,0.9086272802933507,0.7702220362092358,0.30672159519226533,0.5,0.7310238170189063,0.8979562780576527
2025-12,3,2026-03,2026-01-06T22:59:00+00:00,CORE_LEVELPHASE_PANEL_R29B,-0.0681804701147751,0.5754475703324768,1.8782383419689104,1.3049201866609728,0.8404235567259073,1.3440202315113754,-0.14323379343305015,0.2,0.5876873459301707,1.0977565443249584
2025-12,4,2026-04,2026-01-06T22:59:00+00:00,CORE_LEVELPHASE_PANEL_R29B,0.1406836184680832,0.4450095359186168,2.464332036316472,1.5790186537727422,0.9810083085067567,1.7880425277848315,0.21798770941275944,0.3,0.8054378068547925,1.3973074423048062
2025-12,5,2026-05,2026-01-06T22:59:00+00:00,CORE_LEVELPHASE_PANEL_R29B,0.29858779588711387,0.18987341772152,2.129032258064519,1.356476968168844,1.2791512164021017,1.9777359137847987,0.15748214983048828,0.2,0.9627960835826682,1.597107708572112
2025-12,6,2026-06,2026-01-06T22:59:00+00:00,CORE_LEVELPHASE_PANEL_R29B,0.16141371690062836,-0.3158559696778251,1.544401544401539,1.2587672771506833,1.440434801377743,1.6613800662655407,0.25663049614709044,0.3,1.2190978459725956,1.8966586065519597
2025-12,7,2026-07,2026-01-06T22:59:00+00:00,CORE_LEVELPHASE_PANEL_R29B,0.3360512038791711,0.6337135614702172,1.7296604740550945,1.1434474688940133,1.7759226150323586,2.29309410639169,0.8309458350567691,1.0,2.0466103325242138,2.8916916918687683
2026-01,1,2026-02,2026-02-04T22:59:00+00:00,CORE_LEVELPHASE_FIXED040_R29B,0.13785246111152688,-0.0638977635782689,1.3609850939727857,1.5795352514165801,0.13775753183789965,-0.0639181868997143,0.33945422586750107,0.5,0.3388793805340595,0.49875415110390736
2026-01,2,2026-03,2026-02-04T22:59:00+00:00,CORE_LEVELPHASE_FIXED040_R29B,-0.04682380560839809,0.5754475703324768,1.8782383419689104,1.466212798168646,0.09092276046245007,0.5098800084024252,-0.11252104413475168,0.2,0.22629498394475425,0.698554417371213
2026-01,3,2026-04,2026-02-04T22:59:00+00:00,CORE_LEVELPHASE_FIXED040_R29B,0.1653630089537926,0.4450095359186168,2.464332036316472,1.7658213928901232,0.25614919533386993,0.9539023046758817,0.24793591042456303,0.3,0.4739240403870807,0.998105315351061
2026-01,4,2026-05,2026-02-04T22:59:00+00:00,CORE_LEVELPHASE_FIXED040_R29B,0.31782057770350813,0.18987341772152,2.129032258064519,1.56234183504588,0.57346579099607,1.1435956906758487,0.18700742593657907,0.2,0.6607568251309852,1.1979055816183666
2026-01,5,2026-06,2026-02-04T22:59:00+00:00,CORE_LEVELPHASE_FIXED040_R29B,0.180633148227312,-0.3158559696778251,1.544401544401539,1.4839031469109671,0.7539359937450458,0.8272398431565908,0.2858604338393926,0.3,0.9462094550141233,1.4974564795982146
2026-01,6,2026-07,2026-02-04T22:59:00+00:00,CORE_LEVELPHASE_FIXED040_R29B,0.35288659528405036,0.6337135614702172,1.7296604740550945,1.3853355368709332,1.106201405237384,1.4589538832827404,0.8600535316088891,1.0,1.8025855962113173,2.492489564915023
2026-01,1,2026-02,2026-02-04T22:59:00+00:00,CORE_LEVELPHASE_FIXED060_R29B,0.14455529902961728,-0.0638977635782689,1.3609850939727857,1.5863345899669017,0.14445091843690663,-0.0639181868997143,0.35213613025908685,0.5,0.35151758264901795,0.49875415110390736
2026-01,2,2026-03,2026-02-04T22:59:00+00:00,CORE_LEVELPHASE_FIXED060_R29B,-0.04015116036975942,0.5754475703324768,1.8782383419689104,1.4797786568559024,0.10429169533049158,0.5098800084024252,-0.09989626490101869,0.2,0.25157138817467123,0.698554417371213
2026-01,3,2026-04,2026-02-04T22:59:00+00:00,CORE_LEVELPHASE_FIXED060_R29B,0.1719864422253152,0.4450095359186168,2.464332036316472,1.7861574719842868,0.27613041023065354,0.9539023046758817,0.26046757962497663,0.3,0.5117003388843744,0.998105315351061
2026-01,4,2026-05,2026-02-04T22:59:00+00:00,CORE_LEVELPHASE_FIXED060_R29B,0.3243667389693766,0.18987341772152,2.129032258064519,1.5892659482831817,0.5999722151279976,1.1435956906758487,0.1993928949453982,0.2,0.7108947100480736,1.1979055816183666
2026-01,5,2026-06,2026-02-04T22:59:00+00:00,CORE_LEVELPHASE_FIXED060_R29B,0.1871124498929559,-0.3158559696778251,1.544401544401539,1.517371798309058,0.7869098277373388,0.8272398431565908,0.2981194031374818,0.3,1.0085706185034247,1.4974564795982146
2026-01,6,2026-07,2026-02-04T22:59:00+00:00,CORE_LEVELPHASE_FIXED060_R29B,0.3593761701175833,0.6337135614702172,1.7296604740550945,1.4253301843953878,1.1456417846677895,1.4589538832827404,0.8723319379476109,1.0,1.8771197247159328,2.492489564915023
2026-01,1,2026-02,2026-02-04T22:59:00+00:00,CORE_LEVELPHASE_FIXED080_R29B,0.15125898411944386,-0.0638977635782689,1.3609850939727857,1.5931347878856743,0.15114470294390883,-0.0639181868997143,0.3648196375166665,0.5,0.36415578476397664,0.49875415110390736
2026-01,2,2026-03,2026-02-04T22:59:00+00:00,CORE_LEVELPHASE_FIXED080_R29B,-0.03347767177543772,0.5754475703324768,1.8782383419689104,1.4933471371078582,0.11766142614494442,0.5098800084024252,-0.08726989002134124,0.2,0.27684779240458846,0.698554417371213
2026-01,3,2026-04,2026-02-04T22:59:00+00:00,CORE_LEVELPHASE_FIXED080_R29B,0.17861070347074043,0.4450095359186168,2.464332036316472,1.8064988215421716,0.2961128103779779,0.9539023046758817,0.27300081536869625,0.3,0.5494766373816681,0.998105315351061
2026-01,4,2026-05,2026-02-04T22:59:00+00:00,CORE_LEVELPHASE_FIXED080_R29B,0.33091370949464477,0.18987341772152,2.129032258064519,1.6161987904821322,0.6264802053449765,1.1435956906758487,0.21177989508930667,0.2,0.7610325949651621,1.1979055816183666
2026-01,5,2026-06,2026-02-04T22:59:00+00:00,CORE_LEVELPHASE_FIXED080_R29B,0.193592543590097,-0.3158559696778251,1.544401544401539,1.5508534558245102,0.8198856000689789,0.8272398431565908,0.3103798709751218,0.3,1.070931781992726,1.4974564795982146
2026-01,6,2026-07,2026-02-04T22:59:00+00:00,CORE_LEVELPHASE_FIXED080_R29B,0.3658665349728738,0.6337135614702172,1.7296604740550945,1.465342950228323,1.185084471444354,1.4589538832827404,0.8846118390234156,1.0,1.9516538532205476,2.492489564915023
2026-01,1,2026-02,2026-02-04T22:59:00+00:00,CORE_LEVELPHASE_PANEL_R29B,0.1386366820039272,-0.0638977635782689,1.3609850939727857,1.5803307627225118,0.1385406700841907,-0.0639181868997143,0.3409379875966133,0.5,0.3403581116774201,0.49875415110390736
2026-01,2,2026-03,2026-02-04T22:59:00+00:00,CORE_LEVELPHASE_PANEL_R29B,-0.04604311720929584,0.5754475703324768,1.8782383419689104,1.4677999342398795,0.09248694977689363,0.5098800084024252,-0.11104396595413299,0.2,0.22925244623147534,0.698554417371213
2026-01,3,2026-04,2026-02-04T22:59:00+00:00,CORE_LEVELPHASE_PANEL_R29B,0.16547038498757982,0.4450095359186168,2.464332036316472,1.7675223088554837,0.2578205833575367,0.9539023046758817,0.24813906804392927,0.3,0.4770841576328957,0.998105315351061
2026-01,4,2026-05,2026-02-04T22:59:00+00:00,CORE_LEVELPHASE_PANEL_R29B,0.3172521784548836,0.18987341772152,2.129032258064519,1.563463889744587,0.5745705789325058,1.1435956906758487,0.1859320031059225,0.2,0.6628435211516275,1.1979055816183666
2026-01,5,2026-06,2026-02-04T22:59:00+00:00,CORE_LEVELPHASE_PANEL_R29B,0.17938782004425124,-0.3158559696778251,1.544401544401539,1.4837627921786496,0.7537976911916141,0.8272398431565908,0.2835042478258386,0.3,0.9459466536253263,1.4974564795982146
2026-01,6,2026-07,2026-02-04T22:59:00+00:00,CORE_LEVELPHASE_PANEL_R29B,0.3531466485657785,0.6337135614702172,1.7296604740550945,1.3854580468543696,1.1063222411637728,1.4589538832827404,0.8605455576575413,1.0,1.8028106240783073,2.492489564915023
2026-02,1,2026-03,2026-03-03T22:59:00+00:00,CORE_LEVELPHASE_FIXED040_R29B,-0.13425239033065084,0.5754475703324768,1.8782383419689104,1.3008051454832308,-0.13434258959101197,0.5737981953021395,-0.13319443592516025,0.2,-0.13328321855840902,0.19980026626730563
2026-02,2,2026-04,2026-03-03T22:59:00+00:00,CORE_LEVELPHASE_FIXED040_R29B,0.090349419686466,0.4450095359186168,2.464332036316472,1.5238373964642882,-0.044033960425250845,1.017820491575596,0.22858047354581656,0.3,0.09503640724535334,0.49935116424715353
2026-02,3,2026-05,2026-03-03T22:59:00+00:00,CORE_LEVELPHASE_FIXED040_R29B,0.24682297854907648,0.18987341772152,2.129032258064519,1.2491342188010428,0.202484910512312,1.207513877575563,0.16814976389757572,0.2,0.26304495770531444,0.6991514305144592
2026-02,4,2026-06,2026-03-03T22:59:00+00:00,CORE_LEVELPHASE_FIXED040_R29B,0.12830522594560692,-0.3158559696778251,1.544401544401539,1.1180922337864072,0.3307078956415546,0.8911580300563051,0.26718119603823226,0.3,0.529869859279404,0.9987023284943071
2026-02,5,2026-07,2026-03-03T22:59:00+00:00,CORE_LEVELPHASE_FIXED040_R29B,0.3209385486424141,0.6337135614702172,1.7296604740550945,0.9877195338764393,0.6511325357840273,1.5228720701824547,0.8414988124637127,1.0,1.3678478087107124,1.9937354138111154
2026-02,1,2026-03,2026-03-03T22:59:00+00:00,CORE_LEVELPHASE_FIXED060_R29B,-0.1324517082758096,0.5754475703324768,1.8782383419689104,1.3026317031001569,-0.13253950308331322,0.5737981953021395,-0.1298840407641826,0.2,-0.12996846319316785,0.19980026626730563
2026-02,2,2026-04,2026-03-03T22:59:00+00:00,CORE_LEVELPHASE_FIXED060_R29B,0.09215662484559294,0.4450095359186168,2.464332036316472,1.5275010964772964,-0.04042531638419401,1.017820491575596,0.23190286085877013,0.3,0.10166591797583568,0.49935116424715353
2026-02,3,2026-05,2026-03-03T22:59:00+00:00,CORE_LEVELPHASE_FIXED060_R29B,0.2487277778475848,0.18987341772152,2.129032258064519,1.2547119193098004,0.20799364589343047,1.207513877575563,0.1716515694292422,0.2,0.2731703344681253,0.6991514305144592
2026-02,4,2026-06,2026-03-03T22:59:00+00:00,CORE_LEVELPHASE_FIXED060_R29B,0.13031068992599207,-0.3158559696778251,1.544401544401539,1.1256881152775737,0.3382195051275203,0.8911580300563051,0.27086806471020736,0.3,0.5436722127416309,0.9987023284943071
2026-02,5,2026-07,2026-03-03T22:59:00+00:00,CORE_LEVELPHASE_FIXED060_R29B,0.32305484715067845,0.6337135614702172,1.7296604740550945,0.9974361463836685,0.6607536512387744,1.5228720701824547,0.8453894406410232,1.0,1.3855082495394426,1.9937354138111154
2026-02,1,2026-03,2026-03-03T22:59:00+00:00,CORE_LEVELPHASE_FIXED080_R29B,-0.13065096653177408,0.5754475703324768,1.8782383419689104,1.3044583212640026,-0.130736389318957,0.5737981953021395,-0.12657353586988504,0.2,-0.12665370782792662,0.19980026626730563
2026-02,2,2026-04,2026-03-03T22:59:00+00:00,CORE_LEVELPHASE_FIXED080_R29B,0.09396388991014272,0.4450095359186168,2.464332036316472,1.531164984043212,-0.03681661783708491,1.017820491575596,0.2352253583025607,0.3,0.10829542870631811,0.49935116424715353
2026-02,3,2026-05,2026-03-03T22:59:00+00:00,CORE_LEVELPHASE_FIXED080_R29B,0.25063264373648875,0.18987341772152,2.129032258064519,1.260290012984034,0.21350246610173196,1.207513877575563,0.17515349738147856,0.2,0.2832957112309362,0.6991514305144592
2026-02,4,2026-06,2026-03-03T22:59:00+00:00,CORE_LEVELPHASE_FIXED080_R29B,0.1323162276481761,-0.3158559696778251,1.544401544401539,1.133284687061745,0.3457312329707811,0.8911580300563051,0.2745550689499767,0.3,0.5574745662038576,0.9987023284943071
2026-02,5,2026-07,2026-03-03T22:59:00+00:00,CORE_LEVELPHASE_FIXED080_R29B,0.32517122730916354,0.6337135614702172,1.7296604740550945,1.007153850589578,0.6703749219371793,1.5228720701824547,0.8492802189250639,1.0,1.4031686903681728,1.9937354138111154
2026-02,1,2026-03,2026-03-03T22:59:00+00:00,CORE_LEVELPHASE_PANEL_R29B,-0.13402953315180868,0.5754475703324768,1.8782383419689104,1.3010312050901482,-0.1341194330678634,0.5737981953021395,-0.13278473265497728,0.2,-0.1328729696999741,0.19980026626730563
2026-02,2,2026-04,2026-03-03T22:59:00+00:00,CORE_LEVELPHASE_PANEL_R29B,0.09057308418196608,0.4450095359186168,2.464332036316472,1.5242908220940283,-0.043587341553440295,1.017820491575596,0.22899166099648022,0.3,0.09585690496222327,0.49935116424715353
2026-02,3,2026-05,2026-03-03T22:59:00+00:00,CORE_LEVELPHASE_PANEL_R29B,0.24683743095067737,0.18987341772152,2.129032258064519,1.2496010145199872,0.20294594620066558,1.207513877575563,0.16817633336340423,0.2,0.2638919802829983,0.6991514305144592
2026-02,4,2026-06,2026-03-03T22:59:00+00:00,CORE_LEVELPHASE_PANEL_R29B,0.12811040949395486,-0.3158559696778251,1.544401544401539,1.1183616821979057,0.3309743643283628,0.8911580300563051,0.2668230431721591,0.3,0.5303596827202809,0.9987023284943071
2026-02,5,2026-07,2026-03-03T22:59:00+00:00,CORE_LEVELPHASE_PANEL_R29B,0.3205321352258889,0.6337135614702172,1.7296604740550945,0.9875795191602323,0.6509938903983155,1.5228720701824547,0.8407516572378336,1.0,1.3675967090171617,1.9937354138111154
2026-03,1,2026-04,2026-04-06T21:59:00+00:00,CORE_LEVELPHASE_FIXED040_R29B,0.46042583434653306,0.4450095359186168,2.464332036316472,2.4879042517329975,0.4593691169602755,0.44402229627345635,0.25309890996968937,0.3,0.25277915409732593,0.2995508979798479
2026-03,2,2026-05,2026-04-06T21:59:00+00:00,CORE_LEVELPHASE_FIXED040_R29B,0.2677376339432378,0.18987341772152,2.129032258064519,2.231916861955738,0.7267489721636418,0.6337156822734235,0.19080635067910717,0.2,0.44340370068490276,0.49935116424715353
2026-03,3,2026-06,2026-04-06T21:59:00+00:00,CORE_LEVELPHASE_FIXED040_R29B,0.1480938618593916,-0.3158559696778251,1.544401544401539,2.1197811366272172,0.8747332832087814,0.3173598347541656,0.2892153605036281,0.3,0.7322016382053551,0.7989020622270014
2026-03,4,2026-07,2026-04-06T21:59:00+00:00,CORE_LEVELPHASE_FIXED040_R29B,0.33818370554660104,0.6337135614702172,1.7296604740550945,2.0056486925506483,1.2123464336496292,0.9490738748803154,0.8633958695548705,1.0,1.591891561668527,1.79393514754381
2026-03,1,2026-04,2026-04-06T21:59:00+00:00,CORE_LEVELPHASE_FIXED060_R29B,0.4691706370897189,0.4450095359186168,2.464332036316472,2.496825540875468,0.4680734620664981,0.44402229627345635,0.26917545863463344,0.3,0.2688138302947815,0.2995508979798479
2026-03,2,2026-05,2026-04-06T21:59:00+00:00,CORE_LEVELPHASE_FIXED060_R29B,0.2764770030773953,0.18987341772152,2.129032258064519,2.2497272113874174,0.7441689704793152,0.6337156822734235,0.20687291013302658,0.2,0.47547305307981397,0.49935116424715353
2026-03,3,2026-06,2026-04-06T21:59:00+00:00,CORE_LEVELPHASE_FIXED060_R29B,0.15671028724961147,-0.3158559696778251,1.544401544401539,2.1463595441113847,0.9007565952913281,0.3173598347541656,0.3050558987263649,0.3,0.7800646004139711,0.7989020622270014
2026-03,4,2026-07,2026-04-06T21:59:00+00:00,CORE_LEVELPHASE_FIXED060_R29B,0.34671718169722837,0.6337135614702172,1.7296604740550945,2.0408749423078443,1.2468740986935032,0.9490738748803154,0.8790839129156656,1.0,1.6553070673070966,1.79393514754381
2026-03,1,2026-04,2026-04-06T21:59:00+00:00,CORE_LEVELPHASE_FIXED080_R29B,0.47791684214613406,0.4450095359186168,2.464332036316472,2.5057482606324597,0.4767784452256513,0.44402229627345635,0.2852545853287836,0.3,0.28484850649223714,0.2995508979798479
2026-03,2,2026-05,2026-04-06T21:59:00+00:00,CORE_LEVELPHASE_FIXED080_R29B,0.2852177736534505,0.18987341772152,2.129032258064519,2.267541968533728,0.761590244744125,0.6337156822734235,0.22294204601428588,0.2,0.5075424054747253,0.49935116424715353
2026-03,3,2026-06,2026-04-06T21:59:00+00:00,CORE_LEVELPHASE_FIXED080_R29B,0.16532807359190616,-0.3158559696778251,1.544401544401539,2.172946804793525,0.9267818019223689,0.3173598347541656,0.3208989389394729,0.3,0.827927562622587,0.7989020622270014
2026-03,4,2026-07,2026-04-06T21:59:00+00:00,CORE_LEVELPHASE_FIXED080_R29B,0.35525198512364997,0.6337135614702172,1.7296604740550945,2.076115902690895,1.2814042576845004,0.9490738748803154,0.8947743963559599,1.0,1.718722572945666,1.79393514754381
2026-03,1,2026-04,2026-04-06T21:59:00+00:00,CORE_LEVELPHASE_PANEL_R29B,0.46144525973591777,0.4450095359186168,2.464332036316472,2.4889442510245727,0.46038386501517103,0.44402229627345635,0.25497303364795,0.3,0.25464852889121675,0.2995508979798479
2026-03,2,2026-05,2026-04-06T21:59:00+00:00,CORE_LEVELPHASE_PANEL_R29B,0.2687564259096441,0.18987341772152,2.129032258064519,2.2339930235807564,0.7287797866170164,0.6337156822734235,0.19267930986508164,0.2,0.4471424502726844,0.49935116424715353
2026-03,3,2026-06,2026-04-06T21:59:00+00:00,CORE_LEVELPHASE_PANEL_R29B,0.1482385078881767,-0.3158559696778251,1.544401544401539,2.1220025177347352,0.8769085296915134,0.3173598347541656,0.28948127947164215,0.3,0.7362055395489999,0.7989020622270014
2026-03,4,2026-07,2026-04-06T21:59:00+00:00,CORE_LEVELPHASE_PANEL_R29B,0.3374490367874755,0.6337135614702172,1.7296604740550945,2.007120696908159,1.2137894848487694,0.9490738748803154,0.8620452458294927,1.0,1.5945563917300072,1.79393514754381
2026-04,1,2026-05,2026-05-05T21:59:00+00:00,CORE_LEVELPHASE_FIXED040_R29B,0.2873646288063195,0.18987341772152,2.129032258064519,2.2823741864057805,0.2869525259599802,0.18969338599996707,0.33676814027079605,0.2,0.33620234628935003,0.19980026626730563
2026-04,2,2026-06,2026-05-05T21:59:00+00:00,CORE_LEVELPHASE_FIXED040_R29B,0.24343443916595392,-0.3158559696778251,1.544401544401539,2.2674487136915755,0.5300911434856426,-0.12666246151929078,0.4308797582285649,0.3,0.7661564756334591,0.49935116424715353
2026-04,3,2026-07,2026-05-05T21:59:00+00:00,CORE_LEVELPHASE_FIXED040_R29B,0.43031987675334643,0.6337135614702172,1.7296604740550945,2.246954008053985,0.9594877918665417,0.5050515786068589,1.0021524378109101,1.0,1.763320664787544,1.4943842495639619
2026-04,1,2026-05,2026-05-05T21:59:00+00:00,CORE_LEVELPHASE_FIXED060_R29B,0.2873646288063195,0.18987341772152,2.129032258064519,2.2823741864057805,0.2869525259599802,0.18969338599996707,0.33676814027079605,0.2,0.33620234628935003,0.19980026626730563
2026-04,2,2026-06,2026-05-05T21:59:00+00:00,CORE_LEVELPHASE_FIXED060_R29B,0.24343443916595392,-0.3158559696778251,1.544401544401539,2.2674487136915755,0.5300911434856426,-0.12666246151929078,0.4308797582285649,0.3,0.7661564756334591,0.49935116424715353
2026-04,3,2026-07,2026-05-05T21:59:00+00:00,CORE_LEVELPHASE_FIXED060_R29B,0.43031987675334643,0.6337135614702172,1.7296604740550945,2.246954008053985,0.9594877918665417,0.5050515786068589,1.0021524378109101,1.0,1.763320664787544,1.4943842495639619
2026-04,1,2026-05,2026-05-05T21:59:00+00:00,CORE_LEVELPHASE_FIXED080_R29B,0.2873646288063195,0.18987341772152,2.129032258064519,2.2823741864057805,0.2869525259599802,0.18969338599996707,0.33676814027079605,0.2,0.33620234628935003,0.19980026626730563
2026-04,2,2026-06,2026-05-05T21:59:00+00:00,CORE_LEVELPHASE_FIXED080_R29B,0.24343443916595392,-0.3158559696778251,1.544401544401539,2.2674487136915755,0.5300911434856426,-0.12666246151929078,0.4308797582285649,0.3,0.7661564756334591,0.49935116424715353
2026-04,3,2026-07,2026-05-05T21:59:00+00:00,CORE_LEVELPHASE_FIXED080_R29B,0.43031987675334643,0.6337135614702172,1.7296604740550945,2.246954008053985,0.9594877918665417,0.5050515786068589,1.0021524378109101,1.0,1.763320664787544,1.4943842495639619
2026-04,1,2026-05,2026-05-05T21:59:00+00:00,CORE_LEVELPHASE_PANEL_R29B,0.2489374836739063,0.18987341772152,2.129032258064519,2.2431826127524452,0.24862814758264845,0.18969338599996707,0.2661232227216274,0.2,0.26576974186415403,0.19980026626730563
2026-04,2,2026-06,2026-05-05T21:59:00+00:00,CORE_LEVELPHASE_PANEL_R29B,0.204971251006952,-0.3158559696778251,1.544401544401539,2.1890380965224128,0.4533896191303811,-0.12666246151929078,0.3601685787535413,0.3,0.625291266783067,0.49935116424715353
2026-04,3,2026-07,2026-05-05T21:59:00+00:00,CORE_LEVELPHASE_PANEL_R29B,0.39052560101153994,0.6337135614702172,1.7296604740550945,2.128076073009523,0.8431546484251283,0.5050515786068589,0.9289941711995946,1.0,1.5499968272999394,1.4943842495639619
2026-05,1,2026-06,2026-06-03T21:59:00+00:00,CORE_LEVELPHASE_FIXED040_R29B,0.222229879334672,-0.3158559696778251,1.544401544401539,2.2736808838601665,0.22198331396537221,-0.3163558475192579,0.3902141696206325,0.3,0.38945480891079653,0.2995508979798479
2026-05,2,2026-07,2026-06-03T21:59:00+00:00,CORE_LEVELPHASE_FIXED040_R29B,0.4165522630284136,0.6337135614702172,1.7296604740550945,2.2391674258577825,0.6376703998324825,0.3153581926068918,0.962801666039338,1.0,1.3476510766805716,1.2945839832966564
2026-05,1,2026-06,2026-06-03T21:59:00+00:00,CORE_LEVELPHASE_FIXED060_R29B,0.222229879334672,-0.3158559696778251,1.544401544401539,2.2736808838601665,0.22198331396537221,-0.3163558475192579,0.3902141696206325,0.3,0.38945480891079653,0.2995508979798479
2026-05,2,2026-07,2026-06-03T21:59:00+00:00,CORE_LEVELPHASE_FIXED060_R29B,0.4165522630284136,0.6337135614702172,1.7296604740550945,2.2391674258577825,0.6376703998324825,0.3153581926068918,0.962801666039338,1.0,1.3476510766805716,1.2945839832966564
2026-05,1,2026-06,2026-06-03T21:59:00+00:00,CORE_LEVELPHASE_FIXED080_R29B,0.222229879334672,-0.3158559696778251,1.544401544401539,2.2736808838601665,0.22198331396537221,-0.3163558475192579,0.3902141696206325,0.3,0.38945480891079653,0.2995508979798479
2026-05,2,2026-07,2026-06-03T21:59:00+00:00,CORE_LEVELPHASE_FIXED080_R29B,0.4165522630284136,0.6337135614702172,1.7296604740550945,2.2391674258577825,0.6376703998324825,0.3153581926068918,0.962801666039338,1.0,1.3476510766805716,1.2945839832966564
2026-05,1,2026-06,2026-06-03T21:59:00+00:00,CORE_LEVELPHASE_PANEL_R29B,0.19332410556572754,-0.3158559696778251,1.544401544401539,2.244183437178872,0.19313747501261758,-0.3163558475192579,0.33730488106750445,0.3,0.3367372841501594,0.2995508979798479
2026-05,2,2026-07,2026-06-03T21:59:00+00:00,CORE_LEVELPHASE_PANEL_R29B,0.38748162174950973,0.6337135614702172,1.7296604740550945,2.180090180815641,0.5798703203501984,0.3153581926068918,0.9095906030819957,1.0,1.2422160271592966,1.2945839832966564
2026-06,1,2026-07,2026-07-06T21:59:00+00:00,CORE_LEVELPHASE_FIXED040_R29B,0.27309399238662757,0.6337135614702172,1.7296604740550945,1.6269158145207332,0.27272176827037103,0.6317140401261497,0.9258048864624644,1.0,0.9215455814108175,0.9950330853168083
2026-06,1,2026-07,2026-07-06T21:59:00+00:00,CORE_LEVELPHASE_FIXED060_R29B,0.27309399238662757,0.6337135614702172,1.7296604740550945,1.6269158145207332,0.27272176827037103,0.6317140401261497,0.9258048864624644,1.0,0.9215455814108175,0.9950330853168083
2026-06,1,2026-07,2026-07-06T21:59:00+00:00,CORE_LEVELPHASE_FIXED080_R29B,0.27309399238662757,0.6337135614702172,1.7296604740550945,1.6269158145207332,0.27272176827037103,0.6317140401261497,0.9258048864624644,1.0,0.9215455814108175,0.9950330853168083
2026-06,1,2026-07,2026-07-06T21:59:00+00:00,CORE_LEVELPHASE_PANEL_R29B,0.25252265205587776,0.6337135614702172,1.7296604740550945,1.6060667333889223,0.252204349351879,0.6317140401261497,0.888074195720341,1.0,0.8841540091826636,0.9950330853168083
