series { title="R35 monthly CPI index" start=2015.1 period=12 data=(
100.40000000000001 100.7 100 100.40000000000001 100.09999999999999 100.2
99.900000000000006 99.5 99.799999999999997 100 99.799999999999997 99
100.2 100.5 100.5 100.7 101 100.8
101.2 100.5 100.09999999999999 100.5 101.2 100.7
102 102.59999999999999 102.09999999999999 103 102.59999999999999 102.7
103.3 102.7 102.2 103.5 103.3 102.90000000000001
103.8 104.40000000000001 104.90000000000001 105.5 105.7 105.90000000000001
106 106.5 106.40000000000001 107.40000000000001 107.09999999999999 106.59999999999999
108.5 108.59999999999999 108.8 109.5 109.59999999999999 109.40000000000001
109.5 109.59999999999999 109.59999999999999 110.5 110.40000000000001 109.5
111.90000000000001 112.2 113 113.2 113.09999999999999 113.90000000000001
113.90000000000001 114.2 114 114.8 114.59999999999999 113.90000000000001
115.3 114.8 114.8 114.5 115.5 115.8
116.3 117 117.7 117.8 119 119.59999999999999
122 122.90000000000001 124.5 127.09999999999999 128.69999999999999 130
131.30000000000001 132.80000000000001 134.80000000000001 137.09999999999999 136.90000000000001 137.80000000000001
142.09999999999999 144.19999999999999 145.59999999999999 147 146.30000000000001 146.80000000000001
146.09999999999999 146.5 146.19999999999999 146.09999999999999 147.09999999999999 145.80000000000001
148.09999999999999 148.90000000000001 149.09999999999999 150.40000000000001 150.09999999999999 150.09999999999999
151 150.59999999999999 150.69999999999999 151.30000000000001 151.09999999999999 150.30000000000001
152.30000000000001 153.19999999999999 153.09999999999999 153.80000000000001 154.09999999999999 154.19999999999999
154.40000000000001 154.19999999999999 154.19999999999999 155.19999999999999 154.69999999999999 154.40000000000001
157.5 158.90000000000001 158.69999999999999 159.09999999999999 159.19999999999999 159.80000000000001
160
) }
transform { function=log }
automdl { }
outlier { types=(ao ls tc) }
x11 { mode=mult save=(d10 d11 d12 d13) appendfcst=no appendbcst=no savelog=all }
spectrum { logqs=yes robustsa=no print=all savelog=all }
check { }
