series { title="R35 monthly CPI index" start=2015.1 period=12 data=(
98.900000000000006 98.5 98.5 100.3 99.900000000000006 100.09999999999999
100.09999999999999 99.799999999999997 99.599999999999994 101.2 100.90000000000001 102.3
101.90000000000001 101.3 100.5 102.2 102.3 103
102.40000000000001 102.7 102.40000000000001 104.40000000000001 103.3 103
101.8 101.5 101.5 102.40000000000001 102.7 102
102.09999999999999 101.90000000000001 102 102.2 102.59999999999999 101.3
101 100.5 99.900000000000006 101 100.7 100.2
99.900000000000006 100.2 100.09999999999999 99.799999999999997 99.799999999999997 98.900000000000006
98.400000000000006 97.299999999999997 97.200000000000003 98.799999999999997 99 98.299999999999997
97.900000000000006 97.700000000000003 97.799999999999997 98.200000000000003 98.400000000000006 97.599999999999994
96.5 96.5 95.200000000000003 94 94.5 95.200000000000003
95.599999999999994 95.599999999999994 95.200000000000003 97.700000000000003 97.900000000000006 97.599999999999994
98.200000000000003 97.299999999999997 96.700000000000003 98.799999999999997 99.599999999999994 100.5
101.09999999999999 102.09999999999999 104.5 106.90000000000001 107.5 108.5
109.40000000000001 111.40000000000001 111.90000000000001 112.40000000000001 114 116.40000000000001
117.59999999999999 117.7 119.8 122.3 122.40000000000001 122.3
124.59999999999999 124.2 125.90000000000001 125.7 126.2 126.2
127.3 127.3 129.19999999999999 131.59999999999999 131.40000000000001 130.90000000000001
131.59999999999999 131.80000000000001 132.30000000000001 133.90000000000001 133.90000000000001 133.19999999999999
133.19999999999999 133.19999999999999 133.69999999999999 135.19999999999999 135.30000000000001 134.69999999999999
135.5 135.5 135.30000000000001 135.69999999999999 137.30000000000001 136.40000000000001
137.30000000000001 138.30000000000001 138.69999999999999 139.40000000000001 138.5 137.40000000000001
136.90000000000001 136.90000000000001 137.30000000000001 139.59999999999999 138.30000000000001 138.09999999999999
137.80000000000001 138.19999999999999
) }
transform { function=log }
automdl { }
outlier { types=(ao ls tc) }
x11 { mode=mult save=(d10 d11 d12 d13) appendfcst=no appendbcst=no savelog=all }
spectrum { logqs=yes robustsa=no print=all savelog=all }
check { }
