series { title="R35 monthly CPI index" start=2015.1 period=12 data=(
99.900000000000006 101 100.40000000000001 100.7 101.3 100
100 99.200000000000003 99.900000000000006 98.5 98.400000000000006 100.8
101.5 100.40000000000001 102.59999999999999 102.40000000000001 103.8 104.90000000000001
104 103.3 103.7 101.90000000000001 102.8 104.09999999999999
104.5 106.5 107.5 106.8 108.2 106.7
105.40000000000001 106.3 105.3 104.8 106 105.2
106 108.90000000000001 109 108.2 108.2 108.5
108.5 106.90000000000001 108.09999999999999 106.90000000000001 106 108.09999999999999
108.3 111.2 110.7 109.90000000000001 111.2 110
108.40000000000001 106.8 108.3 108.7 108.40000000000001 108.59999999999999
110.59999999999999 112.59999999999999 112.7 112.59999999999999 111.40000000000001 112.09999999999999
114.40000000000001 113.09999999999999 113.3 112.59999999999999 114 114.2
111.90000000000001 113.09999999999999 113 114.5 115.59999999999999 118
116.5 117.2 118.7 119.3 121.3 122.3
123.7 129 131.69999999999999 133.90000000000001 136.19999999999999 140.09999999999999
139.40000000000001 141.40000000000001 144.59999999999999 145.80000000000001 147.90000000000001 149.80000000000001
150.59999999999999 157.09999999999999 158 158.69999999999999 158.5 159.59999999999999
157.5 155.59999999999999 157 153.5 156 154.40000000000001
154.09999999999999 155.80000000000001 155 156.5 156.30000000000001 156.40000000000001
154.80000000000001 154 153.90000000000001 153.80000000000001 153 153.69999999999999
157.30000000000001 156.59999999999999 156.19999999999999 156.59999999999999 157 156.09999999999999
153.80000000000001 154.59999999999999 154.19999999999999 153.69999999999999 152.69999999999999 153.5
154.69999999999999 156.09999999999999 158 159.80000000000001 156.5 156.40000000000001
155.59999999999999
) }
transform { function=log }
automdl { }
outlier { types=(ao ls tc) }
x11 { mode=mult save=(d10 d11 d12 d13) appendfcst=no appendbcst=no savelog=all }
spectrum { logqs=yes robustsa=no print=all savelog=all }
check { }
