series { title="R35 monthly CPI index" start=2015.1 period=12 data=(
99.5 100.09999999999999 99.900000000000006 100.09999999999999 100.40000000000001 100.09999999999999
100.2 99.400000000000006 99.5 99.799999999999997 100.2 100.90000000000001
100.59999999999999 101.90000000000001 101.3 101 101.5 101.7
101 101.40000000000001 101 101.40000000000001 101.8 100.7
100.3 100.40000000000001 100 99 99.5 99.5
99.799999999999997 99.099999999999994 99.599999999999994 100 99.700000000000003 99.200000000000003
98.599999999999994 99.099999999999994 98.900000000000006 98.599999999999994 98.700000000000003 98.299999999999997
98.299999999999997 98.099999999999994 98.200000000000003 97.900000000000006 97.599999999999994 98.099999999999994
96.200000000000003 96.700000000000003 98.099999999999994 97.400000000000006 97 96.599999999999994
96.799999999999997 95.599999999999994 96.700000000000003 97.200000000000003 97.099999999999994 97.299999999999997
96.299999999999997 98.5 99.099999999999994 98.299999999999997 99.700000000000003 99.799999999999997
100.09999999999999 100 99.400000000000006 99.700000000000003 98.799999999999997 99.5
99.099999999999994 100.09999999999999 100.2 100.90000000000001 100.2 100.90000000000001
101.2 101 102.09999999999999 102.7 103.09999999999999 104.59999999999999
104.90000000000001 105.90000000000001 106.5 107.40000000000001 106.8 107.40000000000001
108.40000000000001 109.5 112 112.90000000000001 110.2 111.8
110.2 112.3 112.5 113.40000000000001 113.09999999999999 112.2
112.40000000000001 111.59999999999999 112.7 113.2 110.90000000000001 113.3
110.90000000000001 113.40000000000001 113.8 115 113.3 113
112.90000000000001 111.09999999999999 112.3 112 110 111
110.59999999999999 112.59999999999999 111.90000000000001 113.09999999999999 112.7 112.8
112.90000000000001 111.5 113.59999999999999 113.3 109.09999999999999 112.59999999999999
111 114.5 114.7 115.09999999999999 113.8 114.5
114.3 113.09999999999999
) }
transform { function=log }
automdl { }
outlier { types=(ao ls tc) }
x11 { mode=mult save=(d10 d11 d12 d13) appendfcst=no appendbcst=no savelog=all }
spectrum { logqs=yes robustsa=no print=all savelog=all }
check { }
