series { title="R35 monthly CPI index" start=2015.1 period=12 data=(
99.5 99.599999999999994 99.599999999999994 99.700000000000003 100 100
100.09999999999999 100.2 100.3 100.3 100.3 100.40000000000001
100.7 100.7 100.90000000000001 100.90000000000001 101.2 101.2
101.3 101.5 101.59999999999999 102.09999999999999 102.8 105.3
106.09999999999999 106.7 107 107.3 107.59999999999999 107.7
108.09999999999999 108.3 109.3 109.5 109.7 109.90000000000001
110.5 110.59999999999999 110.90000000000001 111.09999999999999 111.5 111.7
112 112.09999999999999 112.59999999999999 113.2 113.8 114.2
114.8 115.09999999999999 115.3 115.59999999999999 116 116.59999999999999
117 117.40000000000001 118.3 118.8 119.3 119.7
121 121.59999999999999 121.90000000000001 122 122.5 123
123.5 123.8 124.7 125.09999999999999 125.2 125.3
125.7 125.8 126 126.09999999999999 126.3 127.7
129 130.19999999999999 131.5 132.69999999999999 134.69999999999999 135.5
139.80000000000001 141.80000000000001 144.90000000000001 150.69999999999999 155.09999999999999 157.69999999999999
160 162.40000000000001 165.69999999999999 168 169.69999999999999 170.80000000000001
173.09999999999999 174.40000000000001 176 177.19999999999999 178.5 179.5
180.5 181.30000000000001 182.40000000000001 182.90000000000001 183.90000000000001 184.69999999999999
187.90000000000001 189.5 190.40000000000001 191.19999999999999 191.90000000000001 192.80000000000001
193.30000000000001 193.59999999999999 195 195.59999999999999 196.30000000000001 196.59999999999999
197.59999999999999 198.69999999999999 199.40000000000001 200.09999999999999 200.69999999999999 201.09999999999999
202 202.5 203.69999999999999 204.30000000000001 204.80000000000001 205.40000000000001
206.59999999999999 207 207.5 208.19999999999999 209 209.59999999999999
210.09999999999999 210.40000000000001
) }
transform { function=log }
automdl { }
outlier { types=(ao ls tc) }
x11 { mode=mult save=(d10 d11 d12 d13) appendfcst=no appendbcst=no savelog=all }
spectrum { logqs=yes robustsa=no print=all savelog=all }
check { }
