series { title="R35 monthly CPI index" start=2015.1 period=12 data=(
99 98.900000000000006 99 99.200000000000003 99.5 99.900000000000006
100 100.2 100.8 101.09999999999999 101.2 101.40000000000001
101.59999999999999 102.09999999999999 102.09999999999999 102.09999999999999 102.09999999999999 101.90000000000001
101.59999999999999 101.5 102.09999999999999 102.8 103.5 103.8
104.90000000000001 104.5 104.40000000000001 104.59999999999999 104.90000000000001 105
105.5 105.59999999999999 106.2 106.09999999999999 106.3 106.8
107 107.5 107.3 107.59999999999999 107.40000000000001 107.40000000000001
108.2 107.09999999999999 107.09999999999999 106.90000000000001 107.5 107.40000000000001
109 108.5 109 109.09999999999999 108.2 108.40000000000001
108.2 108 108 107.8 107.59999999999999 108.5
109 109.2 109 110.09999999999999 112 113.59999999999999
114.59999999999999 115.40000000000001 116 117.09999999999999 116.90000000000001 116.8
117.7 118.90000000000001 119.09999999999999 119.40000000000001 120 120.3
121.09999999999999 121.7 123.3 124.7 126 128.80000000000001
130.80000000000001 131.30000000000001 132.30000000000001 135.59999999999999 136.5 137.5
138.09999999999999 140.90000000000001 142 142.19999999999999 141.40000000000001 140.30000000000001
139.09999999999999 139.59999999999999 138.80000000000001 137.80000000000001 137.90000000000001 137.80000000000001
137.5 136.90000000000001 136.90000000000001 136.09999999999999 136.09999999999999 135.5
135.69999999999999 135.5 135.59999999999999 135.90000000000001 136.09999999999999 135.59999999999999
135.69999999999999 134.90000000000001 134.5 134.40000000000001 134.59999999999999 134.30000000000001
135 134.69999999999999 135.40000000000001 136.30000000000001 136.69999999999999 137.09999999999999
136.69999999999999 136.30000000000001 135.5 135.90000000000001 136.30000000000001 136
135.30000000000001 135.5 136 136.40000000000001 137.09999999999999 136.80000000000001
136.30000000000001 136.09999999999999
) }
transform { function=log }
automdl { }
outlier { types=(ao ls tc) }
x11 { mode=mult save=(d10 d11 d12 d13) appendfcst=no appendbcst=no savelog=all }
spectrum { logqs=yes robustsa=no print=all savelog=all }
check { }
