series { title="R35 monthly CPI index" start=2015.1 period=12 data=(
98.599999999999994 98.599999999999994 98.799999999999997 99.700000000000003 100.40000000000001 100.59999999999999
100.7 100.7 100.90000000000001 100.59999999999999 100.3 100.09999999999999
100.8 100.59999999999999 101.8 102.40000000000001 103 103.3
103.40000000000001 103.5 103.5 103.59999999999999 102.8 102.90000000000001
103.90000000000001 104.40000000000001 105.09999999999999 105.8 106.40000000000001 106.90000000000001
107.3 107.5 107.90000000000001 107.5 107.5 107.3
108.09999999999999 108.40000000000001 109.09999999999999 109.8 110.59999999999999 110.90000000000001
111.2 111.59999999999999 111.40000000000001 111.40000000000001 111.2 111
112 112.2 113.2 113.90000000000001 114.40000000000001 114.7
114.7 114.8 114.8 114.7 114 113.3
113.8 114.2 114.7 115.3 116.59999999999999 117.3
117.7 117.7 118.40000000000001 117.90000000000001 117.8 116.90000000000001
118.3 118.5 119 119.40000000000001 120.7 121.2
121.40000000000001 121.40000000000001 121.90000000000001 121.8 122.3 122.2
125.2 126.7 128.19999999999999 128.90000000000001 130.80000000000001 132
132.59999999999999 132.90000000000001 132.30000000000001 132.69999999999999 134.5 134.30000000000001
137.30000000000001 138.69999999999999 140.19999999999999 141.59999999999999 143.40000000000001 143.90000000000001
144.5 144.80000000000001 144 144.90000000000001 142.80000000000001 143.09999999999999
144.69999999999999 145.09999999999999 146.80000000000001 147.59999999999999 149.19999999999999 149.40000000000001
150.09999999999999 150.80000000000001 149.5 149.5 149 148.69999999999999
150.59999999999999 151.69999999999999 152 152.19999999999999 154.69999999999999 154.90000000000001
154.90000000000001 154.90000000000001 154.19999999999999 154.30000000000001 153.30000000000001 153.59999999999999
157.19999999999999 157.69999999999999 158.09999999999999 158.40000000000001 159 160.19999999999999
160.69999999999999 161.19999999999999
) }
transform { function=log }
automdl { }
outlier { types=(ao ls tc) }
x11 { mode=mult save=(d10 d11 d12 d13) appendfcst=no appendbcst=no savelog=all }
spectrum { logqs=yes robustsa=no print=all savelog=all }
check { }
