series { title="R35 monthly CPI index" start=2015.1 period=12 data=(
100.2 100.3 100.2 100.5 100.59999999999999 100.59999999999999
100.2 100.3 99.299999999999997 99.200000000000003 99.299999999999997 99.299999999999997
99.599999999999994 99.900000000000006 99.799999999999997 100 100.2 99.900000000000006
100 99.900000000000006 99.900000000000006 100.09999999999999 100.2 100.3
101.2 101.40000000000001 101.8 102.09999999999999 102.09999999999999 102.3
102.2 102.09999999999999 102.3 102.7 102.8 103
104 104.09999999999999 104.2 104.8 105.2 105.40000000000001
105.2 105.2 105.5 105.8 106.3 106.5
108.09999999999999 108.40000000000001 108.7 109.3 109.40000000000001 109.7
110.09999999999999 110 110.5 110.7 110.7 110.8
111.90000000000001 111.90000000000001 112 112.3 112.7 113
112.90000000000001 113.09999999999999 113.3 113.5 113.59999999999999 113.7
114.40000000000001 114.59999999999999 114.90000000000001 115.3 115.8 117.2
118.59999999999999 119.90000000000001 121.5 122.5 124 124.59999999999999
128.80000000000001 130.30000000000001 132.90000000000001 135.90000000000001 138.19999999999999 141.69999999999999
143.19999999999999 144.5 146 147.30000000000001 148.30000000000001 149.30000000000001
151.69999999999999 152.90000000000001 153.69999999999999 154.19999999999999 154.40000000000001 154.90000000000001
155.40000000000001 155.59999999999999 156.5 156.90000000000001 157 157.19999999999999
159.40000000000001 160 160.30000000000001 160.80000000000001 161.09999999999999 161.59999999999999
161.69999999999999 162.30000000000001 162.19999999999999 162.80000000000001 162.80000000000001 163.09999999999999
164.30000000000001 165.19999999999999 165.69999999999999 166 166.40000000000001 166.5
166.69999999999999 166.90000000000001 167.59999999999999 168.19999999999999 168.40000000000001 168.59999999999999
170.19999999999999 170.80000000000001 171.69999999999999 172.59999999999999 173.69999999999999 175.09999999999999
175.5 175.80000000000001
) }
transform { function=log }
automdl { }
outlier { types=(ao ls tc) }
x11 { mode=mult save=(d10 d11 d12 d13) appendfcst=no appendbcst=no savelog=all }
spectrum { logqs=yes robustsa=no print=all savelog=all }
check { }
