series { title="R35 monthly CPI index" start=2015.1 period=12 data=(
96.299999999999997 99.799999999999997 95.200000000000003 94.799999999999997 94.5 99.5
112.2 115.3 99.400000000000006 99.099999999999994 96.900000000000006 97
103 108.09999999999999 101.7 99.599999999999994 98.599999999999994 99.900000000000006
112.7 114.2 99.299999999999997 98.700000000000003 97.099999999999994 96.5
104.2 108.90000000000001 102.3 100.40000000000001 100 104.09999999999999
117.2 118.8 102.8 101.7 99.599999999999994 99.400000000000006
106.5 111.09999999999999 105.5 103.40000000000001 102.90000000000001 106.7
132 134.90000000000001 104.8 104.09999999999999 102.90000000000001 103.40000000000001
115.3 120.90000000000001 110.3 108.2 106.2 113.3
141.40000000000001 145.40000000000001 111.09999999999999 110.40000000000001 109.5 109.7
120.5 127.3 116.40000000000001 113.5 112.5 118.5
146 149.09999999999999 116.90000000000001 116 115 115.2
127 130 119.3 115.90000000000001 114.90000000000001 119.8
147.59999999999999 152.40000000000001 120 119.09999999999999 118.90000000000001 119.3
132.19999999999999 137.5 127.40000000000001 124.59999999999999 123.59999999999999 138.30000000000001
170.09999999999999 175 139.09999999999999 138.5 138.59999999999999 141.5
157.40000000000001 166.30000000000001 158.80000000000001 149.5 145.59999999999999 158.19999999999999
194.30000000000001 199.59999999999999 155.90000000000001 154.59999999999999 152.59999999999999 152.09999999999999
162.69999999999999 172.5 167.59999999999999 160.5 157.80000000000001 158.09999999999999
197.80000000000001 205.09999999999999 162.19999999999999 162.40000000000001 162.59999999999999 159.5
168.59999999999999 177.09999999999999 172.19999999999999 167 165 169
207.69999999999999 215.90000000000001 170.30000000000001 171.19999999999999 167.90000000000001 163.90000000000001
172.69999999999999 180.90000000000001 177.40000000000001 172 170.5 174.90000000000001
215.19999999999999 222.30000000000001
) }
transform { function=log }
automdl { }
outlier { types=(ao ls tc) }
x11 { mode=mult save=(d10 d11 d12 d13) appendfcst=no appendbcst=no savelog=all }
spectrum { logqs=yes robustsa=no print=all savelog=all }
check { }
