series { title="R35 monthly CPI index" start=2015.1 period=12 data=(
99.5 99.099999999999994 100.3 99.200000000000003 99.5 98.599999999999994
98.200000000000003 97.799999999999997 100.40000000000001 100.59999999999999 100.90000000000001 105.8
106.40000000000001 106.90000000000001 107.2 105.8 106.40000000000001 105.8
106.3 106.5 107.90000000000001 108.90000000000001 109.09999999999999 110.59999999999999
110.40000000000001 111.7 111.5 111.59999999999999 112.3 113.2
112.8 113 113.59999999999999 114.09999999999999 114.09999999999999 115
114.40000000000001 114.09999999999999 115.3 116.09999999999999 118.40000000000001 117.40000000000001
118.3 117.2 117.09999999999999 119.59999999999999 120.2 119.90000000000001
120.7 121.90000000000001 121.8 121.90000000000001 122.8 122.8
122.5 123.3 125.3 127.90000000000001 127.8 129.19999999999999
130 130.80000000000001 132.40000000000001 132.40000000000001 129.90000000000001 129
130.90000000000001 130.40000000000001 134 135.30000000000001 135.30000000000001 135.30000000000001
135.40000000000001 135.40000000000001 135.40000000000001 135.40000000000001 136.19999999999999 135.30000000000001
137 139.69999999999999 142.69999999999999 144.40000000000001 147.69999999999999 149
150.19999999999999 151.40000000000001 153.90000000000001 155.40000000000001 158.40000000000001 159.59999999999999
161.5 162.80000000000001 164.40000000000001 167 169.30000000000001 168.5
171.19999999999999 175.90000000000001 179.40000000000001 179.90000000000001 182.69999999999999 185.09999999999999
186.40000000000001 186.09999999999999 190.69999999999999 190.80000000000001 194 192.69999999999999
198.80000000000001 201.90000000000001 203.30000000000001 202.30000000000001 202.80000000000001 201.69999999999999
202.19999999999999 203.69999999999999 205.59999999999999 208.5 208.90000000000001 209.90000000000001
209.69999999999999 212.30000000000001 216.40000000000001 215.59999999999999 216 214.59999999999999
216.09999999999999 217.5 221.90000000000001 222.5 224.19999999999999 221.90000000000001
227.5 226.59999999999999 227.69999999999999 231 233.5 231.59999999999999
231.30000000000001
) }
transform { function=log }
automdl { }
outlier { types=(ao ls tc) }
x11 { mode=mult save=(d10 d11 d12 d13) appendfcst=no appendbcst=no savelog=all }
spectrum { logqs=yes robustsa=no print=all savelog=all }
check { }
