series { title="R35 monthly CPI index" start=2015.1 period=12 data=(
99.700000000000003 99.900000000000006 99.900000000000006 100.09999999999999 100 100
99.799999999999997 99.799999999999997 99.900000000000006 100.09999999999999 100.3 100.5
100.7 100.59999999999999 100.8 100.90000000000001 100.90000000000001 100.90000000000001
101.09999999999999 101.5 101.5 101.59999999999999 101.8 101.8
102.40000000000001 102.59999999999999 102.8 103 103.09999999999999 103.09999999999999
103.40000000000001 103.5 103.8 104 104.2 104.40000000000001
104.59999999999999 105 105.3 105.7 106.09999999999999 106.3
106.7 107.09999999999999 107.40000000000001 107.5 107.59999999999999 107.8
108.59999999999999 109 109.09999999999999 109.2 109.59999999999999 110.40000000000001
111 111.3 111.5 111.59999999999999 111.7 111.8
113.2 113.7 113.7 113.90000000000001 113.8 113.8
114.09999999999999 114.2 113.7 113.8 113.90000000000001 114
114.7 115 115.2 115.59999999999999 115.90000000000001 116.2
116.90000000000001 117.09999999999999 117.40000000000001 117.8 118.09999999999999 118.5
119.59999999999999 120 120.3 120.8 121.40000000000001 121.59999999999999
122.59999999999999 123.09999999999999 123.5 124.2 125 125.5
126.90000000000001 127.8 128.40000000000001 129.09999999999999 129.69999999999999 130
131.90000000000001 132.5 133.19999999999999 134 134.30000000000001 134.59999999999999
135.80000000000001 136.5 137.5 138.40000000000001 139 139.09999999999999
140.90000000000001 141.30000000000001 141.69999999999999 142.30000000000001 142.69999999999999 143
144.80000000000001 145.59999999999999 146.09999999999999 146.5 146.90000000000001 147.90000000000001
148.80000000000001 149.40000000000001 149.80000000000001 150.59999999999999 151.5 152.19999999999999
153.80000000000001 154.59999999999999 155.09999999999999 155.59999999999999 156.40000000000001 156.59999999999999
157.90000000000001
) }
transform { function=log }
automdl { }
outlier { types=(ao ls tc) }
x11 { mode=mult save=(d10 d11 d12 d13) appendfcst=no appendbcst=no savelog=all }
spectrum { logqs=yes robustsa=no print=all savelog=all }
check { }
