series { title="R35 monthly CPI index" start=2015.1 period=12 data=(
103.59999999999999 102.2 100.59999999999999 100.40000000000001 100.09999999999999 99
99.700000000000003 99.299999999999997 99.099999999999994 99.200000000000003 97.900000000000006 98.799999999999997
97.200000000000003 97.599999999999994 96.900000000000006 97.200000000000003 97.400000000000006 97.400000000000006
97.200000000000003 98.700000000000003 99.700000000000003 99.799999999999997 100.3 99.200000000000003
100.40000000000001 101.5 101.40000000000001 99.400000000000006 100.7 101.5
101.90000000000001 102.2 102.5 102.8 102.7 100.09999999999999
96.599999999999994 96.900000000000006 95.299999999999997 94.400000000000006 93.799999999999997 93.599999999999994
91.799999999999997 91.5 90.299999999999997 89.700000000000003 86.5 85.700000000000003
85.5 84.5 83.799999999999997 83.400000000000006 82.799999999999997 82.200000000000003
82 82.799999999999997 82.700000000000003 83.299999999999997 82.299999999999997 81.900000000000006
84.799999999999997 86 85.900000000000006 86.200000000000003 87.099999999999994 86.400000000000006
88.299999999999997 87.5 87.900000000000006 88.200000000000003 88.299999999999997 87.400000000000006
87.900000000000006 88 88 89.099999999999994 89.900000000000006 90.299999999999997
90.599999999999994 90.700000000000003 91.099999999999994 91.299999999999997 91.900000000000006 94.799999999999997
96.099999999999994 96.799999999999997 98.200000000000003 100.8 104.5 105
105.59999999999999 105.7 105.90000000000001 107.8 106.2 109.2
108.2 111.5 112.7 114.09999999999999 114.59999999999999 113.90000000000001
112.90000000000001 114.09999999999999 115.90000000000001 115.8 110.90000000000001 116
117.90000000000001 118.2 118.8 124.2 124.40000000000001 122.90000000000001
121.8 126 129.30000000000001 128.69999999999999 124.3 129.5
131.80000000000001 134.30000000000001 132.19999999999999 129.90000000000001 131.5 133.5
132.80000000000001 137.19999999999999 139.30000000000001 141.19999999999999 136.69999999999999 140.19999999999999
140.80000000000001 145.69999999999999 142.90000000000001 146.19999999999999 145.40000000000001 143.19999999999999
141.69999999999999
) }
transform { function=log }
automdl { }
outlier { types=(ao ls tc) }
x11 { mode=mult save=(d10 d11 d12 d13) appendfcst=no appendbcst=no savelog=all }
spectrum { logqs=yes robustsa=no print=all savelog=all }
check { }
