series { title="R35 monthly CPI index" start=2015.1 period=12 data=(
99.700000000000003 100.59999999999999 100 100.59999999999999 100.5 100.7
99.599999999999994 100.3 99.400000000000006 99.400000000000006 99.099999999999994 100.09999999999999
99.099999999999994 100.3 100.09999999999999 99.599999999999994 99.900000000000006 100
99.900000000000006 100.09999999999999 99.799999999999997 99.700000000000003 99.5 100
99.900000000000006 100.09999999999999 100.40000000000001 100.90000000000001 100.90000000000001 100.59999999999999
100.59999999999999 101 101 101.40000000000001 101.5 101.90000000000001
101.8 103 102.90000000000001 103.8 103.7 103.09999999999999
103.3 103.90000000000001 103.59999999999999 103.7 104.2 104.8
104.40000000000001 106.40000000000001 106.90000000000001 105.90000000000001 106.59999999999999 106.2
106.59999999999999 107.8 107.8 108.7 108.40000000000001 108
107.90000000000001 109.09999999999999 109.59999999999999 109.40000000000001 110.3 110.59999999999999
111.3 111.2 111.09999999999999 112.3 111.2 112.7
111.3 113.59999999999999 112.59999999999999 113.5 114.7 116.09999999999999
118.09999999999999 118.90000000000001 120 121.09999999999999 123.7 123.8
123.7 125.59999999999999 127.8 129.40000000000001 132.09999999999999 133.30000000000001
136.80000000000001 136.09999999999999 138.40000000000001 140 139.90000000000001 140.5
141.59999999999999 143.19999999999999 143.09999999999999 143.09999999999999 144.09999999999999 144.09999999999999
143.40000000000001 143.30000000000001 142.80000000000001 143.30000000000001 143.30000000000001 143.69999999999999
143.59999999999999 144.09999999999999 145.19999999999999 145.90000000000001 145.40000000000001 146.19999999999999
145.69999999999999 145.40000000000001 146.40000000000001 146.90000000000001 147.09999999999999 147.90000000000001
147.80000000000001 148.59999999999999 147.59999999999999 148.59999999999999 149.30000000000001 150.5
149.30000000000001 149.80000000000001 150.69999999999999 150.80000000000001 151.19999999999999 151.30000000000001
150.90000000000001 150.59999999999999 151.5 151.59999999999999 151.69999999999999 152.80000000000001
153.09999999999999 153
) }
transform { function=log }
automdl { }
outlier { types=(ao ls tc) }
x11 { mode=mult save=(d10 d11 d12 d13) appendfcst=no appendbcst=no savelog=all }
spectrum { logqs=yes robustsa=no print=all savelog=all }
check { }
