series { title="R35 monthly CPI index" start=2015.1 period=12 data=(
99.900000000000006 99.400000000000006 99.900000000000006 100 100.5 99.900000000000006
100.09999999999999 99.400000000000006 99.200000000000003 100.40000000000001 100.5 100.7
100.40000000000001 100.8 100.59999999999999 100.40000000000001 100.7 100.90000000000001
100.5 100.2 99.599999999999994 100.2 100.7 100.5
100.7 100.8 101.59999999999999 101.3 101.40000000000001 101.09999999999999
101.2 100.8 100.59999999999999 101.2 101.7 102.5
102.5 102.90000000000001 103 103.5 103 103.3
103.2 102.59999999999999 102.40000000000001 103.3 104.3 104.40000000000001
103.90000000000001 104.09999999999999 104.40000000000001 104.09999999999999 104.2 104.5
104.5 103.8 104.2 106.09999999999999 106.40000000000001 107.7
107.90000000000001 107.59999999999999 107.8 106.40000000000001 107.2 107.3
107.2 105.90000000000001 105.2 107 107 108.09999999999999
106.59999999999999 106.7 106.7 106.90000000000001 108.40000000000001 108.90000000000001
109.59999999999999 109.3 110.40000000000001 112 112.09999999999999 113.5
114.8 115.8 117.5 118.90000000000001 119.90000000000001 121.3
121.59999999999999 121 121.40000000000001 125.8 127.2 128.30000000000001
129.59999999999999 130.09999999999999 131 131.40000000000001 132.30000000000001 133
133.09999999999999 131 130.19999999999999 132.09999999999999 132 135.69999999999999
135.5 135.69999999999999 135.19999999999999 135.19999999999999 135.80000000000001 134.80000000000001
136 133.30000000000001 132.80000000000001 136 136.5 139.09999999999999
140 139.59999999999999 139.69999999999999 140.30000000000001 141.5 141.19999999999999
140.69999999999999 139.09999999999999 139 141.19999999999999 142.90000000000001 143.40000000000001
143.69999999999999 143.09999999999999 144.5 145 145.30000000000001 145.19999999999999
144.40000000000001
) }
transform { function=log }
automdl { }
outlier { types=(ao ls tc) }
x11 { mode=mult save=(d10 d11 d12 d13) appendfcst=no appendbcst=no savelog=all }
spectrum { logqs=yes robustsa=no print=all savelog=all }
check { }
