series { title="R35 monthly CPI index" start=2015.1 period=12 data=(
95 93.200000000000003 94.799999999999997 101.59999999999999 101.7 101.5
98.400000000000006 96.400000000000006 100.7 105.59999999999999 106 105
101 100.2 101.3 107.40000000000001 106.8 106.8
103.09999999999999 101.40000000000001 104.5 110.40000000000001 110.09999999999999 109.09999999999999
104.5 103 104.09999999999999 110.8 111.2 110.3
107.40000000000001 106 108.2 113.09999999999999 113 111.7
107.5 105.90000000000001 108.09999999999999 114.3 113.59999999999999 112.8
109.7 107.90000000000001 109.8 112.2 115.2 114.59999999999999
112.3 110.90000000000001 111.7 115.3 115.2 114.8
112.09999999999999 111.5 113 115.09999999999999 115.59999999999999 116.09999999999999
114.09999999999999 115.09999999999999 115.40000000000001 117.59999999999999 117.59999999999999 117.09999999999999
114 113.5 115.09999999999999 118.8 118.5 118.3
118.40000000000001 118.2 119.40000000000001 121.90000000000001 122.2 122.8
121.3 123 126.5 131.59999999999999 133.5 134.40000000000001
134.19999999999999 135.5 137.69999999999999 140.30000000000001 142.5 143.30000000000001
139.69999999999999 141 145.19999999999999 151.59999999999999 152.90000000000001 154
152.90000000000001 153.40000000000001 154.69999999999999 156.40000000000001 157.5 157.40000000000001
154.5 155 157.59999999999999 162.30000000000001 163 161.80000000000001
160.90000000000001 161.19999999999999 162.69999999999999 161.59999999999999 160.90000000000001 160.40000000000001
157.5 156.40000000000001 157.19999999999999 159.09999999999999 159.80000000000001 158.59999999999999
154.59999999999999 153.59999999999999 154.69999999999999 155.19999999999999 156.40000000000001 156.40000000000001
151.69999999999999 149.5 151.30000000000001 154.5 154.19999999999999 152.90000000000001
149.90000000000001 148.69999999999999 148.80000000000001 148.80000000000001 148.90000000000001 148.90000000000001
145.40000000000001
) }
transform { function=log }
automdl { }
outlier { types=(ao ls tc) }
x11 { mode=mult save=(d10 d11 d12 d13) appendfcst=no appendbcst=no savelog=all }
spectrum { logqs=yes robustsa=no print=all savelog=all }
check { }
