series { title="R35 monthly CPI index" start=2015.1 period=12 data=(
100.8 100.8 100.8 101.3 101.5 101.5
99.5 98.700000000000003 99.799999999999997 99.200000000000003 98.400000000000006 97.700000000000003
98.900000000000006 99.099999999999994 99.099999999999994 99.299999999999997 98.799999999999997 98.299999999999997
98.799999999999997 98 98 98 100 101
102.5 104.2 103.7 103.2 103.59999999999999 103.90000000000001
104.8 103.90000000000001 104.09999999999999 105.90000000000001 106.3 106.90000000000001
107.5 106.7 106.09999999999999 105.3 106.5 107
105 104.5 105.7 106.2 104.8 106.3
107.40000000000001 108.09999999999999 108.09999999999999 107.40000000000001 110 110.2
109.59999999999999 109.2 108.8 109.5 111.09999999999999 111.7
114.7 114.5 115.5 116.40000000000001 117.2 116.7
114.5 113.8 112.59999999999999 113.3 113.3 111.7
115.2 115.2 115.2 116.09999999999999 115.59999999999999 115.09999999999999
115.5 115.8 114.59999999999999 114.2 115.59999999999999 116.59999999999999
121.5 123.2 124.09999999999999 128.90000000000001 133.40000000000001 136.59999999999999
138.59999999999999 139.19999999999999 139.5 144.09999999999999 146.80000000000001 147.30000000000001
152.5 153.40000000000001 153.90000000000001 151.5 152.90000000000001 152.59999999999999
151.40000000000001 149.80000000000001 147.09999999999999 148.69999999999999 148 145.80000000000001
145.40000000000001 145 143.90000000000001 146.19999999999999 146.09999999999999 145.30000000000001
145.69999999999999 146.40000000000001 147.59999999999999 148.09999999999999 148.80000000000001 147.69999999999999
152.19999999999999 151.19999999999999 152.40000000000001 152 153.80000000000001 154.19999999999999
152.90000000000001 153 151.09999999999999 153 151.59999999999999 149.90000000000001
153.69999999999999 151.59999999999999 150.5 149.69999999999999 150.80000000000001 148.90000000000001
148
) }
transform { function=log }
automdl { }
outlier { types=(ao ls tc) }
x11 { mode=mult save=(d10 d11 d12 d13) appendfcst=no appendbcst=no savelog=all }
spectrum { logqs=yes robustsa=no print=all savelog=all }
check { }
