series { title="R35 monthly CPI index" start=2015.1 period=12 data=(
97.900000000000006 97.900000000000006 98.400000000000006 98.099999999999994 99.700000000000003 99.799999999999997
100.2 101 101 101.7 101.7 102.59999999999999
102.90000000000001 102.8 102.8 103.09999999999999 103.5 102.90000000000001
104.2 103.7 104.2 104 103.5 100.8
103.8 103.90000000000001 104.7 103.5 104 104.8
104.8 104.5 104.2 104.90000000000001 105.40000000000001 104.3
105.90000000000001 106.09999999999999 104.8 106.2 106.40000000000001 106.7
106.90000000000001 106.90000000000001 106.09999999999999 107.8 107.40000000000001 105.5
107.09999999999999 107.3 107.40000000000001 106.09999999999999 107.09999999999999 108
107.3 107.5 107.8 108.09999999999999 107.59999999999999 105.59999999999999
107.2 108.5 109.2 109.09999999999999 109.09999999999999 109.09999999999999
111.09999999999999 109.7 110 106.7 108.40000000000001 108.3
109.5 109.09999999999999 109.5 109.90000000000001 111.5 111.3
111.8 111.90000000000001 113.40000000000001 113.59999999999999 113.5 114.8
117.7 118.40000000000001 121 121.2 123.8 124
124.59999999999999 125.40000000000001 126.7 127.40000000000001 128 128.40000000000001
131.19999999999999 133.5 133 132.90000000000001 134.40000000000001 134.19999999999999
135.69999999999999 134.5 133.30000000000001 134.5 134.30000000000001 133.40000000000001
132.80000000000001 132 131.19999999999999 133.59999999999999 132.5 132.09999999999999
132.80000000000001 132.59999999999999 131 132.80000000000001 131.69999999999999 130.30000000000001
132.09999999999999 133.40000000000001 133.09999999999999 132.19999999999999 132.40000000000001 133.40000000000001
133 133.90000000000001 132.90000000000001 133.5 132.90000000000001 132.30000000000001
133.90000000000001 134.19999999999999 134.90000000000001 134.80000000000001 135 136
135.30000000000001 135.30000000000001
) }
transform { function=log }
automdl { }
outlier { types=(ao ls tc) }
x11 { mode=mult save=(d10 d11 d12 d13) appendfcst=no appendbcst=no savelog=all }
spectrum { logqs=yes robustsa=no print=all savelog=all }
check { }
