series { title="R35 monthly CPI index" start=2015.1 period=12 data=(
100.3 100.2 100.2 100.3 100 99.799999999999997
99.799999999999997 99.799999999999997 99.900000000000006 99.900000000000006 99.900000000000006 99.900000000000006
99.799999999999997 99.799999999999997 99.799999999999997 99.799999999999997 99.799999999999997 99.799999999999997
100 100.09999999999999 100.3 100.3 99.400000000000006 99.400000000000006
99.5 100.40000000000001 100.40000000000001 100.3 100.2 99.900000000000006
99.599999999999994 99.599999999999994 99.5 99.099999999999994 99.099999999999994 98.900000000000006
98.900000000000006 98.900000000000006 98.900000000000006 98.900000000000006 98.799999999999997 98.700000000000003
98.599999999999994 98.599999999999994 98.599999999999994 98.599999999999994 98.599999999999994 98.5
98.299999999999997 98.200000000000003 98.200000000000003 98.200000000000003 98 97.900000000000006
97.700000000000003 97.700000000000003 97.599999999999994 97.299999999999997 95.700000000000003 95.400000000000006
95.5 95.5 94.900000000000006 94.599999999999994 95.099999999999994 95.099999999999994
95.099999999999994 95 95.299999999999997 95.299999999999997 95 95
95 95 95.200000000000003 95.200000000000003 95.200000000000003 95.200000000000003
94.900000000000006 94.900000000000006 94.900000000000006 94.900000000000006 94.799999999999997 94.799999999999997
94.900000000000006 94.900000000000006 95 95 95 95
95.099999999999994 95.099999999999994 95.5 96.299999999999997 96.400000000000006 96.5
96.5 96.599999999999994 97.200000000000003 97.799999999999997 97.799999999999997 97.799999999999997
98.599999999999994 98.400000000000006 98.400000000000006 98.400000000000006 98.400000000000006 98.5
98.5 98.5 98.700000000000003 98.700000000000003 98.799999999999997 100.2
100.09999999999999 100.09999999999999 100 99.900000000000006 99.799999999999997 99.700000000000003
100.09999999999999 100.09999999999999 100.2 100.2 101.2 101.8
101.8 101.8 101.8 101.8 101.8 101.90000000000001
101.59999999999999 102.09999999999999 102.5 102.7 102.59999999999999 102.40000000000001
102.40000000000001 102.3
) }
transform { function=log }
automdl { }
outlier { types=(ao ls tc) }
x11 { mode=mult save=(d10 d11 d12 d13) appendfcst=no appendbcst=no savelog=all }
spectrum { logqs=yes robustsa=no print=all savelog=all }
check { }
