series { title="R35 monthly CPI index" start=2015.1 period=12 data=(
98.599999999999994 97.400000000000006 98.5 101.3 100.90000000000001 100.40000000000001
97.5 97.700000000000003 99.599999999999994 102.7 102.7 102.7
99.099999999999994 98.099999999999994 99.299999999999997 102.09999999999999 101.59999999999999 100.59999999999999
99.099999999999994 98.5 99.700000000000003 103.59999999999999 103.09999999999999 102.7
99 97.900000000000006 98.799999999999997 101.90000000000001 102 100.40000000000001
98.299999999999997 97.700000000000003 99.400000000000006 101.5 101.40000000000001 100.40000000000001
97.299999999999997 96.799999999999997 97.200000000000003 99.700000000000003 99.200000000000003 98.400000000000006
95.799999999999997 95.200000000000003 96.799999999999997 99.099999999999994 98.700000000000003 97.400000000000006
94.700000000000003 93.400000000000006 94 96.400000000000006 96 95.299999999999997
92.900000000000006 92.299999999999997 93.599999999999994 97 97.5 97.599999999999994
95.900000000000006 97.700000000000003 99.099999999999994 100.5 99.099999999999994 99.5
98 97.299999999999997 98.900000000000006 101.5 101.59999999999999 99.900000000000006
99.799999999999997 99.900000000000006 100.40000000000001 101.3 101.59999999999999 103.5
103.8 105 108.09999999999999 112 114.09999999999999 115.40000000000001
116.5 117.2 119.8 122.40000000000001 124.3 125.2
125.59999999999999 126.3 129.59999999999999 134.09999999999999 136.30000000000001 137.19999999999999
136.40000000000001 135.90000000000001 137.69999999999999 139.19999999999999 140 139.90000000000001
139.80000000000001 140.5 141.90000000000001 145 146.69999999999999 146.19999999999999
144.80000000000001 144 145 144.80000000000001 145 144.30000000000001
143 143.40000000000001 144.19999999999999 145.40000000000001 146.19999999999999 145.80000000000001
143.30000000000001 142.59999999999999 143.09999999999999 142.80000000000001 142.80000000000001 142.59999999999999
141.59999999999999 141.80000000000001 142.59999999999999 143.30000000000001 143.80000000000001 143.30000000000001
139.69999999999999 139.69999999999999 140 140.19999999999999 140.19999999999999 139.69999999999999
138.19999999999999
) }
transform { function=log }
automdl { }
outlier { types=(ao ls tc) }
x11 { mode=mult save=(d10 d11 d12 d13) appendfcst=no appendbcst=no savelog=all }
spectrum { logqs=yes robustsa=no print=all savelog=all }
check { }
