series { title="R35 monthly CPI index" start=2015.1 period=12 data=(
102.09999999999999 101.40000000000001 101.09999999999999 99.700000000000003 101.2 101.3
100.90000000000001 99.200000000000003 97.400000000000006 99.900000000000006 99.200000000000003 96.599999999999994
100.2 100.2 100.40000000000001 101.3 100.40000000000001 99.599999999999994
100.40000000000001 101.40000000000001 100.5 98.299999999999997 100.90000000000001 99.299999999999997
101.09999999999999 100.3 102.59999999999999 101.3 102.09999999999999 101.59999999999999
103 102.90000000000001 102.09999999999999 102.5 101.3 101.40000000000001
102.90000000000001 101 101.40000000000001 101.90000000000001 101 101.7
100 103.8 102.2 101.90000000000001 101.09999999999999 101.09999999999999
101.5 103.5 103.5 102.09999999999999 100.40000000000001 102
101.40000000000001 102.2 100.40000000000001 102.5 101 103.40000000000001
102.7 104.90000000000001 105.2 104.3 103.90000000000001 102.5
105.5 105.59999999999999 102.7 103.09999999999999 102.7 102.3
105.5 104.8 104.7 105.8 103.5 104.90000000000001
105.2 104.90000000000001 106 104.5 104.90000000000001 103.90000000000001
109.90000000000001 112.09999999999999 113.09999999999999 113.3 115.7 116.09999999999999
118.8 120.2 120.59999999999999 120.40000000000001 122 121.40000000000001
130.69999999999999 132.40000000000001 133.69999999999999 130.90000000000001 132.09999999999999 133.69999999999999
133 133.19999999999999 133.59999999999999 130.80000000000001 132.30000000000001 130.19999999999999
135.40000000000001 134.30000000000001 133.80000000000001 137.40000000000001 137.30000000000001 135.5
137.30000000000001 138.5 139.09999999999999 138.19999999999999 137.69999999999999 137.5
143.30000000000001 142.09999999999999 143.80000000000001 143.5 146.19999999999999 145.90000000000001
147.30000000000001 146.40000000000001 146.19999999999999 147 144.40000000000001 142.40000000000001
148.90000000000001 144.59999999999999 144.19999999999999 145.5 143.80000000000001 142.90000000000001
144.69999999999999
) }
transform { function=log }
automdl { }
outlier { types=(ao ls tc) }
x11 { mode=mult save=(d10 d11 d12 d13) appendfcst=no appendbcst=no savelog=all }
spectrum { logqs=yes robustsa=no print=all savelog=all }
check { }
