series { title="R35 monthly CPI index" start=2015.1 period=12 data=(
100.90000000000001 100.7 100.5 100 100.09999999999999 100.2
100.5 99.700000000000003 100 99 98.200000000000003 100.3
99.799999999999997 99.700000000000003 98.299999999999997 97.599999999999994 97.099999999999994 97.299999999999997
96.5 96.700000000000003 95.700000000000003 94 94.099999999999994 94
93.5 93 92 91.700000000000003 91.599999999999994 91.299999999999997
91.200000000000003 90.5 89.799999999999997 89.900000000000006 88.5 88
86.900000000000006 86.599999999999994 86.299999999999997 85.900000000000006 85.099999999999994 84.099999999999994
83.400000000000006 82.799999999999997 82.5 81.799999999999997 81.200000000000003 80.700000000000003
79.900000000000006 80.099999999999994 79.200000000000003 79.400000000000006 78.599999999999994 77.599999999999994
77.299999999999997 76.400000000000006 75.799999999999997 76.200000000000003 76 75.700000000000003
75.099999999999994 74.799999999999997 74.700000000000003 74.799999999999997 74.599999999999994 74.700000000000003
74.599999999999994 73.599999999999994 73.299999999999997 73.200000000000003 73 72.900000000000006
72.799999999999997 72.700000000000003 72.799999999999997 72.200000000000003 72.5 73.400000000000006
73.799999999999997 74.299999999999997 76.099999999999994 77 77.799999999999997 78.599999999999994
78.900000000000006 80.099999999999994 80.299999999999997 80.400000000000006 81.099999999999994 81.200000000000003
81.799999999999997 82.299999999999997 82.400000000000006 82.5 82.299999999999997 83.099999999999994
83.5 84.700000000000003 84.599999999999994 85 85.200000000000003 85.200000000000003
85.299999999999997 85.700000000000003 86 86.200000000000003 85.5 86.799999999999997
87.099999999999994 87.599999999999994 87.700000000000003 88.099999999999994 87.799999999999997 86.799999999999997
86.700000000000003 86.099999999999994 88.400000000000006 89.099999999999994 87.5 88.5
88.700000000000003 89.599999999999994 89.200000000000003 88.900000000000006 88.700000000000003 89.200000000000003
89.799999999999997 89.799999999999997 90.700000000000003 92 89 90.299999999999997
90.099999999999994 93 93.400000000000006 94.400000000000006 93.599999999999994 94.200000000000003
94.5
) }
transform { function=log }
automdl { }
outlier { types=(ao ls tc) }
x11 { mode=mult save=(d10 d11 d12 d13) appendfcst=no appendbcst=no savelog=all }
spectrum { logqs=yes robustsa=no print=all savelog=all }
check { }
